#!ascii label  , from subject OAS1_0001-3 vox2ras=TkReg 
2598
63627 -41.340 -1.429 23.269 0.100000
63628 -41.758 -1.362 22.957 0.100000
64229 -41.771 -0.958 23.292 0.100000
64234 -42.324 0.098 23.515 0.100000
64239 -42.083 -0.629 23.185 0.100000
64240 -42.313 -0.172 23.069 0.100000
64244 -42.029 -0.726 22.831 0.100000
64839 -42.623 0.938 24.516 0.100000
64840 -42.705 0.666 24.000 0.100000
64841 -43.015 0.974 24.085 0.100000
64843 -42.580 0.527 23.481 0.100000
64844 -42.914 0.988 23.693 0.100000
65467 -43.082 1.421 25.029 0.100000
65468 -43.227 2.044 25.648 0.100000
65469 -43.633 1.965 25.239 0.100000
65478 -43.245 1.379 24.159 0.100000
66070 -43.968 2.573 26.030 0.100000
66071 -43.088 2.652 26.134 0.100000
66072 -43.959 3.378 26.443 0.100000
66073 -44.520 2.901 25.926 0.100000
66086 -44.045 2.400 25.532 0.100000
66087 -44.240 2.726 25.458 0.100000
66092 -43.686 1.997 24.856 0.100000
66093 -43.894 2.788 24.451 0.100000
66095 -43.410 2.092 23.862 0.100000
66102 -43.290 2.950 20.703 0.100000
66104 -43.492 3.128 19.870 0.100000
66107 -43.393 3.400 19.191 0.100000
66111 -43.529 3.501 18.352 0.100000
66741 -42.827 4.091 26.370 0.200000
66742 -43.850 4.087 26.605 0.200000
66743 -44.638 3.773 26.582 0.100000
66744 -44.868 3.534 26.292 0.100000
66745 -45.129 3.889 26.403 0.100000
66751 -39.722 3.378 25.030 0.100000
66753 -41.402 3.975 25.642 0.100000
66754 -42.322 3.354 26.128 0.200000
66755 -44.941 3.437 25.886 0.100000
66759 -38.043 4.321 24.560 0.100000
66761 -44.327 3.613 23.881 0.100000
66767 -44.250 3.972 21.655 0.100000
66769 -43.675 3.535 20.951 0.100000
66770 -44.319 3.885 20.074 0.100000
66771 -43.997 3.586 19.506 0.100000
66773 -43.781 3.566 19.190 0.100000
66775 -43.963 3.666 18.614 0.100000
66776 -44.638 3.942 18.120 0.100000
66777 -44.895 4.183 18.456 0.100000
66779 -43.349 3.517 17.457 0.100000
66780 -44.047 3.700 17.891 0.100000
66781 -44.530 4.054 17.367 0.100000
66784 -43.848 3.843 17.008 0.100000
66785 -44.301 4.273 16.485 0.100000
67391 -43.162 4.689 26.470 0.200000
67392 -44.669 4.456 26.960 0.200000
67393 -45.058 4.141 26.793 0.200000
67394 -45.352 4.557 26.714 0.200000
67400 -40.758 4.549 25.046 0.100000
67401 -41.621 4.851 25.395 0.200000
67402 -42.455 4.785 26.029 0.200000
67403 -45.332 4.174 25.889 0.100000
67407 -39.548 5.305 24.557 0.100000
67408 -40.225 5.078 24.693 0.100000
67409 -44.993 4.209 24.595 0.100000
67410 -45.601 4.917 23.696 0.200000
67413 -45.030 4.287 23.251 0.200000
67414 -45.623 4.904 22.620 0.200000
67417 -44.957 4.512 21.290 0.100000
67419 -45.006 4.481 20.456 0.100000
67420 -45.804 5.084 20.977 0.200000
67421 -46.556 5.409 20.402 0.200000
67423 -44.559 4.118 19.301 0.100000
67424 -45.737 4.870 20.074 0.200000
67425 -46.412 5.219 19.668 0.100000
67427 -45.425 4.633 19.275 0.200000
67428 -46.134 5.046 18.950 0.100000
67430 -45.426 4.515 18.031 0.100000
67431 -46.163 5.290 17.885 0.100000
67433 -45.121 4.304 17.526 0.100000
67434 -45.802 4.909 17.214 0.100000
67445 -45.099 4.564 16.705 0.100000
67446 -45.684 5.150 16.476 0.100000
67447 -46.277 5.446 16.600 0.100000
68052 -46.077 6.333 27.396 0.300000
68058 -42.992 5.396 26.133 0.200000
68059 -43.913 5.658 26.538 0.200000
68060 -44.584 5.063 27.074 0.200000
68061 -45.198 4.947 27.205 0.200000
68062 -45.675 5.659 26.847 0.300000
68063 -46.449 6.361 27.034 0.300000
68069 -40.909 5.350 24.785 0.100000
68070 -41.682 5.678 24.945 0.100000
68071 -42.435 5.979 25.265 0.200000
68072 -43.241 6.218 25.694 0.200000
68073 -45.846 5.248 26.026 0.200000
68074 -46.618 6.310 24.436 0.400000
68078 -40.196 5.796 24.546 0.100000
68080 -45.939 5.758 23.996 0.200000
68083 -46.210 5.489 22.979 0.200000
68084 -46.831 6.104 23.368 0.400000
68085 -47.811 6.286 21.997 0.200000
68088 -46.251 5.426 21.882 0.200000
68089 -47.083 5.944 21.481 0.200000
68090 -47.949 6.217 21.194 0.200000
68092 -47.238 5.874 20.738 0.200000
68094 -47.995 6.110 20.591 0.200000
68095 -48.601 6.231 20.116 0.200000
68097 -47.104 5.468 19.232 0.100000
68098 -48.184 5.868 19.398 0.100000
68105 -46.664 5.391 18.524 0.100000
68106 -47.704 5.722 18.689 0.100000
68107 -48.900 6.025 18.810 0.100000
68120 -46.671 5.582 17.182 0.100000
68121 -47.654 6.138 17.274 0.100000
68122 -48.229 6.067 18.090 0.100000
68129 -47.176 6.029 16.208 0.100000
68686 -46.074 7.389 27.575 0.300000
68687 -46.353 6.990 27.693 0.300000
68688 -47.057 7.281 27.541 0.500000
68692 -44.085 6.482 26.170 0.200000
68693 -44.948 6.825 26.683 0.200000
68694 -45.754 6.672 27.326 0.300000
68695 -46.871 6.570 26.295 0.400000
68696 -47.200 7.028 26.953 0.400000
68697 -47.492 7.233 26.034 0.400000
68703 -41.794 6.520 24.635 0.200000
68704 -42.658 6.745 24.837 0.200000
68705 -43.461 7.025 25.207 0.200000
68706 -47.243 7.014 25.033 0.400000
68709 -40.955 7.242 24.438 0.200000
68710 -41.949 7.384 24.462 0.200000
68711 -47.628 6.730 23.732 0.400000
68712 -48.204 7.343 24.209 0.400000
68713 -48.781 7.152 23.331 0.300000
68716 -48.620 6.694 22.541 0.300000
68717 -49.475 7.203 22.677 0.300000
68719 -48.785 6.528 21.726 0.200000
68720 -49.391 6.873 22.135 0.300000
68721 -49.723 7.321 22.097 0.300000
68724 -49.018 6.463 20.938 0.200000
68725 -49.995 6.828 20.951 0.200000
68726 -50.020 7.317 21.193 0.200000
68728 -49.821 6.588 20.335 0.200000
68729 -50.547 6.998 20.410 0.200000
68730 -51.097 7.144 19.833 0.300000
68743 -50.210 6.348 18.996 0.200000
68744 -51.608 7.038 19.177 0.200000
68745 -51.385 7.444 19.312 0.200000
68755 -51.132 6.700 18.485 0.100000
68756 -51.815 7.351 18.244 0.200000
68757 -51.839 7.613 18.519 0.200000
68758 -51.973 7.738 17.845 0.200000
68764 -48.622 6.359 17.474 0.100000
68765 -49.451 6.629 17.236 0.100000
68767 -51.893 7.634 17.464 0.100000
68772 -48.517 6.637 16.595 0.100000
69303 -46.055 8.250 27.267 0.400000
69304 -46.721 7.867 27.528 0.400000
69305 -47.684 7.715 27.112 0.500000
69306 -47.428 7.918 27.474 0.500000
69307 -47.996 8.383 27.260 0.500000
69311 -44.850 7.926 26.118 0.200000
69312 -45.563 7.543 26.988 0.200000
69313 -47.919 7.761 26.343 0.500000
69314 -48.242 8.319 26.611 0.600000
69315 -48.641 8.337 25.592 0.500000
69318 -42.736 7.610 24.653 0.200000
69319 -43.470 7.969 24.952 0.200000
69320 -44.220 7.390 25.637 0.200000
69321 -48.262 7.761 25.097 0.500000
69322 -49.352 8.232 24.558 0.500000
69327 -42.112 8.091 24.411 0.200000
69328 -49.270 7.696 24.046 0.500000
69329 -49.803 8.678 24.214 0.600000
69331 -49.658 7.647 23.272 0.400000
69335 -49.802 7.752 22.259 0.300000
69343 -49.847 7.704 21.527 0.300000
69357 -50.575 7.269 20.319 0.200000
69358 -50.190 7.610 20.736 0.200000
69366 -39.232 7.458 18.236 0.100000
69367 -39.177 7.848 19.293 0.100000
69368 -39.896 7.634 18.695 0.100000
69369 -50.766 7.601 20.047 0.200000
69373 -38.639 7.359 17.552 0.100000
69390 -51.970 8.122 17.073 0.100000
69401 -51.709 8.550 16.133 0.100000
69412 -51.595 8.886 15.281 0.100000
69931 -46.617 9.009 27.389 0.400000
69932 -47.450 8.773 27.467 0.600000
69933 -48.460 8.928 26.846 0.700000
69934 -48.156 9.190 27.363 0.600000
69939 -45.313 9.623 26.242 0.400000
69940 -45.948 9.327 26.964 0.500000
69941 -48.757 8.853 25.934 0.600000
69942 -48.882 9.501 26.212 0.700000
69943 -49.325 9.246 25.409 0.700000
69948 -43.496 9.001 24.730 0.200000
69949 -44.157 8.370 25.293 0.300000
69950 -49.377 8.734 25.002 0.500000
69951 -49.704 9.272 24.637 0.600000
69954 -41.850 8.810 24.374 0.100000
69955 -42.679 8.507 24.549 0.200000
69956 -49.850 9.241 24.127 0.600000
69958 -49.712 8.600 23.348 0.600000
69961 -46.981 8.671 21.939 0.500000
69962 -45.965 9.053 22.041 0.600000
69963 -46.929 9.247 22.513 0.500000
69964 -49.018 8.647 22.751 0.400000
69965 -49.274 9.322 23.436 0.500000
69966 -49.593 8.089 22.064 0.400000
69977 -46.260 8.613 21.319 0.400000
69978 -45.438 8.898 21.253 0.500000
69979 -47.097 8.417 21.241 0.400000
69980 -48.305 8.354 21.672 0.400000
69981 -49.559 8.054 21.194 0.300000
69985 -38.598 8.504 20.112 0.100000
69986 -38.851 9.556 20.446 0.100000
69987 -39.514 8.780 19.902 0.100000
69988 -45.102 8.739 20.437 0.400000
69989 -44.251 9.050 20.329 0.500000
69990 -46.376 8.462 19.538 0.400000
69991 -47.170 8.402 19.951 0.200000
69992 -48.111 8.299 19.993 0.200000
69993 -49.588 8.134 20.088 0.200000
69996 -40.112 8.206 19.301 0.100000
69997 -40.316 9.031 19.769 0.100000
69999 -41.600 8.799 19.460 0.100000
70000 -42.017 8.356 18.825 0.100000
70002 -42.707 8.378 18.843 0.100000
70003 -43.038 8.879 19.551 0.100000
70004 -44.267 8.366 18.897 0.200000
70005 -43.809 8.748 19.620 0.400000
70006 -45.093 8.444 18.910 0.200000
70007 -45.806 8.420 18.949 0.200000
70008 -47.427 8.479 19.145 0.200000
70009 -48.209 8.532 18.646 0.200000
70010 -49.415 8.464 18.822 0.200000
70011 -50.713 8.094 19.354 0.200000
70015 -43.150 8.058 18.023 0.100000
70016 -43.958 8.149 18.008 0.100000
70017 -44.807 8.370 18.058 0.200000
70018 -46.508 8.535 17.302 0.100000
70019 -47.442 8.524 18.074 0.100000
70020 -48.543 8.679 17.886 0.200000
70021 -49.850 8.779 17.841 0.100000
70022 -51.137 8.864 17.893 0.200000
70023 -51.822 8.355 17.744 0.100000
70026 -43.703 7.857 17.115 0.100000
70027 -45.402 8.396 17.176 0.100000
70029 -47.039 9.166 16.285 0.100000
70030 -49.018 9.028 16.968 0.100000
70031 -50.501 9.337 16.954 0.100000
70032 -51.440 9.064 17.181 0.100000
70033 -51.779 8.800 16.709 0.100000
70041 -48.236 9.382 16.205 0.100000
70042 -49.506 9.559 16.128 0.100000
70577 -46.396 10.119 27.335 0.500000
70578 -46.895 10.864 27.551 0.600000
70579 -47.630 10.517 27.594 0.500000
70580 -48.217 10.070 27.469 0.600000
70581 -48.600 9.678 27.085 0.700000
70586 -45.149 10.577 26.079 0.300000
70587 -45.785 10.380 26.796 0.400000
70588 -48.938 10.259 26.585 0.800000
70589 -49.529 10.062 25.366 0.700000
70594 -43.564 10.612 25.020 0.300000
70595 -44.043 9.741 25.115 0.300000
70596 -49.735 9.819 24.471 0.700000
70598 -40.101 10.489 24.822 0.100000
70599 -40.830 9.989 24.601 0.100000
70600 -41.626 9.635 24.461 0.100000
70601 -42.506 9.490 24.502 0.100000
70602 -49.701 10.059 24.262 0.600000
70604 -47.938 10.446 23.374 0.500000
70605 -49.538 10.017 23.907 0.600000
70606 -49.818 9.248 23.897 0.600000
70609 -45.434 9.816 22.164 0.600000
70610 -46.204 9.698 22.498 0.700000
70611 -46.949 10.049 22.983 0.500000
70622 -44.701 9.261 21.061 0.600000
70623 -44.135 9.832 20.768 0.600000
70624 -44.616 10.007 21.648 0.600000
70630 -39.329 10.431 20.445 0.100000
70631 -39.814 9.665 20.209 0.100000
70632 -41.034 9.276 19.854 0.100000
70633 -41.060 9.990 20.334 0.200000
70634 -41.802 9.533 20.086 0.200000
70635 -42.268 10.131 20.556 0.300000
70636 -42.641 9.492 20.089 0.100000
70637 -42.922 10.033 20.541 0.400000
70638 -43.447 9.477 20.269 0.300000
70639 -43.489 10.427 20.876 0.400000
70645 -51.258 9.374 16.346 0.100000
70649 -50.084 9.956 15.329 0.100000
70651 -51.597 9.156 15.724 0.100000
71170 -46.717 11.821 27.470 0.500000
71171 -47.466 11.477 27.635 0.500000
71172 -48.268 11.054 27.564 0.600000
71173 -48.807 11.010 27.087 0.700000
71179 -45.606 11.333 26.596 0.400000
71180 -46.219 11.150 27.244 0.600000
71181 -49.203 10.929 26.074 0.800000
71185 -39.502 11.048 25.261 0.100000
71186 -44.021 11.394 25.345 0.200000
71187 -44.875 11.417 25.884 0.300000
71188 -49.787 10.551 24.641 0.600000
71191 -40.242 11.534 24.905 0.100000
71192 -40.893 10.879 24.641 0.100000
71193 -42.227 11.384 24.686 0.100000
71194 -42.637 10.483 24.636 0.200000
71195 -49.722 11.024 24.282 0.700000
71197 -48.232 11.468 23.391 0.800000
71198 -48.999 10.759 23.665 0.700000
71199 -49.624 10.766 24.054 0.700000
71201 -45.446 11.431 22.262 0.800000
71202 -46.032 10.629 22.611 0.700000
71203 -47.063 11.097 23.187 0.800000
71214 -44.127 10.519 21.192 0.600000
71215 -43.817 11.243 21.380 0.700000
71216 -44.522 11.115 21.834 0.700000
71221 -40.264 10.486 20.390 0.200000
71222 -41.091 10.828 20.554 0.300000
71223 -41.902 10.983 20.839 0.300000
71224 -42.691 10.689 20.917 0.400000
71699 -47.299 12.335 27.558 0.600000
71700 -48.053 11.992 27.615 0.700000
71704 -45.435 12.138 26.381 0.400000
71705 -45.967 12.824 26.949 0.500000
71706 -46.608 12.671 27.352 0.500000
71707 -48.860 11.677 26.642 0.800000
71708 -48.790 12.295 26.152 0.900000
71711 -39.142 12.303 25.931 0.100000
71712 -39.510 11.975 25.394 0.100000
71713 -40.025 12.405 25.159 0.100000
71714 -43.664 12.393 25.140 0.200000
71715 -44.514 12.142 25.622 0.300000
71716 -49.353 11.576 25.605 0.900000
71717 -49.721 11.314 24.762 0.700000
71720 -40.643 12.314 24.812 0.100000
71721 -42.152 12.226 24.692 0.100000
71722 -42.956 11.992 24.964 0.100000
71723 -49.584 11.690 24.323 0.800000
71725 -49.284 11.721 23.776 0.900000
71727 -45.891 12.333 22.084 0.800000
71728 -46.433 11.732 22.642 0.800000
71729 -47.478 12.088 22.954 0.800000
71740 -43.378 12.102 21.430 0.600000
71741 -42.498 11.501 21.145 0.500000
71742 -44.300 12.060 21.638 0.700000
71743 -45.092 12.832 21.624 0.800000
71749 -39.048 12.010 20.473 0.100000
71750 -40.452 11.495 20.569 0.400000
71751 -41.269 11.688 20.759 0.300000
72236 -48.421 12.429 27.150 0.800000
72241 -39.635 13.780 26.894 0.100000
72242 -45.944 13.477 26.611 0.400000
72243 -46.700 13.550 27.154 0.500000
72244 -47.320 13.117 27.391 0.600000
72245 -48.054 13.252 27.166 0.800000
72246 -48.407 12.996 26.663 0.800000
72249 -39.564 12.986 25.767 0.100000
72250 -40.435 13.257 25.112 0.100000
72251 -44.481 12.854 25.451 0.300000
72252 -45.380 12.778 26.096 0.400000
72253 -49.343 12.159 25.001 0.900000
72254 -48.646 12.904 25.753 0.900000
72256 -41.359 13.767 24.736 0.100000
72257 -42.054 12.942 24.540 0.100000
72258 -43.563 13.186 24.827 0.100000
72259 -49.284 12.375 24.096 0.900000
72260 -48.614 13.130 23.996 0.900000
72262 -48.377 12.452 23.209 0.800000
72263 -48.760 12.704 23.448 0.900000
72265 -47.069 12.520 22.140 0.800000
72266 -48.015 12.856 22.293 0.800000
72267 -48.431 13.212 22.611 0.800000
72268 -48.491 13.772 22.182 0.900000
72279 -42.605 12.379 21.219 0.600000
72280 -43.174 12.894 21.315 0.700000
72281 -43.956 12.871 21.493 0.600000
72282 -46.347 13.064 21.669 0.800000
72283 -47.580 13.234 21.655 0.800000
72284 -48.356 13.677 21.739 0.800000
72293 -39.915 12.989 20.447 0.200000
72294 -41.281 13.226 20.587 0.500000
72295 -41.987 12.861 20.915 0.600000
72296 -42.641 13.407 20.981 0.700000
72730 -35.181 13.788 27.299 0.100000
72731 -34.434 14.207 27.408 0.100000
72736 -39.586 14.221 27.223 0.100000
72742 -47.135 14.439 26.925 0.700000
72743 -47.580 13.913 27.146 0.700000
72744 -48.170 13.737 26.500 0.900000
72745 -47.693 14.528 26.592 0.900000
72748 -39.889 14.070 25.976 0.100000
72749 -40.515 14.259 25.411 0.100000
72750 -40.942 14.835 25.349 0.100000
72751 -44.369 13.512 25.254 0.300000
72752 -44.792 14.210 25.398 0.300000
72753 -45.832 14.332 26.196 0.500000
72754 -48.378 13.481 25.264 0.900000
72755 -48.038 14.286 25.901 0.900000
72757 -42.472 13.476 24.526 0.100000
72758 -43.007 14.012 24.488 0.100000
72759 -43.845 14.104 24.832 0.300000
72760 -48.006 14.055 24.605 0.900000
72762 -48.425 13.724 23.372 0.900000
72763 -48.539 14.063 22.370 0.900000
72765 -48.600 14.135 21.671 0.900000
72773 -44.540 13.548 21.147 0.700000
72774 -45.694 13.591 21.201 0.800000
72775 -46.971 13.650 21.152 0.800000
72776 -48.219 13.853 21.064 0.800000
72777 -48.742 14.371 21.114 0.800000
72786 -35.113 13.723 20.227 0.100000
72788 -35.567 14.506 19.710 0.100000
72791 -39.171 13.485 20.173 0.200000
72792 -40.026 13.725 20.208 0.300000
72793 -40.751 13.882 20.283 0.300000
72794 -41.392 13.988 20.366 0.500000
72795 -41.950 13.672 20.591 0.600000
72796 -43.148 14.208 20.704 0.700000
72797 -44.078 14.256 20.734 0.700000
72798 -45.132 14.136 20.639 0.700000
72799 -46.334 14.137 20.615 0.800000
72800 -47.707 14.163 20.484 0.800000
72801 -48.690 14.543 20.581 0.800000
72806 -36.952 14.296 19.666 0.100000
72807 -37.795 14.296 19.643 0.100000
72808 -38.685 14.249 19.701 0.200000
72809 -39.536 14.266 19.753 0.300000
72810 -41.037 14.524 20.005 0.600000
73197 -39.881 14.819 27.251 0.100000
73201 -35.274 14.411 26.019 0.200000
73203 -36.272 14.403 26.052 0.100000
73205 -37.707 15.303 25.631 0.100000
73207 -39.646 15.305 27.083 0.100000
73208 -40.058 14.561 27.135 0.100000
73209 -40.158 15.281 26.996 0.200000
73216 -36.619 14.887 25.458 0.100000
73217 -40.580 15.480 26.089 0.200000
73218 -42.028 14.610 24.711 0.200000
73219 -41.334 15.443 25.376 0.200000
73220 -42.212 15.701 25.082 0.300000
73221 -45.083 15.786 25.496 0.600000
73222 -46.053 15.455 26.137 0.800000
73223 -46.666 14.880 26.571 0.600000
73224 -47.259 15.114 26.459 0.700000
73225 -47.655 14.999 25.777 0.900000
73228 -43.104 14.869 24.628 0.300000
73229 -44.230 15.083 24.954 0.400000
73230 -47.565 14.903 24.500 0.900000
73232 -48.034 14.303 23.380 0.900000
73233 -47.507 14.990 23.346 0.900000
73235 -48.209 14.644 22.324 0.900000
73236 -48.778 14.584 21.383 0.900000
73239 -49.017 14.859 20.742 0.800000
73248 -34.376 14.730 19.899 0.100000
73249 -33.901 15.137 20.031 0.100000
73250 -34.833 14.380 19.853 0.100000
73251 -41.856 14.504 20.141 0.600000
73252 -43.639 14.892 20.276 0.700000
73253 -44.622 14.780 20.186 0.700000
73254 -45.724 14.653 20.049 0.700000
73255 -46.970 14.570 19.912 0.800000
73256 -48.115 14.798 19.971 0.800000
73257 -48.758 15.114 20.144 0.800000
73261 -34.429 15.414 19.644 0.100000
73262 -34.961 14.994 19.472 0.100000
73263 -36.350 14.947 19.328 0.100000
73264 -37.242 14.990 19.243 0.100000
73265 -38.243 15.119 19.201 0.200000
73266 -39.090 15.421 18.850 0.300000
73267 -39.890 14.980 19.259 0.300000
73268 -40.644 14.911 19.493 0.500000
73269 -41.323 15.101 19.520 0.600000
73270 -43.183 15.435 19.626 0.600000
73271 -44.177 15.373 19.595 0.700000
73272 -45.175 15.009 19.335 0.700000
73273 -46.299 15.062 19.338 0.800000
73274 -47.454 15.041 19.292 0.800000
73275 -48.277 15.253 19.382 0.800000
73279 -39.811 15.557 18.589 0.600000
73681 -38.892 15.556 26.217 0.100000
73682 -39.677 15.813 26.625 0.100000
73683 -40.026 15.715 26.853 0.100000
73684 -40.419 15.970 26.296 0.300000
73690 -35.003 15.186 24.992 0.100000
73691 -36.003 15.199 24.842 0.100000
73692 -36.818 15.388 24.974 0.100000
73693 -37.461 15.934 24.715 0.100000
73694 -38.340 15.830 25.353 0.100000
73695 -39.205 16.027 25.740 0.100000
73696 -41.206 16.677 25.457 0.200000
73697 -41.975 16.526 25.428 0.400000
73698 -43.305 15.774 24.787 0.400000
73699 -42.660 16.374 25.091 0.300000
73700 -43.414 16.596 24.982 0.400000
73701 -45.959 16.485 25.819 0.800000
73702 -46.782 15.639 26.289 0.700000
73703 -47.266 15.545 25.285 0.900000
73704 -46.856 16.352 25.239 0.900000
73709 -34.536 15.885 24.551 0.100000
73710 -35.520 15.831 24.421 0.100000
73711 -36.454 15.837 24.471 0.100000
73712 -44.187 16.097 25.001 0.700000
73713 -47.028 15.589 24.292 0.900000
73714 -46.990 15.671 23.293 0.900000
73715 -46.615 16.400 23.958 0.900000
73717 -46.958 16.468 22.621 0.900000
73718 -48.530 15.057 21.596 0.900000
73719 -47.955 15.940 21.394 0.900000
73721 -49.025 15.122 20.923 0.800000
73722 -48.966 15.112 20.398 0.800000
73731 -48.642 15.552 19.780 0.800000
73735 -34.400 16.207 19.475 0.100000
73736 -35.053 15.727 19.123 0.100000
73737 -36.187 15.555 18.747 0.100000
73738 -35.757 16.027 18.495 0.100000
73739 -37.436 15.546 18.527 0.100000
73740 -38.277 15.728 18.309 0.100000
73741 -40.666 15.453 18.848 0.600000
73742 -42.697 15.803 18.855 0.600000
73743 -43.728 15.803 18.846 0.600000
73744 -44.697 15.426 18.648 0.600000
73745 -45.715 15.387 18.630 0.600000
73746 -46.839 15.385 18.643 0.800000
73747 -47.740 15.390 18.760 0.800000
73748 -48.295 15.760 18.621 0.800000
73749 -48.737 16.021 18.942 0.800000
73753 -36.689 15.920 18.106 0.100000
73754 -37.582 16.088 17.808 0.100000
73755 -39.117 16.035 18.030 0.400000
73756 -38.266 16.228 17.703 0.300000
73757 -40.175 15.901 18.014 0.600000
73758 -41.181 15.990 18.158 0.600000
73759 -42.225 16.127 18.176 0.600000
73760 -43.265 16.122 18.096 0.600000
73761 -44.247 15.878 17.983 0.600000
73762 -45.196 15.610 17.911 0.600000
73763 -46.253 15.641 17.943 0.700000
73764 -47.424 15.802 18.030 0.800000
73765 -48.197 16.206 17.772 0.800000
73766 -48.666 16.431 18.072 0.800000
73770 -38.633 16.648 17.266 0.300000
73771 -39.577 16.544 17.359 0.400000
73772 -40.644 16.480 17.474 0.600000
73773 -41.739 16.452 17.550 0.600000
73774 -42.807 16.362 17.449 0.600000
73775 -43.793 16.210 17.335 0.600000
73776 -44.746 16.030 17.308 0.600000
73777 -45.725 15.880 17.283 0.700000
73778 -47.863 16.126 17.153 0.800000
74143 -39.969 16.189 26.329 0.100000
74147 -33.407 16.677 24.797 0.100000
74148 -38.504 16.450 24.797 0.100000
74149 -39.516 16.569 25.302 0.100000
74150 -40.299 16.635 25.547 0.200000
74151 -40.627 17.419 24.852 0.100000
74152 -42.449 17.715 24.998 0.500000
74153 -42.719 17.124 25.231 0.500000
74154 -44.935 16.690 25.457 0.800000
74155 -43.680 17.365 25.155 0.800000
74156 -45.561 17.499 25.634 0.800000
74157 -46.355 17.369 25.649 0.800000
74158 -46.612 17.141 25.411 0.900000
74163 -33.989 16.596 24.286 0.200000
74164 -35.053 16.631 23.986 0.200000
74165 -36.108 16.412 23.972 0.200000
74166 -36.873 16.340 24.164 0.200000
74167 -37.572 16.683 24.166 0.200000
74168 -38.374 17.249 24.069 0.200000
74169 -39.098 17.019 24.607 0.100000
74170 -39.805 17.248 24.874 0.100000
74171 -46.694 17.376 24.797 0.900000
74173 -34.981 17.494 23.502 0.200000
74174 -35.907 17.137 23.541 0.200000
74175 -36.780 16.895 23.760 0.200000
74176 -46.372 17.452 23.515 0.900000
74178 -46.813 17.824 22.453 1.000000
74179 -47.236 17.112 21.698 1.000000
74181 -48.469 15.967 20.277 0.800000
74182 -47.751 17.212 20.807 0.900000
74189 -32.623 17.399 19.899 0.100000
74190 -48.282 17.406 19.883 0.900000
74191 -48.682 16.450 19.303 0.800000
74195 -33.431 17.251 19.634 0.100000
74196 -35.051 16.483 18.866 0.100000
74197 -34.980 17.189 18.734 0.100000
74198 -48.837 16.864 18.521 0.800000
74202 -35.612 16.866 18.319 0.100000
74203 -36.370 16.633 17.897 0.100000
74204 -37.207 16.660 17.455 0.100000
74205 -37.894 16.654 17.271 0.200000
74206 -49.008 17.068 17.702 0.800000
74210 -36.850 17.154 17.427 0.200000
74211 -37.729 17.036 17.026 0.200000
74212 -38.994 17.101 16.674 0.400000
74213 -38.239 17.132 16.711 0.300000
74214 -40.014 17.123 16.704 0.600000
74215 -41.183 16.979 16.896 0.600000
74216 -42.280 16.798 16.869 0.600000
74217 -43.309 16.534 16.709 0.600000
74218 -44.306 16.381 16.648 0.600000
74219 -45.293 16.252 16.655 0.600000
74220 -46.318 16.147 16.626 0.700000
74221 -48.124 16.414 16.361 0.800000
74222 -48.791 16.598 17.006 0.800000
74223 -49.041 17.033 16.503 0.900000
74227 -38.690 17.405 16.240 0.300000
74228 -39.344 17.461 15.995 0.400000
74229 -40.656 17.475 16.175 0.600000
74230 -41.676 17.391 16.219 0.600000
74231 -42.698 17.136 16.104 0.600000
74232 -43.811 16.839 15.849 0.600000
74233 -42.890 17.375 15.272 0.500000
74234 -44.918 16.560 15.949 0.600000
74235 -45.938 16.480 15.942 0.600000
74236 -47.165 16.442 15.885 0.700000
74237 -48.729 16.837 16.033 0.800000
74238 -48.740 17.332 15.857 0.900000
74240 -44.759 17.030 15.256 0.600000
74241 -46.589 16.719 15.126 0.700000
74242 -45.847 17.143 14.607 0.700000
74243 -47.784 16.793 14.957 0.800000
74244 -48.103 17.322 14.439 0.900000
74245 -48.560 17.023 15.170 0.800000
74248 -47.210 17.109 14.327 0.700000
74651 -33.102 18.139 26.189 0.100000
74656 -33.054 17.382 24.953 0.100000
74657 -32.982 18.095 25.328 0.100000
74658 -41.602 17.522 24.941 0.200000
74659 -42.794 18.472 24.689 0.600000
74660 -43.328 18.024 25.109 0.600000
74661 -44.071 18.703 25.228 0.700000
74662 -44.980 18.423 25.617 0.700000
74663 -46.015 18.356 25.595 0.800000
74664 -46.535 18.179 25.244 0.900000
74669 -33.058 18.154 24.620 0.100000
74670 -33.464 17.417 24.185 0.100000
74671 -39.318 17.591 24.204 0.100000
74672 -40.010 17.885 24.397 0.200000
74673 -40.369 18.495 24.033 0.300000
74674 -41.028 18.087 24.367 0.200000
74675 -41.989 18.456 24.407 0.400000
74676 -46.400 18.315 24.316 0.900000
74680 -34.073 17.909 23.546 0.100000
74681 -34.767 18.286 23.129 0.300000
74682 -35.663 17.906 23.024 0.200000
74683 -36.757 17.623 23.237 0.300000
74684 -37.854 17.736 23.398 0.300000
74685 -38.844 17.860 23.552 0.200000
74686 -39.636 18.224 23.840 0.300000
74687 -46.295 18.526 23.177 0.900000
74689 -47.029 19.056 22.292 0.900000
74690 -47.446 18.324 21.558 1.000000
74692 -48.013 18.763 20.622 0.900000
74697 -31.019 17.726 20.523 0.100000
74698 -32.284 17.986 19.813 0.100000
74699 -48.310 18.413 19.734 0.900000
74700 -48.699 17.591 19.111 0.900000
74703 -33.108 18.059 19.518 0.100000
74704 -33.891 18.409 19.087 0.100000
74705 -34.520 17.816 18.906 0.100000
74706 -48.786 17.661 18.350 0.800000
74710 -35.395 17.792 18.382 0.100000
74711 -36.147 17.354 17.871 0.100000
74712 -48.914 17.641 17.534 0.800000
74715 -36.614 17.761 17.437 0.200000
74716 -37.289 17.519 17.051 0.200000
74717 -37.824 17.338 16.764 0.200000
74718 -37.693 17.818 16.657 0.200000
74719 -49.042 17.548 16.735 0.900000
74722 -38.338 17.597 16.293 0.300000
74723 -38.875 17.655 15.778 0.400000
74724 -40.034 17.706 15.453 0.400000
74725 -39.740 17.990 15.026 0.300000
74726 -41.042 17.699 15.394 0.300000
74727 -41.993 17.558 15.386 0.600000
74730 -40.611 17.920 14.857 0.300000
74731 -41.445 17.823 14.746 0.500000
74732 -42.211 17.700 14.654 0.500000
74733 -41.810 17.978 14.299 0.500000
74734 -43.727 17.314 14.954 0.600000
74735 -48.198 17.890 14.017 0.900000
74736 -48.473 17.589 14.849 0.900000
74740 -42.538 18.054 14.102 0.500000
74741 -43.564 17.849 14.294 0.500000
74742 -45.459 17.646 13.963 0.700000
74743 -44.494 18.104 13.832 0.500000
74744 -46.589 17.595 13.768 0.700000
74745 -47.654 17.695 13.764 0.900000
74749 -47.122 18.249 13.174 0.800000
75131 -32.003 18.560 29.670 0.100000
75132 -31.384 18.868 30.042 0.100000
75133 -32.292 18.741 30.243 0.100000
75134 -32.766 18.401 29.629 0.100000
75135 -33.347 18.702 30.277 0.100000
75141 -31.438 18.627 29.203 0.100000
75142 -30.809 18.886 28.818 0.100000
75143 -30.660 18.961 29.456 0.100000
75144 -32.295 18.342 29.102 0.100000
75149 -31.439 19.038 28.165 0.100000
75150 -31.899 18.529 28.606 0.100000
75154 -32.260 18.996 27.364 0.100000
75155 -32.798 18.817 26.705 0.100000
75157 -33.061 18.833 25.965 0.100000
75160 -33.041 18.895 25.058 0.100000
75161 -43.393 18.975 24.774 0.900000
75162 -44.659 19.293 25.348 0.700000
75163 -45.565 19.191 25.497 0.700000
75164 -46.250 19.143 25.262 0.800000
75165 -45.883 19.837 25.097 0.800000
75170 -33.402 19.285 23.868 0.200000
75171 -41.220 18.811 23.938 0.400000
75172 -42.727 19.319 24.355 0.700000
75173 -43.410 19.836 24.557 0.800000
75174 -46.275 19.688 24.819 0.900000
75175 -46.326 19.747 24.126 0.900000
75180 -33.997 18.823 23.241 0.100000
75181 -35.261 18.771 22.690 0.300000
75182 -34.500 19.409 22.753 0.300000
75183 -36.282 18.409 22.624 0.300000
75184 -37.323 18.281 22.748 0.300000
75185 -38.328 18.283 22.900 0.300000
75186 -39.232 18.418 23.120 0.300000
75187 -39.945 18.803 23.503 0.300000
75188 -40.656 19.015 23.580 0.400000
75189 -41.318 19.228 23.538 0.400000
75190 -42.046 19.366 23.862 0.400000
75191 -46.473 19.628 22.981 0.900000
75193 -35.875 19.199 22.233 0.300000
75194 -36.837 18.938 22.183 0.300000
75195 -37.808 18.854 22.299 0.300000
75196 -38.747 18.875 22.429 0.300000
75197 -39.601 19.003 22.716 0.400000
75198 -47.710 19.576 21.513 1.000000
75200 -48.005 19.829 20.931 1.000000
75206 -31.770 19.220 19.925 0.200000
75207 -48.411 18.413 19.159 0.900000
75208 -47.977 19.239 20.076 1.000000
75212 -32.430 18.646 19.645 0.200000
75213 -33.196 18.894 19.240 0.100000
75214 -45.813 18.941 18.863 1.000000
75215 -44.614 18.934 19.093 1.000000
75216 -46.731 18.769 18.274 1.000000
75217 -47.061 19.317 19.305 1.000000
75218 -48.408 18.300 18.374 0.900000
75219 -48.034 18.883 19.332 1.000000
75225 -33.926 19.137 18.807 0.200000
75226 -34.690 19.364 18.421 0.200000
75227 -35.537 18.709 18.121 0.200000
75228 -45.774 18.753 17.751 1.000000
75229 -44.735 18.939 18.021 1.000000
75230 -47.743 18.539 17.821 1.000000
75231 -47.708 18.919 18.882 1.000000
75232 -48.638 18.082 17.279 1.000000
75236 -36.331 18.484 17.555 0.200000
75237 -37.003 18.173 17.052 0.200000
75238 -36.742 19.140 17.232 0.200000
75239 -45.215 19.312 17.083 1.000000
75240 -46.789 18.653 17.326 1.000000
75241 -46.065 19.250 16.198 0.900000
75242 -47.875 18.333 16.837 1.000000
75243 -48.626 17.855 16.331 0.900000
75247 -37.506 18.635 16.743 0.200000
75248 -38.158 18.248 16.260 0.300000
75249 -38.692 17.988 15.701 0.300000
75250 -38.638 18.780 15.836 0.300000
75251 -46.862 19.107 15.239 0.900000
75252 -47.863 18.469 15.186 0.900000
75253 -47.601 18.906 14.188 0.900000
75254 -48.549 17.903 15.381 0.900000
75258 -39.219 18.330 15.354 0.300000
75259 -39.913 18.582 15.033 0.300000
75260 -41.232 18.233 14.474 0.400000
75261 -40.811 18.910 14.746 0.300000
75262 -48.290 18.119 14.464 0.900000
75266 -41.648 18.817 14.300 0.500000
75267 -41.935 18.354 14.030 0.500000
75268 -42.583 18.628 13.705 0.500000
75269 -43.405 18.436 13.706 0.500000
75270 -43.328 19.073 13.280 0.500000
75271 -47.928 18.349 13.731 0.900000
75272 -47.747 18.405 13.471 0.900000
75274 -44.484 18.834 13.085 0.600000
75275 -45.618 18.963 12.612 0.800000
75276 -46.640 18.900 12.582 0.800000
75277 -46.236 19.563 12.263 0.800000
75278 -47.246 19.665 12.195 0.900000
75279 -47.519 19.033 12.758 0.900000
75623 -31.859 19.152 30.623 0.100000
75624 -31.258 19.535 30.595 0.100000
75625 -31.932 19.728 31.090 0.100000
75626 -32.588 19.187 30.876 0.100000
75639 -30.095 19.389 29.590 0.100000
75640 -29.919 19.902 30.105 0.100000
75641 -30.589 19.367 30.094 0.100000
75642 -30.607 20.118 30.561 0.100000
75652 -30.042 19.186 28.990 0.100000
75653 -29.506 19.866 29.297 0.100000
75655 -30.387 19.387 28.343 0.100000
75656 -29.583 19.742 28.451 0.100000
75658 -29.949 19.935 27.704 0.100000
75659 -30.893 19.868 27.672 0.100000
75660 -31.776 19.779 27.411 0.100000
75661 -32.586 19.540 26.781 0.100000
75663 -33.117 19.557 25.923 0.100000
75666 -33.184 19.306 24.540 0.100000
75667 -33.182 19.710 25.108 0.100000
75668 -33.364 19.880 24.418 0.200000
75669 -45.136 19.738 25.172 0.800000
75674 -33.563 19.987 23.785 0.200000
75675 -42.846 20.001 24.100 0.800000
75676 -43.582 20.328 24.212 0.800000
75677 -44.291 19.995 24.788 0.800000
75678 -45.186 20.194 24.595 0.800000
75679 -45.927 20.197 24.264 0.900000
75683 -33.828 19.722 23.241 0.200000
75684 -40.898 19.301 23.046 0.500000
75685 -41.758 19.505 23.132 0.600000
75686 -43.151 20.208 23.640 0.800000
75687 -43.860 20.513 23.790 0.900000
75688 -46.171 20.191 23.287 0.900000
75692 -34.200 20.255 22.799 0.200000
75693 -34.748 19.990 22.429 0.300000
75694 -36.378 19.718 21.773 0.300000
75695 -35.402 20.095 22.017 0.300000
75696 -37.329 19.493 21.752 0.300000
75697 -38.257 19.403 21.758 0.400000
75698 -39.264 19.420 21.767 0.500000
75699 -40.240 19.357 22.317 0.500000
75700 -41.118 19.470 22.334 0.600000
75701 -41.945 19.459 22.238 0.600000
75702 -42.825 19.415 22.208 0.700000
75703 -43.909 19.598 22.233 0.900000
75704 -43.877 20.273 23.182 0.800000
75705 -44.718 20.421 22.682 1.000000
75706 -47.617 20.228 21.528 1.000000
75707 -46.885 20.378 22.309 1.000000
75709 -36.050 20.618 21.536 0.400000
75710 -36.941 20.260 21.461 0.300000
75711 -37.771 20.125 21.319 0.400000
75712 -38.632 19.984 21.172 0.400000
75713 -39.966 19.614 21.478 0.500000
75714 -41.328 19.441 21.450 0.700000
75715 -42.177 19.148 21.160 0.700000
75716 -43.260 18.933 21.286 1.000000
75717 -44.302 19.175 21.144 1.000000
75718 -45.396 19.649 20.872 1.000000
75719 -45.026 20.132 21.787 1.000000
75720 -46.084 20.343 21.522 1.000000
75721 -47.658 20.108 20.659 1.000000
75722 -47.038 20.516 21.461 1.000000
75727 -39.991 20.208 20.145 0.600000
75728 -41.334 19.488 20.462 0.700000
75729 -40.519 20.344 19.640 0.600000
75730 -41.987 19.335 19.914 0.700000
75731 -42.750 19.224 19.509 1.000000
75732 -44.526 18.986 20.127 1.000000
75733 -45.588 19.224 19.916 1.000000
75734 -47.256 19.811 20.081 1.000000
75735 -46.627 20.028 20.621 1.000000
75736 -47.660 19.447 19.833 1.000000
75740 -31.896 20.139 19.763 0.100000
75741 -32.656 20.403 19.474 0.100000
75742 -33.291 19.718 19.126 0.200000
75743 -41.194 19.894 19.449 0.700000
75744 -42.032 19.627 18.977 0.800000
75745 -41.562 20.361 18.669 0.800000
75746 -42.860 19.526 18.646 0.800000
75751 -34.012 19.988 18.744 0.200000
75752 -34.774 20.291 18.430 0.200000
75753 -35.464 19.637 18.076 0.200000
75754 -42.352 20.109 18.357 0.800000
75755 -43.754 19.332 18.350 1.000000
75756 -43.092 19.893 17.931 1.000000
75758 -36.139 19.927 17.649 0.200000
75759 -37.402 19.557 16.820 0.200000
75760 -36.872 20.265 17.207 0.200000
75761 -44.015 19.823 17.339 1.000000
75762 -44.727 20.153 16.625 1.000000
75765 -37.877 19.985 16.535 0.200000
75766 -45.434 20.012 16.147 1.000000
75767 -46.355 19.944 15.088 1.000000
75770 -41.531 19.633 14.662 0.300000
75771 -47.627 19.876 13.741 0.900000
75774 -42.144 19.447 14.173 0.500000
75775 -42.654 19.297 13.632 0.500000
75776 -42.717 20.236 14.000 0.500000
75777 -47.778 19.220 13.101 0.900000
75780 -43.341 19.853 13.233 0.600000
75781 -44.130 19.577 12.845 0.600000
75782 -45.122 19.482 12.474 0.600000
75783 -47.809 20.330 11.953 0.900000
75787 -45.853 20.099 12.161 0.700000
75788 -46.979 20.228 11.885 0.900000
76071 -31.323 20.340 30.947 0.100000
76072 -30.781 20.857 30.791 0.100000
76073 -31.364 21.345 31.076 0.100000
76074 -32.025 20.702 31.345 0.100000
76075 -32.859 21.014 31.727 0.100000
76092 -29.294 21.373 30.003 0.100000
76093 -29.982 20.876 30.500 0.100000
76097 -28.958 20.354 28.554 0.100000
76098 -28.444 20.976 28.693 0.100000
76099 -28.942 20.724 29.348 0.100000
76101 -29.139 20.276 27.806 0.100000
76103 -28.938 20.802 27.105 0.100000
76104 -28.293 21.339 26.974 0.100000
76105 -29.636 20.497 27.259 0.100000
76106 -31.455 20.602 27.154 0.100000
76107 -32.200 20.487 26.919 0.100000
76110 -28.913 21.353 26.401 0.100000
76111 -29.779 20.998 26.618 0.100000
76112 -31.143 21.211 26.766 0.100000
76113 -31.969 21.216 26.735 0.100000
76114 -33.232 20.292 25.907 0.100000
76115 -32.725 20.964 26.390 0.100000
76116 -33.323 20.949 25.931 0.200000
76118 -33.521 20.521 25.218 0.200000
76119 -33.841 21.415 25.755 0.200000
76122 -33.735 20.503 24.291 0.200000
76123 -34.204 21.071 24.047 0.200000
76124 -44.400 20.506 24.160 0.800000
76125 -45.233 20.553 23.866 0.900000
76131 -33.870 20.469 23.474 0.200000
76132 -34.162 21.083 23.053 0.200000
76133 -44.558 20.574 23.478 1.000000
76134 -45.327 20.603 23.081 0.900000
76135 -46.053 20.423 22.732 1.000000
76141 -35.229 21.082 21.875 0.200000
76142 -45.617 20.460 22.299 1.000000
76143 -46.426 20.520 22.052 1.000000
76145 -35.907 21.533 21.514 0.300000
76146 -36.807 21.088 21.242 0.400000
76147 -38.213 20.553 20.917 0.400000
76148 -37.609 20.870 20.984 0.400000
76154 -38.197 21.318 20.586 0.400000
76155 -38.790 20.604 20.611 0.500000
76156 -39.380 20.748 20.127 0.500000
76166 -33.404 20.687 19.203 0.200000
76167 -40.069 21.072 19.549 0.500000
76168 -40.805 20.732 19.035 0.700000
76172 -34.139 20.975 18.838 0.200000
76173 -34.862 21.334 18.494 0.200000
76174 -35.539 20.610 18.117 0.200000
76175 -41.262 21.261 18.494 0.800000
76176 -41.984 20.917 18.157 0.800000
76177 -42.672 20.624 17.814 0.900000
76179 -36.209 20.942 17.664 0.200000
76180 -36.805 21.354 17.276 0.200000
76181 -37.494 20.324 16.829 0.200000
76182 -43.143 21.256 17.397 1.000000
76183 -43.823 20.928 16.845 1.000000
76186 -38.060 20.914 16.693 0.200000
76187 -39.282 20.516 15.927 0.300000
76188 -38.748 20.903 16.261 0.300000
76189 -44.676 20.998 16.303 1.000000
76190 -45.674 20.886 15.555 1.000000
76193 -39.859 21.087 15.834 0.300000
76194 -40.666 21.131 15.438 0.300000
76195 -41.522 20.628 14.948 0.400000
76196 -47.065 20.777 14.361 1.000000
76201 -42.224 21.010 14.561 0.500000
76202 -43.606 20.765 13.551 0.600000
76203 -42.944 21.292 14.144 0.600000
76204 -48.134 20.921 12.912 1.000000
76205 -48.084 21.039 12.131 1.000000
76208 -44.792 21.278 13.133 0.600000
76209 -45.413 20.593 12.480 0.600000
76210 -47.591 20.738 11.824 1.000000
76213 -46.677 20.720 11.987 0.900000
76524 -30.665 21.717 30.704 0.100000
76525 -31.315 22.522 30.898 0.100000
76526 -32.108 22.025 31.513 0.100000
76527 -33.066 22.054 32.041 0.100000
76541 -29.954 22.055 30.313 0.100000
76542 -30.642 22.877 30.352 0.100000
76544 -27.948 21.769 28.438 0.100000
76545 -28.652 21.849 29.306 0.100000
76547 -27.794 21.653 27.519 0.100000
76548 -27.474 22.188 27.917 0.100000
76550 -27.257 22.271 27.284 0.100000
76553 -27.695 21.883 26.771 0.100000
76554 -29.579 21.577 26.057 0.100000
76555 -28.290 21.727 26.325 0.200000
76556 -30.510 21.572 26.224 0.200000
76557 -31.624 21.853 26.275 0.200000
76558 -32.516 21.696 26.352 0.200000
76559 -33.232 21.601 26.127 0.200000
76563 -28.819 22.085 25.709 0.200000
76564 -29.950 22.104 25.617 0.100000
76565 -30.944 22.274 25.684 0.200000
76566 -33.981 22.124 26.017 0.200000
76567 -34.761 21.949 25.669 0.200000
76568 -35.511 22.247 25.172 0.200000
76570 -34.874 21.635 24.827 0.200000
76571 -35.399 22.090 24.298 0.200000
76575 -34.649 21.662 23.663 0.200000
76576 -35.039 22.279 23.133 0.200000
76583 -35.239 22.011 22.105 0.200000
76585 -35.869 22.425 21.698 0.300000
76586 -36.550 22.036 21.180 0.300000
76587 -37.336 21.698 20.848 0.400000
76590 -37.845 22.428 20.498 0.400000
76591 -38.665 21.975 20.110 0.400000
76601 -33.500 21.703 19.233 0.100000
76602 -39.242 22.488 19.676 0.500000
76603 -39.934 22.088 19.349 0.600000
76604 -40.574 21.660 18.909 0.700000
76610 -34.215 22.029 18.888 0.200000
76611 -34.911 22.401 18.463 0.100000
76612 -35.600 21.650 18.101 0.200000
76613 -41.105 22.210 18.429 0.700000
76614 -41.791 21.844 18.083 0.900000
76615 -42.473 21.524 17.746 0.900000
76619 -36.197 21.972 17.596 0.200000
76620 -36.780 22.376 17.224 0.200000
76621 -37.421 21.720 16.971 0.200000
76622 -43.140 22.204 17.508 1.000000
76623 -44.536 21.771 16.536 1.000000
76624 -43.818 21.969 17.078 1.000000
76625 -44.619 22.628 16.805 1.000000
76630 -38.081 22.027 16.667 0.200000
76631 -38.780 22.291 16.404 0.200000
76632 -39.258 21.550 16.116 0.300000
76633 -45.408 21.725 15.830 1.000000
76634 -45.251 22.300 16.246 1.000000
76635 -46.469 22.462 15.532 1.000000
76640 -40.031 21.892 15.764 0.300000
76641 -40.786 22.183 15.448 0.300000
76642 -41.614 21.716 15.069 0.300000
76643 -47.945 21.643 13.645 1.000000
76644 -47.884 22.351 14.402 1.000000
76645 -48.387 22.500 13.485 1.000000
76649 -42.436 21.884 14.603 0.500000
76650 -43.082 22.037 14.240 0.600000
76651 -43.771 21.719 13.803 0.600000
76652 -48.196 21.860 12.778 1.000000
76653 -48.238 22.517 13.090 1.000000
76657 -44.829 22.247 13.596 0.700000
76658 -46.210 21.366 12.374 0.800000
76659 -47.480 21.321 11.977 1.000000
76660 -47.937 21.887 12.488 1.000000
77006 -31.937 23.387 31.011 0.100000
77007 -32.455 24.314 30.962 0.100000
77018 -30.090 23.125 29.910 0.100000
77019 -31.300 23.887 30.261 0.100000
77028 -27.106 22.830 27.886 0.100000
77029 -27.611 22.783 28.532 0.100000
77031 -26.617 22.816 27.186 0.100000
77032 -26.100 23.498 27.156 0.100000
77035 -26.590 23.111 26.470 0.100000
77036 -27.819 22.221 26.051 0.200000
77037 -27.216 22.860 25.903 0.200000
77038 -32.395 22.222 26.099 0.200000
77039 -33.171 22.164 26.124 0.200000
77041 -28.021 22.788 25.483 0.200000
77042 -28.754 22.921 25.233 0.200000
77043 -29.513 22.757 25.226 0.200000
77044 -31.328 22.933 25.170 0.200000
77045 -32.798 22.825 25.624 0.200000
77046 -33.777 22.754 25.894 0.200000
77047 -35.570 23.236 25.716 0.200000
77048 -36.071 22.919 25.391 0.200000
77049 -36.677 23.079 25.041 0.200000
77051 -36.104 22.567 24.726 0.200000
77052 -36.578 22.946 24.249 0.300000
77055 -35.857 22.561 23.729 0.200000
77056 -36.181 23.159 23.115 0.200000
77062 -35.595 22.677 22.621 0.200000
77063 -36.493 22.992 21.347 0.300000
77070 -37.911 23.397 20.470 0.400000
77071 -38.559 22.907 20.067 0.500000
77077 -39.172 23.413 19.692 0.500000
77078 -39.845 23.036 19.285 0.500000
77079 -40.483 22.629 18.863 0.700000
77091 -35.637 22.705 18.020 0.100000
77092 -41.130 23.223 18.512 0.700000
77093 -41.799 22.837 18.182 0.700000
77094 -42.444 22.514 17.806 0.900000
77098 -36.215 22.864 17.550 0.200000
77099 -36.675 23.491 17.177 0.200000
77100 -37.418 22.730 16.863 0.200000
77101 -43.237 23.211 17.688 0.900000
77102 -43.951 22.919 17.317 1.000000
77108 -38.167 22.968 16.554 0.200000
77109 -38.952 23.154 16.341 0.200000
77110 -39.503 22.503 16.092 0.300000
77111 -45.702 22.977 16.507 1.000000
77112 -47.037 23.418 16.118 0.900000
77113 -48.098 23.973 16.034 0.900000
77119 -40.204 22.752 15.746 0.300000
77120 -40.889 22.981 15.484 0.300000
77121 -42.062 22.492 15.032 0.300000
77122 -41.624 23.118 15.319 0.300000
77123 -42.421 23.225 15.134 0.400000
77124 -48.581 23.488 14.356 1.000000
77133 -42.844 22.582 14.687 0.400000
77134 -43.796 22.505 14.252 0.600000
77135 -48.572 23.047 13.686 1.000000
77146 -46.182 22.776 13.159 0.800000
77147 -47.598 22.677 12.882 1.000000
77483 -30.652 24.026 33.149 0.100000
77492 -29.046 23.743 32.629 0.100000
77493 -30.041 24.241 32.361 0.100000
77498 -29.429 24.555 31.612 0.100000
77508 -31.890 24.450 30.473 0.100000
77509 -32.092 25.103 30.559 0.100000
77510 -32.753 25.155 31.012 0.100000
77516 -30.955 24.650 29.919 0.100000
77517 -31.477 24.901 30.188 0.100000
77530 -26.650 23.475 27.883 0.100000
77531 -26.155 24.129 27.900 0.100000
77532 -26.744 24.127 28.581 0.100000
77534 -25.691 24.380 27.086 0.100000
77537 -26.765 23.558 25.758 0.200000
77538 -26.197 23.862 26.351 0.100000
77541 -27.063 24.095 25.177 0.200000
77542 -28.303 23.600 24.979 0.200000
77543 -27.677 24.014 24.932 0.200000
77544 -29.315 23.582 24.830 0.200000
77545 -30.851 23.528 24.799 0.200000
77546 -31.711 23.729 24.908 0.200000
77547 -32.662 23.870 25.091 0.200000
77548 -35.383 24.054 25.838 0.200000
77549 -36.134 23.744 25.770 0.200000
77550 -37.086 23.714 25.234 0.300000
77551 -36.763 24.454 25.728 0.300000
77552 -37.700 23.981 24.987 0.400000
77554 -28.190 24.530 24.625 0.200000
77555 -28.911 24.233 24.651 0.200000
77556 -30.259 24.053 24.558 0.200000
77557 -31.225 24.512 24.573 0.200000
77558 -37.131 23.460 24.653 0.300000
77559 -37.586 24.014 24.102 0.300000
77562 -36.901 23.569 23.619 0.300000
77563 -37.365 24.173 22.957 0.400000
77568 -36.608 23.678 22.318 0.300000
77569 -37.307 24.183 21.863 0.400000
77577 -37.463 23.907 21.003 0.400000
77579 -38.015 24.131 20.651 0.500000
77580 -38.514 23.838 20.142 0.500000
77582 -39.178 24.378 19.894 0.500000
77583 -39.764 24.022 19.281 0.500000
77584 -40.452 23.626 18.865 0.600000
77593 -41.237 24.248 18.737 0.500000
77594 -41.911 23.886 18.397 0.700000
77595 -43.506 24.215 18.156 0.800000
77596 -44.164 23.819 17.730 0.900000
77597 -44.484 24.625 18.382 0.800000
77598 -45.045 24.286 17.885 0.900000
77607 -36.503 25.086 16.673 0.100000
77608 -45.058 23.561 17.248 0.900000
77609 -45.999 24.331 17.645 0.900000
77610 -47.047 24.382 17.311 0.900000
77611 -47.734 24.460 16.687 0.900000
77615 -36.912 24.392 16.805 0.100000
77616 -38.324 23.948 16.469 0.200000
77617 -38.837 24.657 16.241 0.200000
77618 -39.683 23.352 16.073 0.200000
77619 -48.241 24.553 15.894 0.800000
77624 -40.358 23.561 15.775 0.300000
77625 -41.050 23.745 15.574 0.300000
77626 -41.828 23.921 15.465 0.300000
77627 -43.558 23.378 14.846 0.600000
77628 -42.720 24.088 15.341 0.400000
77629 -43.725 24.388 15.283 0.600000
77630 -48.455 24.075 14.506 0.900000
77634 -44.706 24.017 14.659 0.700000
77635 -45.835 23.738 14.125 0.700000
77636 -47.007 23.486 13.470 0.800000
77637 -47.940 24.075 13.985 0.800000
77638 -48.165 23.237 13.406 1.000000
78033 -31.009 24.867 32.037 0.100000
78041 -30.016 25.048 30.502 0.100000
78042 -30.991 25.246 30.808 0.100000
78043 -31.733 25.532 31.284 0.100000
78044 -32.280 25.756 31.643 0.100000
78055 -30.869 25.044 30.101 0.100000
78056 -31.614 25.280 30.607 0.100000
78081 -25.570 25.199 27.285 0.100000
78082 -25.666 24.831 27.896 0.100000
78084 -25.969 24.594 26.246 0.100000
78085 -25.715 25.201 26.592 0.100000
78088 -26.097 25.263 25.663 0.200000
78089 -27.437 24.523 24.795 0.200000
78090 -32.068 24.489 24.761 0.200000
78091 -32.800 25.054 24.824 0.200000
78092 -33.462 25.962 25.223 0.300000
78093 -34.032 25.974 25.658 0.300000
78094 -34.921 25.550 25.721 0.300000
78095 -35.836 25.066 25.711 0.300000
78096 -38.185 24.760 25.323 0.400000
78097 -37.999 25.492 26.069 0.400000
78098 -38.664 25.495 25.797 0.400000
78099 -38.669 26.201 26.649 0.400000
78100 -39.672 25.809 26.149 0.400000
78103 -27.600 25.145 24.558 0.200000
78104 -28.346 25.294 24.374 0.200000
78105 -29.193 25.030 24.366 0.200000
78106 -30.367 25.026 24.359 0.200000
78107 -31.273 25.387 24.391 0.200000
78108 -31.996 25.278 24.591 0.200000
78109 -38.286 24.487 24.567 0.400000
78110 -38.956 25.076 25.130 0.400000
78112 -38.203 24.545 23.495 0.400000
78113 -38.847 25.062 22.828 0.400000
78114 -39.131 25.055 24.064 0.400000
78117 -38.005 24.637 22.353 0.400000
78118 -38.575 25.167 21.739 0.500000
78127 -37.906 24.557 21.340 0.500000
78134 -38.590 24.804 20.680 0.500000
78135 -39.472 25.238 20.377 0.600000
78137 -39.877 24.957 19.616 0.600000
78138 -41.649 25.202 19.539 0.500000
78139 -42.084 24.708 18.918 0.600000
78140 -42.837 25.307 19.750 0.600000
78141 -42.929 24.672 18.774 0.600000
78142 -43.786 25.413 19.920 0.600000
78143 -43.955 25.081 18.998 0.700000
78144 -45.187 25.763 19.556 0.800000
78148 -45.591 25.088 18.429 0.900000
78149 -45.691 25.802 18.786 0.700000
78150 -46.681 24.785 17.883 0.900000
78151 -46.621 25.380 18.124 0.800000
78156 -35.862 25.173 16.793 0.100000
78157 -47.427 24.964 17.370 0.900000
78158 -47.760 25.618 16.593 0.800000
78163 -37.218 25.036 16.502 0.100000
78164 -37.973 24.903 16.359 0.100000
78165 -38.342 25.509 15.961 0.100000
78166 -48.138 25.289 15.832 0.800000
78172 -39.243 25.330 15.924 0.200000
78173 -40.174 25.198 15.835 0.200000
78174 -41.135 24.684 15.693 0.300000
78175 -42.051 24.738 15.605 0.300000
78176 -42.919 24.919 15.617 0.400000
78177 -44.834 24.873 15.168 0.600000
78178 -45.870 24.472 14.634 0.700000
78179 -46.186 25.312 15.142 0.700000
78180 -47.128 24.783 14.586 0.700000
78181 -47.416 25.555 15.165 0.700000
78182 -48.015 24.837 14.766 0.800000
78183 -47.911 25.472 15.393 0.800000
78227 -42.862 25.071 9.157 0.100000
78245 -41.540 24.985 6.831 0.100000
78577 -25.531 25.702 27.828 0.100000
78578 -25.730 25.835 28.651 0.100000
78581 -25.543 25.876 26.970 0.100000
78583 -25.751 25.874 26.263 0.200000
78584 -37.047 26.939 26.499 0.400000
78585 -37.833 27.368 26.901 0.400000
78586 -37.842 26.551 26.698 0.400000
78587 -38.470 27.173 27.233 0.400000
78588 -39.506 26.790 27.205 0.400000
78589 -40.351 26.637 26.879 0.400000
78590 -40.426 27.607 27.287 0.400000
78591 -41.143 26.973 26.783 0.400000
78595 -26.512 25.714 25.040 0.200000
78596 -32.807 25.860 24.813 0.300000
78597 -33.376 26.368 25.022 0.300000
78598 -33.922 26.722 25.532 0.300000
78599 -34.366 26.908 25.790 0.400000
78600 -35.265 26.641 25.867 0.400000
78601 -40.622 26.339 26.244 0.400000
78602 -41.358 26.622 25.801 0.400000
78604 -27.108 25.761 24.567 0.200000
78605 -27.921 25.905 24.235 0.200000
78606 -28.846 25.854 24.036 0.200000
78607 -29.886 25.757 24.031 0.200000
78608 -30.892 25.839 24.156 0.200000
78609 -31.848 26.025 24.474 0.300000
78610 -32.644 26.227 24.614 0.300000
78611 -40.227 25.549 24.317 0.400000
78612 -41.258 26.165 24.766 0.400000
78614 -39.830 25.457 23.257 0.400000
78615 -40.874 25.929 23.725 0.400000
78616 -41.685 26.275 23.373 0.400000
78618 -39.496 25.532 22.202 0.400000
78619 -40.580 25.825 22.722 0.500000
78620 -41.437 26.215 22.382 0.400000
78623 -39.313 25.492 21.244 0.600000
78624 -41.155 26.208 21.375 0.400000
78632 -40.383 25.612 20.390 0.500000
78633 -41.518 25.831 20.585 0.400000
78634 -42.780 26.144 21.813 0.400000
78635 -42.772 25.736 20.741 0.500000
78636 -43.669 26.055 21.702 0.400000
78637 -43.717 25.703 20.857 0.600000
78638 -44.165 26.107 21.394 0.700000
78639 -44.384 25.791 20.764 0.600000
78640 -44.570 26.163 20.969 0.700000
78641 -44.943 25.919 20.469 0.700000
78647 -45.363 26.077 19.902 0.700000
78650 -45.638 26.386 18.883 0.700000
78651 -46.473 26.177 18.130 0.700000
78652 -47.206 25.905 17.414 0.800000
78662 -47.831 26.057 15.904 0.700000
78669 -38.720 26.224 15.505 0.100000
78670 -40.187 26.201 15.648 0.100000
78671 -40.901 25.684 15.789 0.300000
78672 -42.268 25.502 15.826 0.300000
78673 -45.101 25.753 15.730 0.600000
78674 -46.664 26.288 15.625 0.700000
78675 -47.518 26.059 15.616 0.700000
78704 -40.289 26.112 10.191 0.100000
78706 -41.392 26.381 10.194 0.100000
78708 -42.306 25.885 9.716 0.100000
78709 -44.529 25.550 9.700 0.100000
78710 -45.872 25.583 9.677 0.100000
78711 -46.914 25.622 9.211 0.100000
78718 -40.115 25.823 6.885 0.100000
78719 -41.188 25.971 7.315 0.100000
78720 -42.577 25.456 7.433 0.100000
78721 -44.103 25.382 7.682 0.100000
79061 -25.996 26.389 29.646 0.100000
79062 -25.706 26.585 28.909 0.100000
79069 -25.533 26.540 28.121 0.100000
79071 -26.139 26.293 25.647 0.200000
79072 -26.164 27.013 26.057 0.200000
79073 -37.643 27.456 26.662 0.400000
79074 -38.301 27.795 27.142 0.400000
79075 -39.247 27.821 27.454 0.400000
79076 -41.209 27.845 26.889 0.400000
79077 -41.509 28.539 26.488 0.400000
79080 -26.535 27.060 25.392 0.200000
79081 -33.752 26.684 25.304 0.300000
79082 -34.304 26.930 25.776 0.400000
79083 -35.097 26.974 25.725 0.300000
79084 -36.238 26.896 25.762 0.400000
79085 -37.244 27.464 26.318 0.400000
79086 -41.756 27.586 26.208 0.400000
79087 -42.314 28.602 25.624 0.500000
79089 -27.423 26.578 24.288 0.200000
79090 -27.655 27.418 24.063 0.100000
79091 -29.377 26.501 23.757 0.200000
79092 -30.384 26.445 23.841 0.200000
79093 -31.280 26.493 24.048 0.300000
79094 -32.046 26.533 24.262 0.300000
79095 -32.856 26.516 24.470 0.300000
79096 -33.950 26.758 24.848 0.300000
79097 -34.570 26.705 24.765 0.400000
79098 -35.540 26.530 24.553 0.400000
79099 -36.535 26.497 24.256 0.300000
79100 -37.390 26.812 23.941 0.400000
79101 -42.129 27.167 25.143 0.400000
79102 -42.432 28.062 24.847 0.500000
79104 -28.370 27.709 23.719 0.200000
79105 -28.992 27.211 23.619 0.200000
79106 -29.817 27.170 23.614 0.200000
79107 -30.718 27.133 23.764 0.300000
79108 -31.577 27.163 23.824 0.300000
79109 -32.960 26.953 23.514 0.300000
79110 -33.432 26.603 24.134 0.300000
79111 -33.812 26.737 23.183 0.300000
79112 -35.012 26.473 23.494 0.400000
79113 -35.918 26.378 23.255 0.400000
79114 -36.738 26.634 22.960 0.500000
79115 -37.596 27.107 22.809 0.500000
79116 -42.378 27.056 24.121 0.500000
79117 -42.388 28.265 24.132 0.600000
79119 -34.628 26.751 22.659 0.300000
79120 -36.075 26.629 22.135 0.400000
79121 -35.283 26.982 21.696 0.300000
79122 -42.549 26.617 23.138 0.400000
79123 -42.660 27.087 23.455 0.600000
79125 -36.941 26.896 21.884 0.400000
79126 -42.352 26.346 22.373 0.400000
79127 -43.106 26.752 22.714 0.400000
79128 -43.319 27.144 22.409 0.700000
79131 -43.834 26.589 21.841 0.700000
79132 -44.293 26.670 21.234 0.700000
79133 -44.988 26.306 20.565 0.700000
79141 -45.233 26.575 19.861 0.700000
79148 -45.468 27.105 18.692 0.700000
79149 -46.296 27.084 17.966 0.700000
79150 -46.892 27.917 17.291 0.800000
79156 -47.447 26.486 16.626 0.800000
79157 -47.188 27.456 16.857 0.700000
79160 -43.371 26.915 16.297 0.500000
79161 -42.577 27.348 16.158 0.300000
79162 -43.922 26.215 16.120 0.500000
79163 -44.376 27.136 16.282 0.500000
79164 -45.367 26.668 16.104 0.700000
79165 -45.823 27.657 16.273 0.700000
79166 -47.210 26.707 16.233 0.700000
79167 -46.890 27.696 16.633 0.700000
79172 -38.012 26.695 14.917 0.100000
79173 -38.787 26.849 14.841 0.100000
79174 -39.511 26.708 15.300 0.100000
79175 -40.283 27.035 15.441 0.100000
79176 -40.923 26.588 15.736 0.300000
79177 -41.708 26.977 15.944 0.300000
79183 -37.516 27.013 14.109 0.100000
79184 -38.796 27.216 14.229 0.100000
79185 -39.354 27.229 14.602 0.100000
79196 -38.344 27.269 13.598 0.100000
79208 -39.908 26.722 10.786 0.100000
79209 -40.180 27.234 11.290 0.100000
79211 -41.672 27.082 10.675 0.100000
79212 -43.473 26.360 10.124 0.100000
79213 -44.342 27.223 10.621 0.200000
79214 -45.000 26.448 10.112 0.100000
79215 -45.423 27.319 10.307 0.200000
79216 -46.162 26.573 9.556 0.100000
79217 -45.796 27.385 9.740 0.200000
79218 -46.428 27.056 9.181 0.100000
79220 -46.986 26.388 9.080 0.100000
79224 -40.144 26.589 7.609 0.200000
79225 -41.200 26.803 8.117 0.200000
79226 -42.163 26.511 7.931 0.100000
79227 -41.998 27.231 8.310 0.200000
79228 -43.289 26.333 7.925 0.100000
79229 -42.907 27.177 8.269 0.200000
79230 -44.530 26.297 8.119 0.100000
79231 -44.946 27.210 8.468 0.300000
79233 -46.038 27.213 8.716 0.300000
79234 -46.595 27.014 8.972 0.300000
79238 -39.224 26.824 6.592 0.100000
79240 -39.140 26.985 7.421 0.100000
79241 -39.541 26.346 7.008 0.100000
79549 -26.448 27.570 30.859 0.100000
79550 -26.921 27.225 31.528 0.100000
79552 -26.157 27.990 30.173 0.100000
79554 -25.650 27.339 28.441 0.100000
79555 -25.800 27.414 29.389 0.100000
79564 -25.903 28.029 28.042 0.100000
79566 -26.089 27.421 26.662 0.200000
79570 -26.471 27.629 25.991 0.200000
79571 -39.108 28.279 27.222 0.400000
79572 -40.123 28.698 27.048 0.400000
79573 -40.867 28.534 27.080 0.400000
79574 -41.160 28.867 26.711 0.400000
79576 -26.999 27.212 24.623 0.100000
79577 -26.857 27.786 25.267 0.200000
79578 -27.328 27.967 24.559 0.100000
79579 -38.122 27.924 26.861 0.400000
79580 -39.092 28.460 26.624 0.400000
79581 -40.361 28.989 26.106 0.400000
79583 -27.864 28.272 23.956 0.100000
79584 -38.056 27.747 25.718 0.400000
79585 -39.313 28.220 25.136 0.400000
79586 -40.561 28.936 24.676 0.400000
79587 -42.781 29.349 24.921 0.500000
79589 -29.180 28.037 23.493 0.200000
79590 -30.162 27.904 23.526 0.200000
79591 -30.982 27.893 23.623 0.200000
79592 -31.802 27.990 23.391 0.200000
79593 -33.124 27.674 22.893 0.200000
79594 -33.717 27.308 22.696 0.300000
79595 -38.322 27.410 24.042 0.500000
79596 -39.435 28.140 23.722 0.500000
79597 -40.467 29.133 23.497 0.500000
79598 -42.447 29.633 24.507 0.600000
79600 -34.608 27.392 21.900 0.300000
79601 -34.238 27.730 22.102 0.300000
79602 -37.821 27.423 21.812 0.400000
79603 -38.795 28.058 21.861 0.500000
79604 -40.036 29.199 22.357 0.600000
79605 -42.529 27.642 23.227 0.600000
79606 -42.165 29.186 23.788 0.600000
79608 -34.134 27.828 21.293 0.200000
79609 -34.767 27.547 20.988 0.300000
79610 -34.027 28.124 20.663 0.300000
79611 -36.200 27.141 21.137 0.400000
79612 -38.023 27.848 21.051 0.500000
79613 -38.958 28.681 21.249 0.500000
79614 -42.106 28.397 22.647 0.700000
79616 -34.725 28.164 20.387 0.300000
79617 -35.587 27.856 20.454 0.300000
79618 -38.078 28.560 20.691 0.400000
79619 -42.719 27.552 21.199 0.700000
79620 -41.838 28.335 21.463 0.700000
79621 -43.709 27.145 21.710 0.700000
79622 -44.739 26.869 20.427 0.700000
79625 -41.918 28.135 20.033 0.700000
79626 -43.668 27.255 20.500 0.700000
79627 -44.279 27.447 19.311 0.700000
79631 -42.930 27.900 18.930 0.700000
79632 -45.176 27.889 18.472 0.700000
79633 -46.143 28.129 17.748 0.700000
79634 -46.771 28.848 17.200 0.600000
79639 -47.041 28.405 16.976 0.500000
79645 -41.839 27.968 15.699 0.300000
79646 -43.560 27.662 16.261 0.500000
79647 -44.713 27.998 16.219 0.500000
79648 -46.645 28.508 16.654 0.700000
79653 -40.459 27.657 15.027 0.200000
79654 -41.017 27.433 15.526 0.300000
79658 -39.232 27.475 13.742 0.100000
79659 -40.014 27.662 14.330 0.200000
79660 -40.598 28.148 13.823 0.100000
79665 -39.340 27.520 12.802 0.100000
79666 -40.022 27.685 13.386 0.100000
79667 -40.757 27.949 12.795 0.100000
79669 -38.998 27.372 12.045 0.100000
79670 -39.724 27.490 11.974 0.100000
79671 -41.293 27.935 11.851 0.200000
79673 -41.018 27.527 11.172 0.200000
79674 -41.945 27.655 11.209 0.200000
79675 -42.130 28.192 11.712 0.200000
79676 -43.863 27.915 11.147 0.300000
79677 -43.156 28.465 11.533 0.200000
79678 -44.506 28.927 11.278 0.300000
79680 -45.162 28.040 11.024 0.200000
79681 -45.619 28.175 10.338 0.200000
79682 -45.777 27.898 9.461 0.300000
79686 -38.380 27.662 7.624 0.100000
79687 -37.818 28.188 8.175 0.100000
79688 -38.548 27.892 8.425 0.100000
79689 -38.957 27.408 8.093 0.100000
79690 -39.373 27.825 8.550 0.200000
79691 -39.692 27.250 8.123 0.200000
79692 -40.292 27.844 8.578 0.200000
79693 -41.348 27.739 8.546 0.200000
79694 -42.553 27.940 8.555 0.300000
79695 -43.930 27.900 8.627 0.300000
79696 -45.338 28.078 8.791 0.300000
79697 -45.832 27.728 9.006 0.300000
79700 -37.893 28.382 7.413 0.100000
79713 -39.103 27.442 6.114 0.100000
79718 -39.232 28.014 5.680 0.100000
79973 -28.556 29.230 34.010 0.100000
79976 -28.095 28.325 33.107 0.100000
79977 -28.608 28.805 33.182 0.100000
79979 -29.125 29.283 33.184 0.100000
79982 -28.656 29.199 32.514 0.100000
79984 -26.997 28.045 31.347 0.100000
79985 -27.232 28.860 31.017 0.100000
79986 -27.980 29.103 31.744 0.100000
79988 -26.618 28.897 30.132 0.100000
79990 -25.813 28.023 28.772 0.100000
79996 -26.531 28.715 27.740 0.100000
79999 -26.800 28.624 26.907 0.200000
80000 -27.410 29.069 26.451 0.100000
80003 -26.942 28.359 25.994 0.200000
80004 -27.538 28.883 25.506 0.100000
80005 -27.670 28.671 24.576 0.100000
80006 -41.145 28.991 26.640 0.400000
80007 -41.719 29.076 26.026 0.400000
80009 -28.239 29.111 23.866 0.100000
80010 -41.754 29.438 25.466 0.400000
80011 -42.408 29.750 24.672 0.500000
80014 -28.920 28.998 23.451 0.100000
80015 -30.456 29.283 23.496 0.200000
80016 -31.267 28.726 23.445 0.200000
80017 -32.523 28.814 23.241 0.200000
80018 -33.453 28.445 22.724 0.200000
80019 -33.863 28.105 22.190 0.200000
80020 -41.691 29.876 24.243 0.500000
80021 -42.109 30.048 23.937 0.500000
80023 -33.855 28.129 21.521 0.200000
80024 -41.256 30.379 22.618 0.700000
80025 -41.648 29.869 23.086 0.700000
80026 -32.979 28.639 21.096 0.200000
80027 -33.428 28.267 20.968 0.300000
80028 -39.988 29.857 21.568 0.600000
80029 -41.898 30.012 22.281 0.700000
80031 -33.426 28.825 20.235 0.300000
80032 -35.183 28.822 19.905 0.200000
80033 -34.325 28.812 19.978 0.300000
80034 -36.100 28.802 19.893 0.300000
80035 -36.814 29.204 20.026 0.400000
80036 -37.612 29.279 20.291 0.400000
80037 -38.812 29.483 20.690 0.400000
80038 -41.666 29.784 21.106 0.700000
80040 -35.639 29.406 19.404 0.200000
80041 -36.461 29.445 19.539 0.400000
80042 -41.569 29.981 19.675 0.700000
80044 -41.992 28.745 18.741 0.700000
80045 -42.902 28.967 18.118 0.700000
80046 -45.232 28.828 17.815 0.700000
80047 -44.218 29.394 17.684 0.700000
80049 -45.528 29.748 17.388 0.700000
80050 -46.197 29.168 17.450 0.700000
80051 -46.545 29.372 17.173 0.600000
80052 -46.755 29.178 16.949 0.500000
80055 -43.872 28.574 15.963 0.500000
80056 -45.147 28.875 15.951 0.500000
80057 -46.149 29.122 16.424 0.700000
80058 -46.150 29.726 16.610 0.500000
80061 -41.133 28.154 15.105 0.300000
80062 -41.926 28.770 15.098 0.300000
80063 -42.670 29.503 14.712 0.300000
80064 -43.661 30.054 14.994 0.300000
80065 -44.426 29.508 15.524 0.400000
80066 -45.610 29.733 15.925 0.400000
80068 -41.308 28.533 14.328 0.200000
80069 -41.873 28.933 13.692 0.200000
80070 -42.049 29.054 14.372 0.300000
80072 -41.269 28.447 13.370 0.200000
80073 -41.824 28.755 12.965 0.200000
80075 -41.572 28.322 12.486 0.200000
80076 -42.395 28.823 12.240 0.200000
80079 -43.425 29.311 11.757 0.200000
80080 -45.176 29.819 10.938 0.400000
80081 -45.475 30.017 10.541 0.300000
80085 -36.977 28.766 9.592 0.200000
80086 -37.199 28.932 10.380 0.200000
80087 -37.719 28.652 9.644 0.200000
80088 -38.280 29.059 10.417 0.200000
80089 -38.644 28.670 9.688 0.200000
80090 -39.165 29.173 10.271 0.300000
80091 -45.467 29.128 10.764 0.200000
80092 -45.599 29.398 10.243 0.300000
80105 -37.249 28.654 8.784 0.200000
80106 -36.500 29.075 9.131 0.100000
80107 -38.122 28.359 8.946 0.100000
80108 -39.028 28.305 9.051 0.200000
80109 -39.976 28.465 9.003 0.200000
80110 -40.537 28.972 9.626 0.300000
80111 -40.954 28.477 9.054 0.200000
80112 -41.542 29.157 9.563 0.300000
80113 -42.047 28.588 9.014 0.300000
80114 -42.705 29.408 9.453 0.300000
80115 -43.319 28.771 8.965 0.300000
80116 -44.032 29.705 9.358 0.300000
80117 -44.695 28.961 9.041 0.300000
80118 -45.184 29.938 9.552 0.300000
80119 -45.407 28.869 9.441 0.300000
80120 -45.440 30.148 9.919 0.300000
80138 -36.752 29.280 8.288 0.100000
80139 -37.340 28.814 7.876 0.100000
80151 -37.701 29.193 7.194 0.100000
80404 -27.509 30.134 34.806 0.100000
80405 -27.858 29.410 34.282 0.100000
80406 -29.297 29.753 34.249 0.100000
80407 -29.798 29.817 34.106 0.100000
80408 -29.917 30.229 34.521 0.100000
80409 -30.222 30.031 33.982 0.100000
80413 -29.623 29.697 33.539 0.100000
80414 -30.023 30.217 33.226 0.100000
80416 -29.421 29.812 32.628 0.100000
80418 -27.834 29.634 30.910 0.100000
80419 -28.655 29.902 31.601 0.100000
80423 -27.232 29.459 30.376 0.100000
80424 -27.717 30.096 29.976 0.100000
80425 -28.320 30.237 30.664 0.100000
80429 -27.333 29.925 29.007 0.100000
80434 -27.302 29.311 27.426 0.200000
80435 -27.638 29.809 28.149 0.100000
80436 -28.389 30.203 28.133 0.100000
80439 -27.948 29.654 26.862 0.100000
80440 -28.538 30.033 26.405 0.100000
80442 -28.020 29.478 25.925 0.100000
80443 -28.568 29.981 25.339 0.100000
80445 -28.063 29.353 24.842 0.100000
80446 -28.665 29.837 24.279 0.100000
80447 -29.382 30.146 23.896 0.100000
80449 -30.371 30.113 23.731 0.200000
80450 -31.440 29.566 23.554 0.200000
80451 -32.712 29.765 23.519 0.200000
80452 -34.032 29.136 23.047 0.200000
80453 -34.654 29.752 22.895 0.200000
80456 -33.785 28.600 21.897 0.200000
80457 -32.833 29.119 21.474 0.200000
80458 -33.997 29.331 22.326 0.200000
80461 -32.081 29.363 20.848 0.100000
80462 -31.719 29.862 21.083 0.100000
80463 -40.989 31.197 21.865 0.600000
80464 -42.171 31.868 21.840 0.700000
80466 -31.879 29.673 20.013 0.100000
80467 -31.360 30.010 20.354 0.100000
80468 -32.586 29.163 20.339 0.100000
80469 -37.244 29.697 19.842 0.400000
80470 -39.007 30.432 20.134 0.400000
80471 -40.109 30.851 20.850 0.600000
80472 -42.242 31.398 21.250 0.700000
80475 -31.168 29.868 19.527 0.100000
80476 -30.539 30.178 19.041 0.100000
80477 -31.837 29.552 19.169 0.100000
80478 -32.665 29.406 18.903 0.100000
80479 -33.584 29.347 18.815 0.100000
80480 -34.815 29.416 19.379 0.200000
80481 -36.084 29.541 19.086 0.300000
80482 -36.913 29.622 19.381 0.300000
80483 -37.781 29.937 19.747 0.400000
80484 -42.160 31.702 20.511 0.700000
80486 -31.127 29.708 18.676 0.100000
80487 -30.447 29.992 18.337 0.100000
80488 -31.948 29.351 18.253 0.100000
80489 -33.007 29.206 17.845 0.100000
80490 -34.066 29.214 17.916 0.200000
80491 -34.977 29.338 18.080 0.200000
80492 -37.486 29.769 18.928 0.300000
80493 -38.489 30.168 19.223 0.400000
80494 -41.937 29.903 18.286 0.700000
80495 -42.038 31.425 19.296 0.700000
80497 -31.013 29.717 17.722 0.100000
80498 -32.106 29.616 17.333 0.100000
80499 -31.434 29.888 16.890 0.100000
80500 -32.920 29.804 16.976 0.100000
80501 -34.584 29.603 17.175 0.200000
80502 -35.447 29.577 17.187 0.200000
80503 -36.398 29.670 17.273 0.200000
80504 -37.254 29.760 17.728 0.300000
80505 -41.975 31.187 18.026 0.700000
80506 -42.929 30.286 17.528 0.700000
80507 -44.536 30.419 17.215 0.700000
80508 -46.183 29.809 17.171 0.600000
80509 -46.419 29.642 17.036 0.500000
80510 -45.828 30.225 16.689 0.500000
80512 -32.324 30.171 16.363 0.100000
80513 -33.479 30.370 16.229 0.100000
80514 -34.948 30.249 16.474 0.200000
80515 -45.696 30.488 16.083 0.400000
80518 -43.400 30.303 14.305 0.300000
80519 -44.281 30.783 14.559 0.300000
80521 -42.597 29.735 13.864 0.300000
80523 -34.837 29.763 13.018 0.100000
80524 -35.270 30.155 13.841 0.100000
80525 -35.666 29.722 13.057 0.100000
80526 -36.121 30.209 13.790 0.100000
80527 -36.799 29.710 12.736 0.100000
80528 -37.009 30.172 13.523 0.100000
80529 -42.354 29.321 13.042 0.200000
80530 -43.105 30.083 12.979 0.300000
80531 -43.568 30.627 13.570 0.300000
80532 -44.019 30.889 12.631 0.200000
80533 -35.258 29.641 12.093 0.100000
80534 -34.511 29.860 12.309 0.100000
80535 -36.169 29.558 12.390 0.100000
80536 -36.899 29.478 12.026 0.100000
80537 -37.849 29.592 11.748 0.300000
80538 -37.505 29.828 12.682 0.200000
80539 -38.410 30.050 12.562 0.200000
80540 -43.761 30.137 12.103 0.200000
80541 -44.545 30.696 11.440 0.400000
80544 -35.215 29.608 11.175 0.100000
80545 -36.065 29.348 11.432 0.200000
80546 -37.019 29.268 11.204 0.200000
80547 -37.772 29.317 10.950 0.200000
80548 -39.491 29.771 10.747 0.300000
80549 -40.464 29.985 10.625 0.300000
80550 -40.051 30.296 11.046 0.300000
80551 -40.768 30.404 10.917 0.300000
80569 -34.802 29.994 10.574 0.100000
80570 -36.394 29.021 9.979 0.100000
80572 -40.054 29.370 10.220 0.300000
80573 -41.014 29.636 10.100 0.300000
80574 -41.542 30.272 10.572 0.300000
80575 -42.126 29.916 9.963 0.300000
80576 -42.825 30.586 10.261 0.300000
80577 -43.396 30.349 9.757 0.300000
80590 -35.861 29.553 9.472 0.100000
80591 -44.645 30.540 9.771 0.300000
80592 -45.278 30.558 10.055 0.300000
80593 -45.369 30.428 10.310 0.300000
80603 -36.022 30.570 8.461 0.100000
80604 -36.545 30.103 7.969 0.100000
80605 -37.157 29.635 7.635 0.100000
80616 -37.684 30.065 7.145 0.100000
80910 -27.762 30.818 35.406 0.100000
80917 -28.541 30.589 35.016 0.100000
80918 -29.311 30.341 34.698 0.100000
80920 -30.447 30.738 34.737 0.100000
80921 -30.466 31.142 35.144 0.100000
80922 -30.893 31.202 35.043 0.100000
80925 -30.582 30.604 34.318 0.100000
80926 -31.008 31.090 34.730 0.100000
80927 -31.103 31.073 34.145 0.100000
80929 -30.601 30.586 33.674 0.100000
80930 -31.082 31.208 33.278 0.100000
80934 -29.949 30.428 32.480 0.100000
80935 -30.492 30.782 32.809 0.100000
80939 -29.051 30.631 30.829 0.100000
80940 -29.864 31.099 30.978 0.100000
80941 -30.181 31.047 31.921 0.100000
80950 -28.605 30.615 29.956 0.100000
80959 -29.092 30.626 28.528 0.100000
80960 -29.750 31.067 28.926 0.100000
80961 -30.539 31.196 28.571 0.100000
80963 -29.172 30.433 27.775 0.100000
80964 -29.871 30.735 28.173 0.100000
80965 -30.477 31.064 27.835 0.100000
80968 -29.140 30.444 26.933 0.100000
80969 -29.790 30.758 27.419 0.100000
80970 -30.354 31.223 26.933 0.100000
80973 -29.118 30.476 25.916 0.100000
80974 -29.695 30.885 26.448 0.100000
80975 -30.325 31.330 25.758 0.100000
80977 -29.286 30.499 24.766 0.100000
80978 -30.059 31.037 24.790 0.100000
80979 -30.741 31.372 24.840 0.100000
80981 -29.923 30.637 24.138 0.200000
80982 -30.850 30.791 24.224 0.200000
80983 -31.643 31.330 24.555 0.200000
80984 -32.268 30.595 23.981 0.200000
80985 -33.039 31.117 24.283 0.200000
80986 -34.187 30.084 23.449 0.200000
80987 -35.045 30.444 23.079 0.200000
80990 -34.951 30.420 22.844 0.200000
80993 -31.670 31.069 21.829 0.100000
80994 -32.863 31.061 22.259 0.200000
80995 -34.312 30.208 22.486 0.200000
80996 -30.886 30.535 20.642 0.100000
80997 -30.615 31.119 20.896 0.100000
80998 -31.270 30.659 21.294 0.100000
80999 -41.812 31.920 21.958 0.600000
81000 -30.655 30.411 19.845 0.100000
81001 -30.261 31.180 20.088 0.100000
81002 -41.104 31.811 21.426 0.600000
81003 -41.791 32.110 21.490 0.700000
81004 -42.112 32.051 21.186 0.700000
81007 -29.942 30.486 18.531 0.100000
81008 -29.716 31.177 18.707 0.100000
81009 -39.563 30.843 19.587 0.400000
81010 -40.402 31.558 20.006 0.600000
81011 -41.092 32.124 20.872 0.600000
81012 -42.055 32.273 20.110 0.700000
81014 -29.496 30.800 18.006 0.100000
81015 -38.200 30.033 17.981 0.300000
81016 -39.223 30.627 18.373 0.400000
81017 -40.170 31.600 19.101 0.600000
81018 -41.922 32.569 19.083 0.700000
81020 -29.784 30.395 16.835 0.100000
81021 -29.282 30.953 17.183 0.100000
81022 -30.515 30.029 16.898 0.100000
81023 -35.779 30.265 16.361 0.200000
81024 -37.687 30.327 16.827 0.300000
81025 -38.752 30.713 17.170 0.300000
81026 -39.933 31.466 17.666 0.400000
81027 -42.022 32.293 18.228 0.700000
81028 -42.524 31.638 17.176 0.700000
81029 -44.809 31.346 16.623 0.700000
81030 -43.594 32.006 16.493 0.700000
81031 -45.472 30.946 16.486 0.700000
81034 -30.338 30.451 16.171 0.100000
81035 -29.588 30.941 16.266 0.100000
81036 -31.267 30.240 16.213 0.100000
81037 -32.904 30.638 15.641 0.100000
81038 -33.823 30.830 15.358 0.100000
81039 -35.194 30.906 15.790 0.100000
81040 -36.011 31.000 15.649 0.100000
81041 -36.810 31.061 15.671 0.200000
81042 -37.455 31.048 15.956 0.200000
81043 -38.193 31.102 16.290 0.300000
81044 -45.308 31.687 16.156 0.600000
81045 -45.560 31.196 16.107 0.600000
81047 -30.086 30.862 15.414 0.100000
81048 -30.695 30.798 14.660 0.100000
81049 -29.861 31.339 14.618 0.100000
81050 -31.597 30.579 14.751 0.100000
81051 -32.734 30.692 14.941 0.100000
81052 -34.424 31.085 14.946 0.100000
81053 -34.748 31.131 15.337 0.100000
81054 -35.365 31.204 15.351 0.100000
81055 -44.915 31.675 14.626 0.300000
81056 -45.178 32.193 14.983 0.500000
81057 -45.357 31.443 15.448 0.400000
81059 -31.249 30.776 13.994 0.100000
81060 -30.516 31.282 13.965 0.100000
81061 -32.071 30.490 14.053 0.100000
81062 -32.931 30.388 14.083 0.100000
81063 -33.714 30.185 13.914 0.100000
81064 -34.848 30.732 14.487 0.100000
81065 -35.100 31.331 14.972 0.100000
81066 -35.715 30.906 14.582 0.100000
81067 -36.358 31.247 14.867 0.100000
81068 -36.655 30.787 14.411 0.100000
81069 -37.099 31.348 14.872 0.200000
81070 -38.350 31.138 14.293 0.300000
81071 -37.882 31.662 14.864 0.300000
81072 -38.547 31.890 14.802 0.400000
81073 -44.221 31.164 14.015 0.300000
81074 -44.809 32.015 13.767 0.300000
81075 -44.928 32.563 14.377 0.400000
81077 -31.107 31.272 13.492 0.100000
81078 -31.797 30.853 13.274 0.100000
81079 -33.163 30.316 13.277 0.100000
81080 -33.968 29.904 12.989 0.100000
81081 -37.978 30.354 13.502 0.200000
81082 -38.928 30.583 13.391 0.300000
81083 -39.312 31.456 14.207 0.400000
81084 -40.348 30.652 12.188 0.300000
81085 -39.931 30.842 13.184 0.300000
81086 -41.030 31.304 12.848 0.300000
81087 -44.338 31.495 13.222 0.400000
81088 -44.611 32.051 13.121 0.400000
81092 -32.088 31.297 12.520 0.100000
81093 -33.310 30.458 12.330 0.100000
81094 -32.703 31.043 12.206 0.100000
81095 -34.010 30.110 12.109 0.100000
81096 -39.368 30.334 12.260 0.300000
81097 -40.585 30.561 11.395 0.300000
81098 -41.249 30.924 11.839 0.300000
81099 -42.064 31.498 12.239 0.300000
81100 -44.275 31.502 12.383 0.400000
81101 -44.329 31.841 12.509 0.300000
81109 -33.203 31.214 11.590 0.100000
81110 -33.779 30.500 11.521 0.100000
81111 -41.413 30.637 11.146 0.300000
81112 -42.431 30.695 10.875 0.300000
81113 -42.206 31.073 11.483 0.300000
81114 -43.211 31.193 11.110 0.300000
81115 -45.245 30.521 10.520 0.400000
81116 -44.418 31.140 11.455 0.400000
81128 -44.027 30.984 10.091 0.300000
81129 -44.228 31.221 10.668 0.300000
81130 -45.083 30.717 10.298 0.300000
81131 -44.824 30.930 10.743 0.300000
81132 -45.354 30.512 10.225 0.300000
81148 -36.544 31.026 7.870 0.100000
81149 -37.160 30.508 7.544 0.100000
81387 -29.444 32.290 35.860 0.100000
81396 -30.304 31.866 35.422 0.100000
81397 -31.347 31.857 35.062 0.100000
81398 -30.930 31.728 35.310 0.100000
81409 -31.507 31.683 34.526 0.100000
81410 -31.868 32.439 34.777 0.100000
81419 -31.694 31.788 33.767 0.100000
81420 -32.390 32.517 33.786 0.100000
81429 -31.016 31.510 32.207 0.100000
81430 -31.842 32.168 32.150 0.100000
81431 -32.219 32.304 33.011 0.100000
81440 -30.593 31.600 31.205 0.100000
81441 -31.372 32.028 31.310 0.100000
81452 -30.437 31.502 30.313 0.100000
81453 -31.191 31.731 29.912 0.100000
81454 -31.796 32.061 30.517 0.100000
81455 -32.996 31.984 29.584 0.100000
81465 -31.427 31.522 29.050 0.100000
81466 -32.804 31.936 28.921 0.100000
81475 -31.197 31.412 28.210 0.100000
81476 -31.972 31.713 28.556 0.100000
81477 -32.495 32.052 28.103 0.100000
81485 -31.046 31.463 27.394 0.100000
81486 -31.757 31.730 27.743 0.100000
81487 -32.344 32.262 27.060 0.100000
81496 -31.021 31.672 26.422 0.100000
81505 -31.209 31.765 25.379 0.100000
81506 -32.186 31.883 24.976 0.200000
81507 -32.785 32.172 25.290 0.200000
81508 -34.599 31.022 23.826 0.200000
81509 -34.131 31.996 24.822 0.200000
81510 -35.063 31.469 23.917 0.100000
81516 -35.082 31.025 23.395 0.200000
81517 -35.150 31.754 23.916 0.100000
81519 -35.135 30.793 22.977 0.200000
81520 -34.997 31.435 23.532 0.100000
81522 -31.491 31.968 22.016 0.100000
81523 -34.417 31.071 22.622 0.100000
81524 -30.473 31.760 20.765 0.100000
81525 -30.891 31.566 21.391 0.100000
81529 -30.327 32.180 20.100 0.100000
81530 -41.676 32.279 20.718 0.700000
81532 -29.982 31.701 19.332 0.100000
81533 -40.962 32.388 20.019 0.600000
81534 -41.545 32.565 19.692 0.700000
81536 -29.330 31.479 17.850 0.100000
81537 -29.691 32.025 18.518 0.100000
81538 -40.841 32.422 18.893 0.600000
81539 -41.407 32.833 18.601 0.700000
81541 -29.098 31.535 16.451 0.100000
81542 -39.998 32.127 16.743 0.400000
81543 -41.242 33.017 17.620 0.700000
81544 -41.747 32.641 17.949 0.700000
81545 -42.102 32.428 17.303 0.700000
81546 -42.737 32.391 16.714 0.700000
81547 -42.537 32.763 16.700 0.700000
81550 -28.854 32.324 16.117 0.100000
81551 -38.135 31.664 15.675 0.200000
81552 -39.097 32.266 15.934 0.500000
81553 -40.147 32.625 16.303 0.400000
81554 -40.982 33.105 16.819 0.700000
81555 -43.498 32.892 16.256 0.700000
81556 -44.567 32.446 15.995 0.700000
81557 -45.174 32.135 15.526 0.600000
81559 -29.265 31.580 15.486 0.100000
81560 -29.009 32.428 15.146 0.100000
81561 -35.837 31.290 15.126 0.100000
81562 -36.698 31.308 15.270 0.100000
81563 -38.514 32.020 15.276 0.400000
81564 -39.513 32.439 15.623 0.400000
81565 -45.033 32.698 14.977 0.500000
81567 -29.363 31.930 14.617 0.100000
81568 -29.846 31.910 14.015 0.100000
81569 -39.174 32.255 14.972 0.400000
81570 -40.387 31.599 13.860 0.400000
81571 -40.132 32.497 15.236 0.400000
81572 -41.387 32.096 13.665 0.300000
81573 -40.791 32.323 14.545 0.300000
81574 -42.007 32.711 14.582 0.400000
81582 -30.675 32.042 13.430 0.100000
81583 -31.440 31.676 12.942 0.100000
81584 -42.014 31.814 13.000 0.200000
81585 -43.031 32.182 12.606 0.300000
81586 -42.503 32.489 13.514 0.400000
81587 -43.439 32.745 13.282 0.400000
81588 -44.385 32.439 13.151 0.300000
81593 -32.518 31.723 11.939 0.100000
81594 -43.049 31.618 11.811 0.300000
81595 -43.732 32.106 12.082 0.200000
81596 -43.922 32.484 12.773 0.300000
81597 -44.195 31.929 12.076 0.300000
81604 -43.869 31.612 11.455 0.400000
81605 -44.302 31.307 11.227 0.400000
81637 -37.399 31.506 7.497 0.100000
81853 -29.006 33.007 36.806 0.100000
81861 -30.211 32.613 35.836 0.100000
81863 -31.287 32.725 35.564 0.100000
81877 -31.864 32.842 35.193 0.100000
81900 -32.981 32.861 33.097 0.100000
81913 -32.755 32.602 32.223 0.100000
81925 -32.297 32.400 31.317 0.100000
81941 -33.910 32.304 30.082 0.100000
81942 -34.661 32.628 30.483 0.100000
81943 -35.858 32.747 30.005 0.100000
81944 -35.222 32.785 30.522 0.100000
81957 -33.763 32.239 29.388 0.100000
81958 -34.879 32.444 29.945 0.100000
81959 -36.060 32.735 29.286 0.100000
81960 -36.604 33.041 29.505 0.100000
81961 -37.288 33.467 29.002 0.100000
81972 -33.401 32.388 28.484 0.100000
81973 -34.714 32.590 29.013 0.100000
81974 -35.348 33.132 28.069 0.100000
81975 -36.937 33.012 29.078 0.100000
81982 -33.262 32.727 26.817 0.100000
81983 -35.229 33.121 26.667 0.100000
81989 -33.017 32.523 25.950 0.100000
81990 -35.248 32.081 24.543 0.100000
81991 -35.786 32.560 25.298 0.100000
81992 -36.280 33.136 26.056 0.100000
81993 -36.489 32.816 25.106 0.100000
81994 -36.906 33.502 25.927 0.100000
82002 -35.741 32.484 24.609 0.100000
82011 -35.471 32.342 24.405 0.100000
82012 -36.271 32.833 24.779 0.100000
82020 -34.797 31.408 22.917 0.200000
82021 -33.619 32.221 22.901 0.100000
82022 -34.218 32.346 23.336 0.100000
82028 -31.670 32.826 21.954 0.100000
82029 -32.632 32.094 22.518 0.100000
82031 -30.830 32.675 21.150 0.100000
82034 -30.266 32.564 19.137 0.100000
82035 -30.858 33.037 19.813 0.100000
82038 -29.283 32.413 17.720 0.100000
82039 -29.959 32.972 18.349 0.100000
82042 -28.924 32.898 16.830 0.100000
82043 -29.577 33.370 17.587 0.100000
82044 -41.670 32.937 17.173 0.700000
82045 -42.236 32.959 16.693 0.700000
82046 -28.843 32.957 16.157 0.100000
82047 -41.614 33.181 16.368 0.600000
82048 -42.562 33.273 16.105 0.600000
82049 -43.263 33.206 16.078 0.700000
82050 -44.687 32.951 15.367 0.500000
82060 -28.922 33.049 15.607 0.100000
82061 -40.563 32.858 16.034 0.500000
82062 -41.198 32.856 15.447 0.400000
82063 -43.313 33.388 15.334 0.600000
82064 -44.170 33.393 15.355 0.600000
82065 -44.730 33.187 14.750 0.500000
82071 -29.448 32.686 14.349 0.100000
82072 -29.392 33.614 14.493 0.100000
82073 -43.253 33.182 14.213 0.500000
82074 -44.206 33.437 14.523 0.500000
82075 -44.658 33.056 13.964 0.400000
82080 -44.130 33.108 13.575 0.500000
82401 -37.776 33.937 28.370 0.100000
82413 -36.471 33.323 28.326 0.100000
82414 -37.392 33.657 28.359 0.100000
82415 -38.045 33.891 28.013 0.100000
82422 -35.987 33.390 27.235 0.100000
82423 -37.073 33.481 27.132 0.100000
82424 -38.008 33.711 27.531 0.100000
82425 -38.473 33.971 27.333 0.100000
82431 -37.296 33.737 26.206 0.100000
82432 -38.351 34.134 26.772 0.100000
82440 -36.627 33.202 25.362 0.100000
82441 -36.877 33.680 25.780 0.100000
82442 -37.691 34.361 26.250 0.100000
82448 -35.012 33.476 24.343 0.100000
82449 -36.051 33.178 24.625 0.100000
82450 -36.550 33.314 25.019 0.100000
82457 -33.184 33.315 22.992 0.100000
82458 -33.760 33.509 23.465 0.100000
82459 -34.800 32.577 23.881 0.100000
82468 -32.477 33.283 22.373 0.100000
82469 -32.753 34.117 21.573 0.100000
82470 -33.360 34.208 22.435 0.100000
82475 -31.795 33.573 21.355 0.100000
82476 -32.394 34.144 20.561 0.100000
82480 -31.573 33.581 20.283 0.100000
82481 -32.295 34.134 19.674 0.100000
82485 -30.799 33.414 18.852 0.100000
82486 -31.540 33.792 19.352 0.100000
82487 -32.246 34.355 18.979 0.100000
82490 -30.526 33.897 18.077 0.100000
82491 -31.428 34.200 18.632 0.100000
82501 -29.335 33.869 16.832 0.100000
82509 -28.948 33.518 16.096 0.100000
82512 -29.064 33.887 15.235 0.100000
82822 -37.398 33.926 28.867 0.100000
82834 -37.906 34.620 28.099 0.100000
82835 -38.319 34.284 27.711 0.100000
82845 -38.497 34.701 27.251 0.100000
82859 -38.383 35.381 26.775 0.100000
82874 -36.620 34.715 25.485 0.100000
82875 -37.085 35.685 25.122 0.100000
82876 -37.648 35.682 25.976 0.100000
82889 -35.303 34.491 24.408 0.100000
82890 -35.983 35.213 24.610 0.100000
82903 -34.561 34.568 23.846 0.100000
82904 -34.782 35.027 22.840 0.100000
82905 -35.248 35.154 23.813 0.100000
82918 -33.587 34.558 21.438 0.100000
82919 -34.414 34.772 21.194 0.100000
82920 -34.838 34.901 21.764 0.100000
82931 -33.248 34.502 20.653 0.100000
82932 -33.958 34.718 20.686 0.100000
82933 -34.693 34.909 20.333 0.100000
82934 -35.328 35.023 20.999 0.100000
82944 -33.080 34.442 19.823 0.100000
82945 -33.941 34.783 19.881 0.100000
82946 -34.817 35.165 19.445 0.100000
82947 -35.671 35.307 20.101 0.100000
82955 -32.978 34.842 18.730 0.100000
82956 -33.631 34.822 19.148 0.100000
82970 -32.168 34.812 18.396 0.100000
82975 -29.913 34.117 17.447 0.100000
82981 -29.155 34.417 16.014 0.100000
83305 -38.536 35.910 27.110 0.100000
83316 -38.572 36.831 26.511 0.100000
83327 -38.655 36.746 25.000 0.100000
83328 -38.392 36.645 26.108 0.100000
83340 -37.320 36.037 24.283 0.100000
83351 -35.827 35.427 23.030 0.100000
83352 -37.126 35.745 23.280 0.100000
83353 -38.376 36.546 23.522 0.100000
83354 -38.722 36.955 24.075 0.100000
83355 -39.504 36.787 22.872 0.100000
83367 -35.674 35.267 21.938 0.100000
83368 -37.000 35.590 22.220 0.100000
83369 -38.439 36.127 22.638 0.100000
83370 -39.799 36.579 22.209 0.100000
83381 -38.401 35.958 21.625 0.100000
83735 -39.118 37.694 24.232 0.100000
83743 -39.393 37.384 23.379 0.100000
88844 -44.634 8.635 19.656 0.300000
88957 -43.875 25.275 15.645 0.600000
88973 -39.212 7.069 24.682 0.100000
89003 -41.235 16.013 25.699 0.200000
89048 -33.698 14.549 20.270 0.100000
89080 -39.806 4.366 24.757 0.100000
89111 -42.847 12.640 24.734 0.100000
89215 -39.786 30.363 21.040 0.600000
89249 -30.313 24.914 31.368 0.100000
89305 -47.134 5.747 17.953 0.100000
89330 -37.499 24.570 25.524 0.400000
89369 -38.614 29.630 11.076 0.300000
89389 -45.454 8.530 19.614 0.300000
89460 -31.831 17.563 20.202 0.100000
89466 -48.316 24.713 15.198 0.800000
89525 -38.867 4.788 24.517 0.100000
89565 -47.746 8.758 17.050 0.100000
89590 -41.338 12.722 24.649 0.100000
89640 -46.513 8.431 18.520 0.200000
89641 -45.671 8.380 18.158 0.100000
89940 -36.588 23.488 25.426 0.200000
89942 -48.545 15.530 19.483 0.800000
90123 -29.531 30.477 31.751 0.100000
90145 -42.952 29.102 15.460 0.300000
90244 -34.320 17.064 19.298 0.100000
90345 -34.632 18.547 18.585 0.100000
90366 -44.397 29.834 11.466 0.300000
90390 -45.567 5.058 24.862 0.100000
90409 -36.965 28.126 20.475 0.400000
90412 -32.555 19.465 19.493 0.200000
90488 -40.217 19.741 20.840 0.700000
90841 -32.550 30.696 12.810 0.100000
90868 -45.232 13.460 25.738 0.400000
90869 -46.075 12.068 27.066 0.500000
90871 -47.704 15.399 22.397 0.900000
90887 -27.683 28.778 33.899 0.100000
91008 -33.622 30.685 14.693 0.100000
91062 -38.986 31.623 16.418 0.300000
91088 -39.617 11.290 20.481 0.100000
91171 -34.020 28.993 22.527 0.200000
91186 -30.503 20.609 27.136 0.100000
91263 -30.510 28.559 23.468 0.200000
91373 -46.999 18.631 16.256 0.900000
91394 -39.354 30.080 11.379 0.300000
91437 -35.381 22.636 25.615 0.200000
91465 -46.448 19.131 24.769 0.900000
91483 -50.763 6.718 19.726 0.200000
91623 -46.568 5.622 21.049 0.200000
91646 -39.749 24.314 16.048 0.200000
91660 -31.567 31.797 32.889 0.100000
91669 -49.845 8.615 23.790 0.500000
91798 -36.619 29.569 18.604 0.200000
91927 -34.052 33.008 27.536 0.100000
91943 -48.615 10.395 27.263 0.800000
91947 -40.234 31.219 20.502 0.500000
92102 -41.384 8.112 24.374 0.100000
92162 -46.664 21.606 14.931 1.000000
92272 -44.628 17.499 14.521 0.600000
92357 -31.859 22.533 25.696 0.200000
92448 -46.565 8.459 20.500 0.400000
92514 -39.448 19.984 20.818 0.600000
92517 -35.623 15.342 19.142 0.100000
92593 -41.423 22.501 15.277 0.300000
92659 -33.760 16.602 19.717 0.100000
92786 -42.563 23.571 18.014 0.700000
92822 -33.617 24.622 25.212 0.200000
92925 -30.438 22.773 25.182 0.200000
92950 -44.090 33.119 15.783 0.700000
93003 -38.565 19.932 16.171 0.200000
93015 -34.497 29.487 18.873 0.200000
93028 -48.597 24.014 15.166 0.900000
93071 -41.284 11.725 24.651 0.100000
93073 -36.458 29.174 10.698 0.200000
93074 -33.919 32.812 30.765 0.100000
93079 -47.595 8.291 20.680 0.400000
93108 -42.551 19.764 23.038 0.600000
93129 -32.412 29.496 19.610 0.100000
93160 -29.915 30.221 17.649 0.100000
93224 -44.130 28.317 18.324 0.700000
93225 -43.216 19.943 22.944 0.900000
93238 -26.800 24.932 24.911 0.200000
93310 -41.682 10.509 24.550 0.100000
93358 -29.654 30.892 25.521 0.100000
93359 -38.556 27.634 22.734 0.500000
93511 -29.946 30.690 34.956 0.100000
93557 -26.217 28.679 28.584 0.100000
93598 -27.042 29.570 29.754 0.100000
93618 -30.989 30.467 15.427 0.100000
93642 -42.878 27.226 10.763 0.200000
93687 -48.910 12.780 24.768 0.900000
93720 -45.893 5.821 24.989 0.300000
93763 -40.884 8.531 19.352 0.100000
93775 -29.766 28.765 23.416 0.200000
93847 -34.402 32.636 25.911 0.100000
93870 -43.550 13.561 21.115 0.700000
93943 -47.121 9.821 27.532 0.600000
93959 -41.972 31.207 22.342 0.600000
94027 -27.480 23.443 25.343 0.200000
94029 -48.031 20.231 12.503 1.000000
94070 -43.407 30.985 10.506 0.300000
94099 -33.400 18.384 23.895 0.100000
94112 -40.561 24.579 19.184 0.500000
94138 -51.451 8.155 18.616 0.200000
94168 -27.143 22.486 26.596 0.100000
94208 -30.735 32.391 35.611 0.100000
94231 -40.501 24.282 15.790 0.300000
94235 -42.856 3.234 17.880 0.100000
94254 -26.441 24.351 25.612 0.200000
94300 -40.281 25.883 21.746 0.500000
94324 -29.594 29.522 23.583 0.200000
94377 -47.752 9.654 27.517 0.600000
94379 -45.774 18.293 13.250 0.800000
94398 -40.691 12.464 20.617 0.400000
94411 -38.431 7.444 18.571 0.100000
94427 -37.202 27.343 21.151 0.400000
94434 -38.029 19.153 16.411 0.300000
94480 -37.251 25.634 26.137 0.400000
94516 -37.500 23.673 16.730 0.200000
94540 -39.838 12.159 20.544 0.300000
94716 -40.606 19.538 21.575 0.700000
94743 -39.336 21.594 19.776 0.600000
94746 -44.377 4.097 20.827 0.100000
94790 -32.916 32.307 30.439 0.100000
94906 -34.424 30.730 15.906 0.200000
95120 -45.416 4.581 18.632 0.100000
95121 -48.012 9.433 23.128 0.500000
95127 -47.066 26.891 17.375 0.800000
95220 -43.686 31.166 17.031 0.700000
95236 -34.879 26.958 25.797 0.400000
95357 -32.642 23.110 31.654 0.100000
95379 -41.690 15.624 18.840 0.600000
95390 -49.809 8.131 23.815 0.500000
95434 -30.118 30.768 19.283 0.100000
95548 -41.569 25.338 15.764 0.300000
95588 -46.448 6.153 25.627 0.400000
95595 -39.595 28.796 9.675 0.200000
95688 -39.226 26.325 10.559 0.100000
95723 -45.429 8.589 26.534 0.400000
95820 -43.441 8.361 18.852 0.200000
95881 -45.591 16.784 15.383 0.700000
95904 -46.408 23.740 17.034 1.000000
95934 -45.539 30.394 16.919 0.700000
95978 -36.152 29.748 8.677 0.100000
96009 -35.278 29.610 18.954 0.200000
96069 -42.789 27.853 11.283 0.200000
96086 -49.406 6.288 19.553 0.200000
96105 -44.265 20.301 12.889 0.600000
96128 -34.139 26.542 23.707 0.400000
96234 -40.101 28.449 27.322 0.400000
96284 -44.380 10.620 25.495 0.300000
96296 -26.606 29.221 29.216 0.100000
96299 -46.710 16.437 25.879 0.800000
96337 -32.789 20.203 26.468 0.100000
96355 -30.488 31.366 29.411 0.100000
96392 -46.507 27.047 16.224 0.700000
96438 -26.902 29.326 28.336 0.100000
96467 -46.807 24.144 14.101 0.800000
96542 -39.152 30.261 20.478 0.400000
96618 -40.736 32.498 17.743 0.600000
96635 -45.110 10.573 22.176 0.700000
96646 -49.666 6.864 21.562 0.200000
96656 -42.056 20.179 14.508 0.400000
96657 -44.108 18.019 25.360 0.800000
96663 -40.050 20.244 15.615 0.300000
96666 -43.759 3.341 20.148 0.100000
96672 -33.305 31.684 24.665 0.200000
96762 -36.135 35.436 23.844 0.100000
96779 -37.920 33.681 26.766 0.100000
96795 -37.060 22.478 20.863 0.400000
96804 -48.516 11.675 27.351 0.700000
96829 -44.731 32.460 13.677 0.400000
96831 -35.663 29.460 10.430 0.100000
96846 -32.593 28.066 23.080 0.200000
96883 -36.733 35.481 20.994 0.100000
96939 -44.596 17.486 25.410 0.800000
96986 -27.580 28.441 31.735 0.100000
97007 -31.979 30.477 15.539 0.100000
97151 -44.962 4.408 22.206 0.200000
97233 -41.978 32.661 17.189 0.700000
97248 -40.540 25.796 25.385 0.400000
97268 -49.163 17.166 17.056 0.800000
97277 -36.335 26.022 25.987 0.400000
97295 -34.097 34.704 22.115 0.100000
97315 -41.950 11.981 21.015 0.500000
97338 -36.737 15.411 18.783 0.100000
97348 -40.355 14.870 26.471 0.200000
97383 -36.734 30.415 16.301 0.200000
97502 -33.150 18.803 24.378 0.100000
97516 -34.742 22.989 25.826 0.200000
97563 -44.838 5.812 26.908 0.300000
97701 -46.527 19.462 19.772 1.000000
97706 -40.439 18.232 14.773 0.300000
97714 -28.531 30.112 27.303 0.100000
97728 -43.314 1.448 24.622 0.100000
97748 -34.457 30.079 13.823 0.100000
97775 -44.320 3.887 18.819 0.100000
97781 -41.327 29.985 23.330 0.500000
97789 -32.089 23.137 25.245 0.200000
97832 -42.500 19.785 23.601 0.700000
97836 -42.222 5.338 25.532 0.100000
97860 -36.035 19.160 17.711 0.200000
97905 -40.510 27.676 11.922 0.100000
97973 -39.918 30.384 11.592 0.300000
98006 -31.612 18.354 20.122 0.200000
98080 -37.576 24.409 16.573 0.200000
98160 -40.717 26.897 10.659 0.100000
98259 -40.543 13.258 20.458 0.400000
98328 -31.877 32.285 25.966 0.100000
98331 -40.102 27.633 12.609 0.100000
98373 -28.558 29.912 34.480 0.100000
98418 -34.474 29.939 11.466 0.100000
98445 -37.230 23.158 20.825 0.400000
98455 -29.072 33.138 14.934 0.100000
98457 -49.844 8.051 23.165 0.300000
98489 -46.986 22.086 12.429 0.900000
98644 -37.506 30.865 14.332 0.200000
98680 -45.201 9.410 21.627 0.600000
98796 -37.611 31.579 15.199 0.200000
98868 -29.627 24.412 24.511 0.200000
98887 -34.230 30.140 16.547 0.100000
98902 -48.574 13.411 22.916 0.900000
98915 -48.517 8.407 19.335 0.200000
98922 -45.748 20.462 23.463 0.900000
98969 -26.219 28.008 27.230 0.100000
98972 -37.466 17.236 23.721 0.200000
99003 -40.509 27.201 8.260 0.200000
99019 -44.486 3.435 25.005 0.100000
99089 -40.634 19.822 20.209 0.700000
99153 -40.306 14.376 19.815 0.400000
99221 -49.593 6.333 18.099 0.100000
99229 -33.313 32.772 31.396 0.100000
99297 -48.626 8.167 20.752 0.200000
99406 -33.700 29.704 17.119 0.100000
99416 -27.223 28.355 25.180 0.100000
99420 -43.359 3.327 26.359 0.200000
99453 -46.790 15.911 17.279 0.800000
99502 -33.109 29.365 19.565 0.100000
99529 -35.815 29.394 18.237 0.200000
99559 -28.331 26.734 23.856 0.100000
99574 -40.242 19.132 23.090 0.400000
99619 -32.208 26.991 23.880 0.300000
99628 -39.462 27.425 5.606 0.100000
99675 -32.329 27.471 23.481 0.200000
99678 -34.673 21.563 22.615 0.200000
99744 -40.834 19.981 15.185 0.300000
99793 -46.371 19.134 23.945 0.900000
99855 -32.869 34.509 19.250 0.100000
99870 -28.347 20.854 27.841 0.100000
99871 -38.153 30.014 20.186 0.400000
99923 -33.959 29.253 19.418 0.200000
99997 -48.213 16.692 15.617 0.800000
100026 -45.770 28.418 16.265 0.500000
100075 -26.718 26.425 24.842 0.200000
100143 -41.475 12.442 20.791 0.500000
100342 -45.104 30.582 15.260 0.300000
100358 -48.074 18.205 15.983 0.900000
100403 -43.636 19.133 19.300 1.000000
100426 -28.909 31.876 17.053 0.100000
100455 -46.094 18.859 16.985 1.000000
100634 -43.415 25.529 9.585 0.100000
100651 -26.089 28.435 29.406 0.100000
100677 -33.247 16.809 25.347 0.100000
100742 -45.565 5.902 26.987 0.300000
100758 -45.076 11.982 21.810 0.800000
100776 -39.421 28.335 22.752 0.500000
100820 -43.246 9.884 24.706 0.200000
100825 -31.026 31.864 30.623 0.100000
100826 -29.039 30.819 29.269 0.100000
100858 -40.008 17.465 16.101 0.400000
100887 -42.208 15.259 19.547 0.600000
100939 -37.162 27.130 25.226 0.400000
100964 -42.136 32.240 19.108 0.700000
101027 -43.177 11.360 24.951 0.200000
101054 -42.251 33.213 15.558 0.600000
101063 -37.762 30.810 7.244 0.100000
101066 -34.676 20.700 22.401 0.300000
101125 -43.029 1.114 24.402 0.100000
101145 -45.538 24.664 9.447 0.100000
101155 -43.850 26.995 8.330 0.200000
101440 -40.672 28.053 14.540 0.200000
101876 -42.309 26.566 10.320 0.100000
101960 -28.451 28.503 23.642 0.100000
101978 -36.055 24.482 17.223 0.100000
102019 -43.882 4.885 26.689 0.200000
102025 -45.541 4.861 21.793 0.200000
102055 -31.588 31.826 26.946 0.100000
102105 -42.763 28.233 15.963 0.300000
102118 -35.392 26.593 22.567 0.400000
102213 -44.686 25.391 18.982 0.700000
102233 -25.707 27.221 27.491 0.100000
102295 -38.613 10.427 20.570 0.100000
102412 -47.672 6.383 22.847 0.300000
102430 -39.928 32.023 14.576 0.400000
102447 -42.180 31.175 21.941 0.700000
102453 -40.044 25.771 20.968 0.500000
102467 -43.111 11.267 21.242 0.600000
102546 -46.274 5.945 26.473 0.300000
102566 -44.551 3.186 26.215 0.100000
102659 -46.945 5.968 22.391 0.200000
102704 -37.328 31.349 15.496 0.200000
102731 -44.548 25.552 19.929 0.700000
102737 -40.722 25.290 19.766 0.500000
102870 -36.289 14.258 19.805 0.100000
102878 -42.710 14.771 20.196 0.600000
102983 -45.837 8.538 20.159 0.400000
103151 -35.149 19.492 22.422 0.300000
103192 -27.964 29.841 27.574 0.100000
103262 -28.901 29.571 23.740 0.100000
103285 -38.597 21.544 16.444 0.300000
103322 -47.331 19.969 22.131 1.000000
103325 -43.285 20.446 17.456 1.000000
103423 -43.537 18.913 20.280 1.000000
103429 -38.731 29.903 11.786 0.300000
103430 -50.616 8.500 18.575 0.200000
103455 -40.506 9.679 20.158 0.200000
103469 -34.207 30.531 14.428 0.100000
103503 -30.194 30.276 34.350 0.100000
103583 -39.893 27.291 14.995 0.100000
103587 -41.511 11.117 24.606 0.100000
103773 -47.847 12.673 27.448 0.600000
103786 -47.422 5.750 20.023 0.100000
103829 -50.528 9.659 16.014 0.100000
103845 -34.026 34.399 23.107 0.100000
103892 -47.961 24.937 16.512 0.800000
103946 -41.623 10.273 20.517 0.200000
104001 -46.630 6.748 27.441 0.400000
104031 -29.441 20.488 29.947 0.100000
104064 -45.027 27.088 19.488 0.700000
104110 -34.503 24.437 25.615 0.300000
104112 -33.868 17.746 19.318 0.100000
104138 -44.694 9.013 25.646 0.200000
104139 -35.972 26.695 25.624 0.400000
104141 -42.157 18.830 13.895 0.500000
104164 -30.490 34.535 17.625 0.100000
104167 -42.035 17.089 25.391 0.300000
104180 -38.877 21.240 20.243 0.400000
104355 -42.835 27.601 22.025 0.700000
104392 -39.377 19.365 15.582 0.300000
104397 -32.688 30.061 21.835 0.100000
104494 -42.354 29.447 25.289 0.500000
104538 -30.073 32.574 13.744 0.100000
104729 -28.257 32.720 36.974 0.100000
104731 -25.774 26.605 26.626 0.100000
104732 -42.938 17.647 14.622 0.500000
104736 -37.444 17.151 17.121 0.200000
104840 -45.904 5.000 18.397 0.100000
104891 -32.480 30.524 13.482 0.100000
104898 -30.072 23.308 24.862 0.200000
104917 -40.674 32.764 17.005 0.700000
104925 -47.010 26.186 8.935 0.100000
105012 -45.806 8.607 20.734 0.400000
105095 -45.757 22.009 12.878 0.700000
105097 -39.286 12.713 20.416 0.200000
105130 -32.126 31.852 29.721 0.100000
105150 -48.628 22.961 14.152 1.000000
105182 -40.747 28.751 27.071 0.400000
105229 -42.929 29.519 12.423 0.200000
105256 -43.943 19.410 24.962 0.900000
105266 -31.452 30.239 23.792 0.200000
105281 -39.142 23.881 16.288 0.200000
105286 -46.515 14.116 26.745 0.500000
105329 -48.742 9.978 23.532 0.600000
105335 -25.565 26.413 27.377 0.100000
105337 -48.222 23.268 15.100 0.900000
105358 -34.339 35.204 18.892 0.100000
105490 -36.019 18.019 17.877 0.200000
105498 -44.871 19.982 12.490 0.600000
105535 -29.982 33.318 13.888 0.100000
105580 -39.356 17.778 15.465 0.400000
105583 -36.953 23.638 21.399 0.400000
105592 -45.233 14.954 25.555 0.400000
105622 -38.294 27.048 14.342 0.100000
105686 -33.044 32.479 27.614 0.100000
105729 -47.259 16.178 16.669 0.700000
105768 -47.142 15.752 25.945 0.900000
105777 -41.622 26.084 15.908 0.300000
105797 -49.729 8.162 22.740 0.500000
105851 -29.580 31.097 29.926 0.100000
105911 -44.968 4.413 19.785 0.200000
105925 -36.364 29.797 13.104 0.100000
105991 -36.024 23.081 22.149 0.300000
106076 -43.637 11.898 25.219 0.200000
106137 -37.350 20.911 17.025 0.200000
106189 -28.239 30.432 29.068 0.100000
106211 -32.271 31.785 29.163 0.100000
106266 -45.751 28.523 17.796 0.700000
106295 -31.352 18.711 28.702 0.100000
106371 -40.193 19.398 15.275 0.300000
106386 -42.601 26.366 16.099 0.300000
106406 -42.438 14.111 20.549 0.700000
106492 -43.072 25.630 15.884 0.400000
106509 -35.430 27.324 21.035 0.300000
106510 -27.885 30.137 28.573 0.100000
106570 -40.472 17.979 24.381 0.200000
106609 -48.180 6.718 23.092 0.300000
106621 -47.784 8.842 22.444 0.400000
106684 -33.448 23.453 25.475 0.200000
106885 -40.805 19.567 20.888 0.700000
106924 -35.931 34.347 24.907 0.100000
106940 -45.038 20.559 16.141 1.000000
106970 -29.748 34.910 16.970 0.100000
106984 -34.060 26.947 25.734 0.400000
107007 -39.544 25.950 15.680 0.100000
107061 -38.883 29.441 10.645 0.300000
107097 -37.030 29.939 16.968 0.200000
107104 -34.212 27.137 22.514 0.300000
107121 -44.856 4.264 18.840 0.100000
107138 -51.097 6.639 19.180 0.200000
107178 -45.955 23.311 13.634 0.800000
107196 -34.082 23.566 25.664 0.200000
107244 -32.975 28.659 20.735 0.200000
107251 -42.296 28.538 15.575 0.300000
107269 -42.723 18.986 20.401 0.900000
107286 -30.505 21.097 26.679 0.100000
107296 -47.384 24.032 16.746 0.900000
107314 -34.195 35.005 19.297 0.100000
107324 -39.104 14.834 19.395 0.400000
107326 -31.950 32.244 34.307 0.100000
107395 -29.981 31.192 19.367 0.100000
107465 -41.750 26.488 24.210 0.400000
107466 -39.125 17.917 15.393 0.400000
107476 -36.833 27.131 26.279 0.400000
107520 -49.741 10.921 25.218 0.700000
107579 -26.483 28.020 26.561 0.200000
107605 -44.941 3.792 25.486 0.100000
107680 -47.023 19.475 14.608 1.000000
107714 -41.616 29.945 23.322 0.600000
107736 -44.928 23.139 14.053 0.700000
107785 -37.306 20.584 21.242 0.400000
107805 -38.826 27.435 13.193 0.100000
107854 -45.349 6.233 26.967 0.300000
107859 -32.915 33.813 22.264 0.100000
107892 -42.103 10.036 24.481 0.100000
107894 -39.755 25.280 25.002 0.400000
107922 -42.878 11.809 21.295 0.600000
107925 -47.798 19.781 12.408 0.900000
107933 -42.742 33.216 14.953 0.700000
108133 -43.524 26.477 22.219 0.600000
108184 -35.470 32.586 29.682 0.100000
108237 -49.777 7.614 22.701 0.300000
108264 -44.730 9.911 25.659 0.300000
108275 -44.673 26.493 20.887 0.700000
108335 -44.137 9.023 25.064 0.300000
108420 -34.611 18.821 22.916 0.300000
108491 -37.718 27.248 24.712 0.400000
108493 -34.198 21.180 25.073 0.200000
108608 -26.630 28.303 30.724 0.100000
108642 -42.065 4.232 25.986 0.200000
108720 -48.461 23.548 13.929 0.900000
108749 -34.256 17.184 23.825 0.100000
108784 -34.218 33.822 23.922 0.100000
108875 -44.247 20.477 16.756 1.000000
109067 -37.627 33.831 28.517 0.100000
109083 -46.438 16.000 26.106 0.700000
109134 -44.151 16.820 25.107 0.700000
109135 -39.304 7.326 17.597 0.100000
