#!ascii label  , from subject OAS1_0001-3 vox2ras=TkReg 
585
23705 -22.225 -53.648 47.410 0.000000
23708 -22.945 -53.653 47.393 0.000000
23714 -21.731 -53.662 47.089 0.000000
23717 -22.578 -53.832 46.900 0.000000
23718 -23.427 -53.981 46.840 0.000000
23719 -24.385 -54.081 46.792 0.000000
23722 -24.996 -53.893 46.999 0.000000
23728 -22.132 -53.850 46.321 0.000000
23729 -21.716 -53.701 45.690 0.000000
23730 -22.914 -54.058 46.281 0.000000
23735 -27.346 -53.980 45.928 0.000000
23740 -22.430 -53.895 45.674 0.000000
23757 -28.213 -54.419 44.130 0.000000
23758 -28.841 -54.185 43.727 0.000000
23767 -28.113 -54.547 42.827 0.000000
23768 -28.750 -54.609 42.867 0.000000
23769 -29.249 -54.475 42.822 0.000000
23770 -29.793 -54.162 42.659 0.000000
23771 -29.506 -53.905 43.203 0.000000
23772 -30.171 -53.654 42.685 0.000000
23779 -29.184 -54.514 42.125 0.000000
23781 -30.495 -53.825 42.269 0.000000
23782 -31.265 -53.540 41.587 0.000000
23789 -30.320 -53.997 41.919 0.000000
24425 -24.001 -52.567 47.902 0.000000
24426 -24.679 -53.305 47.407 0.000000
24427 -24.724 -52.590 47.564 0.000000
24428 -25.167 -52.908 47.235 0.000000
24435 -26.165 -53.580 46.425 0.000000
24436 -25.658 -52.827 46.780 0.000000
24437 -26.380 -53.082 46.385 0.000000
24446 -26.928 -53.566 46.181 0.000000
24447 -27.468 -53.465 45.857 0.000000
24457 -27.942 -53.575 45.453 0.000000
24458 -28.235 -53.809 45.088 0.000000
24469 -28.961 -53.730 43.740 0.000000
24480 -29.530 -53.231 43.302 0.000000
24481 -31.029 -53.418 42.304 0.000000
24482 -30.614 -52.955 42.777 0.000000
24483 -31.597 -52.831 42.397 0.000000
24495 -31.995 -53.180 41.775 0.000000
25283 -23.138 -52.090 48.398 0.000000
25286 -23.858 -51.939 48.093 0.000000
25287 -24.480 -52.015 47.747 0.000000
25288 -25.004 -52.300 47.218 0.000000
25296 -26.779 -52.952 46.158 0.000000
25301 -27.061 -52.808 45.857 0.000000
25303 -27.731 -53.141 45.413 0.000000
25309 -28.504 -53.594 44.332 0.000000
25318 -30.287 -51.941 43.274 0.000000
25329 -33.445 -52.391 41.484 0.000000
25330 -33.201 -51.971 42.196 0.000000
25331 -33.744 -51.484 41.636 0.000000
26078 -23.224 -51.643 48.054 0.000000
26079 -24.091 -51.605 47.664 0.000000
26080 -24.691 -51.630 47.169 0.000000
26081 -24.345 -51.367 47.186 0.000000
26091 -27.104 -52.510 45.132 0.000000
26097 -26.986 -51.993 44.114 0.000000
26109 -33.533 -51.164 42.301 0.000000
26110 -32.594 -51.464 42.768 0.000000
26115 -33.869 -51.126 41.460 0.000000
26896 -23.749 -51.428 47.520 0.000000
26908 -24.293 -51.194 47.010 0.000000
26909 -24.046 -50.885 46.774 0.000000
26910 -24.678 -51.137 46.768 0.000000
26916 -24.658 -50.716 46.525 0.000000
26937 -33.675 -50.487 42.450 0.000000
26945 -34.140 -50.433 41.854 0.000000
26946 -34.328 -49.995 42.151 0.000000
26947 -34.414 -49.944 42.250 0.000000
27750 -32.235 -48.757 43.285 0.000000
27766 -33.511 -49.785 42.709 0.000000
27780 -34.749 -49.554 42.670 0.000000
27789 -34.575 -49.431 42.205 0.000000
28419 -32.645 -48.221 43.053 0.000000
28432 -33.678 -48.381 42.648 0.000000
28433 -34.320 -49.317 42.436 0.000000
28434 -34.621 -48.702 42.479 0.000000
28451 -34.579 -48.390 42.315 0.000000
29160 -31.979 -47.355 43.309 0.000000
29161 -33.110 -47.567 42.811 0.000000
29162 -32.655 -47.163 43.038 0.000000
29163 -33.339 -46.677 42.724 0.000000
29168 -34.086 -47.514 42.499 0.000000
29169 -34.579 -47.750 42.263 0.000000
29181 -34.709 -47.265 42.224 0.000000
29211 -36.775 -46.388 40.392 0.000000
29255 -40.788 -46.373 37.803 0.000000
29275 -41.090 -46.536 37.057 0.000000
29946 -33.148 -45.835 42.777 0.000000
29947 -34.043 -46.411 42.591 0.000000
29948 -33.592 -45.871 42.698 0.000000
29949 -33.885 -45.526 42.769 0.000000
29953 -34.532 -46.454 42.593 0.000000
29954 -34.244 -45.843 42.694 0.000000
29955 -34.781 -45.651 42.692 0.000000
29961 -35.554 -45.672 42.200 0.000000
29962 -36.263 -45.615 41.563 0.000000
29971 -36.949 -45.700 40.989 0.000000
29972 -37.596 -45.829 40.505 0.000000
29983 -38.186 -45.898 39.975 0.000000
29985 -38.814 -45.341 39.980 0.000000
29999 -39.897 -46.246 38.270 0.000000
30000 -39.618 -45.743 39.033 0.000000
30001 -40.571 -45.860 38.487 0.000000
30014 -41.528 -46.205 37.390 0.000000
30015 -41.369 -45.990 38.066 0.000000
30016 -41.861 -45.864 37.592 0.000000
30036 -41.656 -46.347 36.789 0.000000
30037 -42.091 -45.986 37.085 0.000000
30038 -42.160 -46.085 36.523 0.000000
30683 -33.557 -45.250 42.856 0.000000
30684 -34.224 -45.224 42.841 0.000000
30685 -33.984 -45.177 42.844 0.000000
30686 -34.277 -44.594 42.804 0.000000
30692 -35.409 -44.943 42.504 0.000000
30693 -35.108 -44.288 42.565 0.000000
30694 -36.011 -44.352 42.178 0.000000
30700 -36.955 -45.106 41.597 0.000000
30701 -36.750 -44.439 41.797 0.000000
30702 -37.346 -44.596 41.478 0.000000
30708 -37.573 -45.153 41.111 0.000000
30709 -37.858 -44.450 41.085 0.000000
30710 -38.272 -45.096 40.631 0.000000
30711 -38.467 -44.323 40.744 0.000000
30712 -38.999 -44.578 40.400 0.000000
30717 -39.505 -44.964 39.711 0.000000
30718 -39.556 -44.180 39.980 0.000000
30719 -40.065 -44.487 39.556 0.000000
30726 -41.075 -45.301 38.650 0.000000
30727 -40.744 -44.487 39.208 0.000000
30728 -41.447 -44.519 38.689 0.000000
30734 -42.193 -44.621 38.164 0.000000
30735 -42.399 -45.481 37.461 0.000000
30743 -42.619 -45.686 36.860 0.000000
30744 -42.955 -45.327 37.048 0.000000
30745 -43.159 -45.298 36.558 0.000000
30756 -42.760 -45.656 36.258 0.000000
30757 -43.352 -45.215 35.843 0.000000
30771 -42.788 -45.544 35.402 0.000000
30772 -43.473 -45.037 35.188 0.000000
31396 -33.339 -44.643 42.829 0.000000
31397 -33.629 -44.753 42.855 0.000000
31398 -33.902 -44.287 42.776 0.000000
31413 -34.357 -44.128 42.711 0.000000
31414 -35.107 -43.704 42.420 0.000000
31415 -35.906 -43.839 42.157 0.000000
31425 -36.493 -43.657 41.659 0.000000
31426 -37.211 -43.929 41.437 0.000000
31431 -38.048 -43.929 40.883 0.000000
31432 -38.990 -43.893 40.548 0.000000
31437 -39.582 -43.656 39.776 0.000000
31438 -40.204 -43.880 39.558 0.000000
31444 -41.753 -43.614 38.617 0.000000
31449 -42.830 -44.729 37.521 0.000000
31450 -42.518 -43.600 38.108 0.000000
31451 -43.101 -43.948 37.380 0.000000
31456 -43.419 -44.649 36.781 0.000000
31457 -43.618 -43.601 36.878 0.000000
31458 -44.147 -44.050 36.235 0.000000
31464 -43.786 -44.779 36.077 0.000000
31465 -44.683 -43.349 35.657 0.000000
31476 -43.913 -44.706 35.369 0.000000
31477 -44.397 -44.023 34.872 0.000000
31486 -43.853 -44.582 34.727 0.000000
31493 -43.476 -43.838 33.631 0.000000
31494 -44.173 -43.796 34.140 0.000000
32052 -33.628 -44.268 42.700 0.000000
32064 -34.310 -43.673 42.545 0.000000
32079 -35.882 -43.530 41.987 0.000000
32080 -36.470 -43.509 41.535 0.000000
32081 -36.927 -43.577 41.329 0.000000
32094 -37.476 -43.669 41.035 0.000000
32095 -38.288 -43.718 40.545 0.000000
32110 -36.496 -43.257 40.666 0.000000
32111 -36.884 -43.355 40.071 0.000000
32112 -37.743 -43.381 40.092 0.000000
32113 -39.140 -43.553 40.051 0.000000
32114 -39.626 -43.341 39.423 0.000000
32115 -40.178 -43.242 39.290 0.000000
32128 -37.289 -43.592 38.831 0.000000
32129 -37.993 -43.371 39.294 0.000000
32130 -40.947 -43.554 39.073 0.000000
32131 -41.375 -42.883 38.624 0.000000
32132 -41.968 -42.906 38.468 0.000000
32149 -38.807 -43.227 38.819 0.000000
32151 -42.402 -42.559 38.162 0.000000
32152 -43.034 -43.011 37.650 0.000000
32164 -43.684 -42.570 37.210 0.000000
32165 -44.402 -43.132 36.448 0.000000
32175 -44.985 -42.689 35.772 0.000000
32176 -45.150 -42.735 35.184 0.000000
32180 -44.784 -43.255 35.078 0.000000
32181 -45.314 -42.596 34.763 0.000000
32194 -44.790 -43.136 34.462 0.000000
32195 -45.444 -42.408 33.981 0.000000
32200 -43.987 -43.205 33.309 0.000000
32201 -44.704 -42.951 33.633 0.000000
32202 -45.111 -42.406 33.055 0.000000
32208 -43.788 -42.806 32.626 0.000000
32209 -44.406 -42.613 32.820 0.000000
32804 -37.049 -43.523 41.231 0.000000
32817 -36.422 -43.315 41.276 0.000000
32818 -37.236 -43.406 40.820 0.000000
32831 -38.068 -43.562 40.416 0.000000
32832 -39.328 -43.342 39.448 0.000000
32833 -40.021 -42.809 39.046 0.000000
32845 -38.690 -43.357 39.677 0.000000
32846 -39.564 -42.992 38.997 0.000000
32847 -40.159 -42.439 38.557 0.000000
32848 -40.711 -42.778 38.778 0.000000
32849 -41.788 -42.456 38.289 0.000000
32860 -39.459 -42.702 38.354 0.000000
32862 -40.893 -42.452 38.266 0.000000
32863 -42.271 -42.045 38.019 0.000000
32864 -42.952 -42.096 37.871 0.000000
32875 -43.563 -41.682 37.408 0.000000
32876 -44.502 -42.122 36.644 0.000000
32891 -45.296 -42.057 35.752 0.000000
32892 -45.742 -41.860 35.064 0.000000
32905 -45.583 -42.205 34.879 0.000000
32906 -45.968 -41.520 34.693 0.000000
32922 -45.761 -41.895 34.512 0.000000
32923 -46.236 -41.278 34.356 0.000000
32929 -45.997 -41.594 33.934 0.000000
32930 -46.202 -41.285 33.212 0.000000
32935 -45.310 -41.924 32.620 0.000000
32936 -45.787 -41.426 32.573 0.000000
32944 -45.209 -41.553 32.027 0.000000
33551 -40.691 -42.127 37.880 0.000000
33552 -41.493 -42.045 37.833 0.000000
33553 -42.153 -41.797 37.797 0.000000
33554 -42.816 -41.535 37.630 0.000000
33564 -41.300 -41.567 37.315 0.000000
33565 -42.041 -41.183 37.025 0.000000
33566 -42.513 -41.253 37.317 0.000000
33567 -43.501 -40.962 37.250 0.000000
33568 -45.029 -41.341 36.417 0.000000
33569 -44.224 -41.214 37.073 0.000000
33570 -44.717 -40.636 36.742 0.000000
33583 -45.711 -41.284 35.592 0.000000
33584 -46.212 -41.165 34.926 0.000000
33595 -46.419 -40.995 34.591 0.000000
33616 -46.650 -40.799 34.217 0.000000
33617 -47.014 -40.301 34.161 0.000000
33628 -46.920 -40.492 33.499 0.000000
34246 -42.950 -40.732 37.039 0.000000
34247 -43.387 -40.474 37.032 0.000000
34248 -43.991 -40.214 37.071 0.000000
34249 -44.167 -40.620 37.082 0.000000
34250 -45.568 -40.528 36.348 0.000000
34251 -45.622 -39.679 36.669 0.000000
34261 -42.639 -40.677 36.855 0.000000
34262 -46.308 -40.428 35.557 0.000000
34263 -46.795 -39.620 36.020 0.000000
34264 -46.793 -39.990 35.319 0.000000
34277 -46.630 -40.573 34.878 0.000000
34278 -46.934 -40.028 34.776 0.000000
34296 -47.280 -39.697 34.201 0.000000
34313 -47.322 -39.885 33.538 0.000000
35035 -43.216 -40.059 36.708 0.000000
35036 -43.822 -39.214 36.461 0.000000
35037 -44.428 -38.894 36.597 0.000000
35038 -45.189 -38.548 36.727 0.000000
35039 -45.852 -38.843 36.822 0.000000
35040 -46.460 -39.209 36.565 0.000000
35044 -42.672 -40.116 36.404 0.000000
35045 -43.058 -39.387 36.138 0.000000
35047 -47.069 -38.825 36.343 0.000000
35048 -47.034 -39.442 35.576 0.000000
35057 -47.089 -39.278 34.929 0.000000
35076 -47.487 -38.963 34.243 0.000000
35085 -47.560 -39.303 32.844 0.000000
35086 -47.551 -39.180 33.525 0.000000
35087 -47.853 -38.553 32.792 0.000000
35783 -44.346 -38.351 36.465 0.000000
35784 -44.877 -37.422 36.668 0.000000
35785 -45.461 -37.616 36.791 0.000000
35786 -45.943 -38.003 36.918 0.000000
35787 -46.546 -38.428 36.784 0.000000
35792 -46.970 -37.915 36.658 0.000000
35793 -47.281 -38.121 36.281 0.000000
35797 -47.511 -37.767 35.255 0.000000
35814 -47.690 -38.093 34.344 0.000000
35815 -47.786 -38.343 33.482 0.000000
35825 -48.342 -37.614 32.661 0.000000
36542 -44.982 -36.502 36.857 0.000000
36543 -45.591 -36.752 36.904 0.000000
36544 -46.082 -37.045 36.960 0.000000
36545 -46.676 -37.071 36.817 0.000000
36546 -47.118 -37.267 36.518 0.000000
36559 -44.554 -36.945 36.296 0.000000
36560 -47.300 -36.615 36.276 0.000000
36573 -47.526 -36.862 35.474 0.000000
36593 -47.735 -37.130 34.511 0.000000
36594 -48.179 -36.470 33.809 0.000000
36607 -48.624 -36.723 32.861 0.000000
36614 -49.032 -36.882 32.263 0.000000
37407 -44.974 -35.772 36.802 0.000000
37408 -45.611 -36.013 36.978 0.000000
37409 -46.045 -36.209 36.982 0.000000
37410 -46.398 -35.878 36.860 0.000000
37411 -46.873 -36.328 36.728 0.000000
37422 -47.224 -35.721 36.383 0.000000
37432 -47.874 -36.205 34.817 0.000000
37433 -47.586 -35.958 35.706 0.000000
37434 -48.012 -35.392 35.109 0.000000
37456 -48.337 -35.572 34.153 0.000000
37476 -48.654 -35.767 33.079 0.000000
37490 -50.045 -35.669 31.558 0.000000
38221 -45.504 -34.601 36.579 0.000000
38222 -45.630 -35.327 36.781 0.000000
38223 -46.064 -35.477 36.851 0.000000
38224 -46.521 -35.254 36.631 0.000000
38225 -46.830 -35.614 36.633 0.000000
38237 -47.113 -34.866 36.264 0.000000
38238 -47.641 -35.127 35.824 0.000000
38248 -48.071 -34.687 35.191 0.000000
38259 -48.428 -34.392 34.312 0.000000
38276 -49.055 -34.088 33.272 0.000000
38277 -49.636 -34.458 32.588 0.000000
38291 -50.330 -34.911 31.672 0.000000
38292 -50.346 -34.220 32.104 0.000000
38307 -50.432 -34.788 31.376 0.000000
38943 -46.939 -34.145 36.225 0.000000
38952 -47.344 -33.867 36.009 0.000000
38953 -47.681 -34.324 35.745 0.000000
38962 -48.082 -33.985 35.108 0.000000
38974 -48.516 -33.695 33.950 0.000000
38987 -49.270 -33.267 33.128 0.000000
38988 -49.815 -33.677 32.606 0.000000
38997 -50.400 -33.398 32.216 0.000000
38998 -50.499 -34.352 31.778 0.000000
39004 -50.573 -33.977 31.518 0.000000
39600 -47.553 -33.052 36.051 0.000000
39601 -47.795 -33.516 35.714 0.000000
39605 -48.173 -33.281 35.121 0.000000
39615 -48.407 -33.013 33.957 0.000000
39624 -49.286 -32.602 33.107 0.000000
39625 -49.991 -32.959 32.553 0.000000
39631 -50.380 -32.684 32.285 0.000000
39632 -50.591 -33.217 32.060 0.000000
40272 -47.242 -32.532 36.205 0.000000
40284 -47.881 -32.806 35.772 0.000000
40297 -48.166 -32.553 35.140 0.000000
40304 -48.379 -32.194 33.928 0.000000
40311 -49.121 -31.743 33.017 0.000000
40312 -49.992 -32.216 32.569 0.000000
40319 -50.325 -31.840 32.294 0.000000
40320 -50.518 -32.390 32.121 0.000000
41048 -46.352 -31.105 36.088 0.000000
41049 -46.683 -31.582 36.122 0.000000
41050 -47.164 -31.720 36.142 0.000000
41058 -47.415 -30.873 35.967 0.000000
41059 -47.831 -32.114 35.800 0.000000
41066 -48.041 -31.665 35.125 0.000000
41074 -48.155 -31.162 33.762 0.000000
41080 -48.807 -30.655 32.871 0.000000
41081 -49.887 -31.273 32.464 0.000000
41089 -50.433 -31.441 32.041 0.000000
41097 -50.499 -30.967 31.506 0.000000
41903 -46.661 -30.666 36.076 0.000000
41904 -47.056 -31.001 36.154 0.000000
41913 -46.858 -30.240 36.032 0.000000
41914 -47.313 -30.040 35.776 0.000000
41923 -47.869 -30.692 34.847 0.000000
41930 -48.103 -30.021 33.863 0.000000
41938 -48.997 -29.501 33.128 0.000000
41939 -49.827 -30.123 32.476 0.000000
41949 -50.382 -29.420 32.319 0.000000
41950 -50.610 -29.725 31.958 0.000000
41956 -50.798 -29.955 31.412 0.000000
42750 -46.680 -29.400 35.678 0.000000
42751 -47.071 -29.651 35.767 0.000000
42753 -47.089 -29.299 35.522 0.000000
42760 -47.677 -29.631 35.135 0.000000
42768 -48.274 -28.868 34.126 0.000000
42778 -49.401 -28.385 33.226 0.000000
42779 -50.233 -28.305 32.659 0.000000
42780 -50.817 -28.548 32.256 0.000000
42790 -51.356 -29.217 30.885 0.000000
42791 -51.100 -29.070 31.587 0.000000
42792 -51.486 -28.479 31.106 0.000000
42807 -52.010 -28.701 30.286 0.000000
42823 -52.579 -28.786 28.962 0.000000
42824 -52.472 -28.603 29.496 0.000000
42825 -52.827 -28.221 29.438 0.000000
43621 -47.448 -29.227 35.038 0.000000
43629 -48.847 -27.738 33.548 0.000000
43636 -49.935 -27.376 33.068 0.000000
43637 -50.515 -27.454 32.727 0.000000
43644 -51.265 -28.264 31.855 0.000000
43645 -50.986 -27.508 32.359 0.000000
43646 -51.365 -27.449 31.614 0.000000
43654 -51.914 -27.823 30.692 0.000000
43664 -52.541 -28.102 30.087 0.000000
43665 -52.307 -27.023 30.392 0.000000
43677 -52.796 -27.339 29.890 0.000000
43678 -53.173 -28.468 28.810 0.000000
44510 -47.462 -28.376 34.491 0.000000
44527 -48.811 -27.202 33.489 0.000000
44528 -50.290 -26.811 32.997 0.000000
44529 -49.705 -26.771 33.140 0.000000
44535 -50.291 -26.563 32.872 0.000000
44536 -51.156 -26.627 31.638 0.000000
44537 -50.829 -26.695 32.364 0.000000
44544 -51.603 -26.810 30.923 0.000000
44562 -48.729 -27.089 30.615 0.000000
44563 -52.047 -26.075 30.531 0.000000
44564 -52.657 -26.210 30.147 0.000000
44591 -49.935 -26.629 29.971 0.000000
44592 -53.030 -26.646 29.613 0.000000
44593 -53.402 -27.323 28.809 0.000000
44608 -50.811 -26.356 28.814 0.000000
44622 -54.094 -26.564 27.485 0.000000
44634 -54.054 -26.929 26.533 0.000000
44665 -53.725 -27.270 24.485 0.000000
45333 -49.045 -26.672 33.215 0.000000
45341 -48.825 -26.443 32.911 0.000000
45342 -49.736 -26.446 32.926 0.000000
45343 -50.432 -26.519 32.478 0.000000
45357 -48.957 -26.673 31.596 0.000000
45358 -49.838 -26.451 32.121 0.000000
45359 -50.593 -26.397 31.656 0.000000
45360 -51.230 -26.275 31.114 0.000000
45383 -49.702 -26.531 30.969 0.000000
45384 -50.745 -26.152 30.720 0.000000
45385 -51.635 -25.841 30.390 0.000000
45386 -52.371 -25.622 30.133 0.000000
45392 -51.667 -25.631 29.638 0.000000
45393 -52.375 -25.490 29.407 0.000000
45394 -52.844 -25.770 29.755 0.000000
45395 -53.242 -26.012 29.116 0.000000
45398 -51.564 -25.783 28.650 0.000000
45399 -52.368 -25.247 28.412 0.000000
45403 -51.305 -25.886 27.659 0.000000
45404 -51.754 -25.118 27.256 0.000000
45405 -54.274 -25.540 26.976 0.000000
45425 -53.797 -26.306 24.884 0.000000
45436 -53.562 -26.441 24.051 0.000000
45449 -54.360 -26.534 23.020 0.000000
45450 -53.684 -25.952 23.448 0.000000
45460 -53.958 -25.260 22.530 0.000000
46101 -52.843 -25.535 29.143 0.000000
46104 -53.282 -25.275 28.368 0.000000
46107 -52.856 -24.509 27.673 0.000000
46108 -53.620 -24.049 27.480 0.000000
46109 -53.633 -24.643 27.657 0.000000
46110 -54.253 -24.351 27.290 0.000000
46122 -52.015 -24.504 26.676 0.000000
46123 -54.585 -24.696 26.439 0.000000
46130 -54.423 -25.173 25.483 0.000000
46131 -54.985 -24.208 25.979 0.000000
46140 -53.817 -25.576 24.296 0.000000
46141 -54.721 -24.374 25.161 0.000000
46820 -53.029 -23.909 27.019 0.000000
46821 -53.968 -23.536 27.147 0.000000
46822 -54.763 -23.617 26.648 0.000000
46827 -52.125 -23.635 24.985 0.000000
46828 -53.303 -23.475 26.544 0.000000
46829 -55.055 -23.576 25.806 0.000000
46839 -54.869 -23.598 24.810 0.000000
46851 -53.915 -24.820 23.729 0.000000
46852 -54.330 -23.828 23.296 0.000000
47551 -54.112 -23.006 26.547 0.000000
47555 -53.122 -23.092 25.894 0.000000
47556 -54.144 -22.435 25.836 0.000000
47557 -54.623 -23.080 26.132 0.000000
47566 -52.998 -22.746 24.918 0.000000
47567 -53.230 -22.200 24.245 0.000000
47568 -53.867 -22.223 25.019 0.000000
47569 -54.346 -22.382 24.939 0.000000
47579 -54.875 -22.961 22.845 0.000000
47589 -55.227 -22.373 22.347 0.000000
47607 -55.236 -22.791 20.655 0.000000
48363 -54.479 -22.042 23.988 0.000000
48373 -54.315 -21.435 23.628 0.000000
48374 -55.023 -22.124 23.383 0.000000
48375 -54.839 -21.485 23.360 0.000000
48376 -55.266 -21.656 22.798 0.000000
48383 -55.461 -21.361 22.121 0.000000
48390 -55.457 -21.115 21.476 0.000000
49153 -54.726 -20.898 23.145 0.000000
49154 -55.211 -20.980 22.918 0.000000
49839 -54.794 -20.339 23.096 0.000000
49840 -55.233 -20.104 23.011 0.000000
88840 -35.969 -46.722 40.040 0.000000
89079 -41.963 -41.577 37.545 0.000000
89273 -43.870 -39.736 36.806 0.000000
90033 -35.801 -46.605 40.857 0.000000
90046 -40.304 -45.166 39.165 0.000000
90067 -53.944 -25.364 27.716 0.000000
90076 -32.453 -49.439 43.257 0.000000
90103 -50.874 -26.428 31.938 0.000000
90193 -21.064 -53.556 45.653 0.000000
90308 -47.293 -38.785 35.789 0.000000
90315 -34.487 -47.087 42.413 0.000000
90316 -41.779 -45.414 38.133 0.000000
90495 -55.403 -21.918 21.381 0.000000
90524 -54.870 -22.729 24.285 0.000000
90751 -48.001 -37.398 33.557 0.000000
90765 -47.349 -38.556 35.079 0.000000
91053 -29.205 -54.327 43.183 0.000000
91092 -47.246 -39.901 32.773 0.000000
91293 -30.012 -51.810 43.340 0.000000
91301 -36.206 -44.973 42.040 0.000000
91498 -44.876 -38.144 36.637 0.000000
91670 -44.533 -39.431 36.726 0.000000
91681 -27.058 -54.527 43.846 0.000000
91924 -32.610 -46.597 42.945 0.000000
92017 -32.028 -46.706 43.132 0.000000
92033 -33.102 -48.968 42.833 0.000000
92338 -53.723 -26.268 28.324 0.000000
92466 -52.270 -23.923 26.013 0.000000
92515 -29.924 -53.318 42.992 0.000000
92610 -23.793 -54.199 46.253 0.000000
93111 -35.819 -43.167 40.859 0.000000
93867 -32.384 -47.675 43.197 0.000000
94222 -45.163 -39.262 36.745 0.000000
94446 -45.803 -40.993 31.818 0.000000
94449 -41.642 -42.250 38.052 0.000000
94653 -47.723 -31.218 35.777 0.000000
94691 -46.475 -37.684 36.883 0.000000
95113 -48.763 -34.852 33.440 0.000000
95171 -32.299 -53.331 41.199 0.000000
95552 -45.919 -34.597 36.691 0.000000
95569 -29.691 -52.496 43.288 0.000000
95936 -50.453 -30.575 31.868 0.000000
95960 -34.776 -49.135 42.660 0.000000
95971 -33.958 -50.788 42.044 0.000000
96030 -46.234 -34.635 36.602 0.000000
96507 -55.409 -22.602 21.440 0.000000
96567 -44.349 -44.100 35.510 0.000000
96728 -46.325 -40.875 32.484 0.000000
96732 -42.976 -41.021 37.257 0.000000
97241 -30.073 -52.690 43.109 0.000000
97583 -41.242 -42.556 38.332 0.000000
98148 -48.037 -27.863 33.904 0.000000
99540 -50.000 -35.071 32.071 0.000000
99670 -50.589 -26.857 32.778 0.000000
99927 -49.868 -29.126 32.703 0.000000
100070 -37.285 -43.447 39.505 0.000000
100166 -46.488 -41.057 33.794 0.000000
101103 -54.845 -22.901 25.460 0.000000
101221 -47.630 -32.450 35.985 0.000000
102048 -49.155 -26.407 32.515 0.000000
102058 -46.365 -36.427 36.924 0.000000
102614 -34.888 -45.137 42.702 0.000000
102677 -47.538 -31.842 35.980 0.000000
102699 -49.328 -35.212 32.626 0.000000
102831 -45.394 -42.401 35.230 0.000000
102874 -43.166 -44.951 34.633 0.000000
102931 -46.598 -40.843 33.123 0.000000
102952 -26.528 -52.204 45.712 0.000000
103082 -23.698 -53.383 47.588 0.000000
103090 -53.069 -27.687 29.370 0.000000
103428 -47.825 -28.528 34.355 0.000000
103794 -47.404 -37.530 36.076 0.000000
104017 -31.221 -52.359 42.755 0.000000
104689 -46.223 -39.856 36.277 0.000000
104842 -44.693 -39.990 36.785 0.000000
105029 -27.787 -54.532 43.659 0.000000
105297 -36.303 -46.113 41.019 0.000000
105460 -34.588 -47.084 42.425 0.000000
105590 -36.521 -44.105 41.936 0.000000
105919 -55.394 -21.971 21.972 0.000000
105973 -49.442 -36.026 32.292 0.000000
106101 -50.261 -30.672 32.162 0.000000
106246 -45.683 -41.863 33.244 0.000000
106377 -39.155 -45.514 39.548 0.000000
106835 -33.993 -43.982 42.898 0.000000
106839 -49.200 -33.653 33.152 0.000000
106873 -37.590 -43.623 40.876 0.000000
106978 -28.399 -54.517 43.423 0.000000
107008 -40.423 -42.599 38.648 0.000000
107042 -38.781 -43.488 40.123 0.000000
107698 -52.779 -28.641 28.981 0.000000
107737 -46.727 -40.575 34.511 0.000000
107793 -48.370 -34.950 34.539 0.000000
107981 -46.656 -34.610 36.408 0.000000
108145 -47.421 -38.212 35.829 0.000000
108698 -45.100 -40.210 36.670 0.000000
108755 -50.559 -33.823 31.973 0.000000
109101 -45.086 -35.183 36.535 0.000000
