#!ascii label  , from subject OAS1_0001-3 vox2ras=TkReg 
1166
24379 -9.289 -52.835 52.874 0.000000
24381 -10.714 -52.927 52.642 0.000000
24383 -12.274 -52.113 52.801 0.000000
25251 -9.395 -52.228 53.127 0.000000
25252 -10.045 -51.779 53.395 0.000000
25253 -10.212 -52.403 53.147 0.000000
25254 -10.974 -51.790 53.227 0.000000
25255 -11.313 -52.179 52.963 0.000000
25256 -11.842 -51.756 52.965 0.000000
25258 -8.220 -51.932 52.677 0.000000
25259 -8.521 -52.287 52.720 0.000000
25260 -9.124 -52.433 52.975 0.000000
25261 -12.647 -51.822 52.779 0.000000
25262 -13.516 -51.932 52.645 0.000000
26044 -8.751 -51.871 52.944 0.000000
26045 -8.889 -51.117 53.198 0.000000
26046 -9.618 -50.966 53.291 0.000000
26047 -10.598 -51.157 53.281 0.000000
26048 -11.471 -51.335 53.114 0.000000
26049 -12.137 -51.439 52.876 0.000000
26052 -8.032 -50.586 52.940 0.000000
26053 -14.360 -51.802 52.461 0.000000
26054 -14.990 -51.524 52.176 0.000000
26057 -15.707 -51.378 52.136 0.000000
26058 -16.345 -51.268 51.875 0.000000
26103 -28.563 -51.850 43.253 0.000000
26105 -29.908 -51.225 43.219 0.000000
26113 -28.061 -51.233 42.606 0.000000
26114 -29.124 -51.313 42.910 0.000000
26823 -9.055 -50.131 53.497 0.000000
26824 -10.054 -50.339 53.352 0.000000
26825 -11.094 -50.749 53.180 0.000000
26826 -11.745 -51.030 53.042 0.000000
26829 -8.655 -50.098 53.409 0.000000
26830 -9.356 -50.001 53.600 0.000000
26831 -10.820 -50.223 53.174 0.000000
26832 -11.604 -50.569 53.008 0.000000
26833 -11.439 -50.088 52.825 0.000000
26834 -12.201 -50.988 52.797 0.000000
26835 -13.577 -51.063 52.354 0.000000
26836 -14.370 -51.188 52.233 0.000000
26839 -12.105 -50.499 52.632 0.000000
26840 -12.800 -50.864 52.431 0.000000
26841 -12.619 -50.456 52.098 0.000000
26842 -14.427 -50.838 51.915 0.000000
26843 -15.314 -51.106 51.943 0.000000
26844 -16.527 -51.165 51.689 0.000000
26846 -13.012 -50.535 51.278 0.000000
26847 -12.134 -50.270 51.294 0.000000
26848 -14.065 -50.598 51.222 0.000000
26849 -15.127 -50.820 51.407 0.000000
26850 -15.893 -51.007 51.093 0.000000
26851 -16.644 -51.098 51.285 0.000000
26852 -17.494 -51.282 51.149 0.000000
26856 -11.945 -50.293 49.634 0.000000
26857 -11.575 -50.134 50.465 0.000000
26858 -12.763 -50.504 49.657 0.000000
26859 -14.058 -50.663 50.208 0.000000
26860 -14.731 -50.808 49.831 0.000000
26862 -17.265 -50.980 50.560 0.000000
26870 -12.336 -50.583 48.863 0.000000
26871 -11.519 -50.350 48.896 0.000000
26872 -13.191 -50.756 48.977 0.000000
26873 -14.005 -50.834 49.330 0.000000
26874 -14.685 -51.131 48.883 0.000000
26875 -16.182 -50.944 49.116 0.000000
26876 -17.065 -50.835 48.737 0.000000
26886 -11.923 -50.435 48.152 0.000000
26887 -12.888 -50.811 48.033 0.000000
26888 -12.342 -50.194 47.398 0.000000
26889 -14.672 -51.303 47.914 0.000000
26890 -16.163 -51.146 48.173 0.000000
26891 -16.838 -50.940 47.682 0.000000
26897 -22.833 -51.403 47.816 0.000000
26900 -13.128 -50.400 47.140 0.000000
26901 -13.914 -50.572 46.651 0.000000
26902 -13.172 -50.007 46.383 0.000000
26903 -15.154 -51.056 47.193 0.000000
26904 -16.014 -50.991 47.264 0.000000
26905 -17.377 -50.746 47.071 0.000000
26906 -18.301 -50.605 47.221 0.000000
26907 -23.496 -51.204 47.256 0.000000
26913 -14.762 -50.771 46.543 0.000000
26914 -15.555 -50.779 46.508 0.000000
26915 -16.238 -50.746 46.560 0.000000
26922 -24.903 -50.291 45.392 0.000000
26926 -25.474 -50.648 43.832 0.000000
26927 -24.956 -50.442 44.316 0.000000
26930 -26.062 -50.661 43.081 0.000000
26931 -25.226 -50.061 43.123 0.000000
26932 -26.984 -51.321 43.145 0.000000
26933 -29.791 -49.638 42.848 0.000000
26941 -25.886 -50.226 42.395 0.000000
26942 -26.913 -50.553 42.269 0.000000
26943 -27.963 -50.504 41.915 0.000000
26944 -28.825 -50.592 42.192 0.000000
27650 -10.600 -49.815 52.825 0.000000
27659 -11.873 -50.109 52.190 0.000000
27666 -11.332 -50.020 51.378 0.000000
27674 -11.030 -50.098 49.606 0.000000
27696 -12.628 -49.917 46.760 0.000000
27697 -17.727 -50.373 46.354 0.000000
27701 -22.071 -51.010 46.916 0.000000
27702 -23.141 -50.760 46.666 0.000000
27708 -13.753 -50.110 45.858 0.000000
27709 -15.090 -50.436 45.853 0.000000
27710 -16.076 -50.388 45.784 0.000000
27711 -17.105 -50.196 45.624 0.000000
27712 -18.012 -49.984 45.649 0.000000
27714 -21.323 -50.618 46.231 0.000000
27715 -22.240 -50.450 46.063 0.000000
27716 -23.027 -50.220 45.817 0.000000
27717 -24.088 -50.285 46.153 0.000000
27720 -13.625 -49.540 45.120 0.000000
27721 -15.312 -49.864 45.015 0.000000
27722 -14.442 -49.539 44.796 0.000000
27723 -16.433 -49.924 44.780 0.000000
27724 -17.467 -49.926 44.829 0.000000
27727 -20.113 -49.828 44.762 0.000000
27728 -20.962 -49.869 44.693 0.000000
27729 -21.898 -49.888 44.620 0.000000
27730 -22.799 -50.112 44.970 0.000000
27732 -24.461 -50.304 44.411 0.000000
27736 -15.751 -49.511 44.296 0.000000
27737 -17.040 -49.569 44.131 0.000000
27738 -17.864 -49.560 44.165 0.000000
27739 -17.462 -49.254 43.546 0.000000
27742 -22.065 -49.677 43.778 0.000000
27745 -24.717 -50.023 43.400 0.000000
27747 -30.717 -49.064 43.504 0.000000
27748 -31.063 -48.541 43.522 0.000000
27756 -18.525 -49.196 43.329 0.000000
27760 -22.322 -49.557 42.998 0.000000
27761 -23.392 -49.574 42.780 0.000000
27762 -24.467 -49.613 42.828 0.000000
27763 -24.900 -49.608 42.784 0.000000
27764 -29.889 -48.656 43.049 0.000000
27765 -30.278 -49.146 43.462 0.000000
27773 -24.821 -49.462 42.176 0.000000
27774 -24.508 -49.089 41.344 0.000000
27775 -25.386 -49.709 42.131 0.000000
27776 -27.402 -49.857 41.582 0.000000
27777 -28.442 -49.891 41.639 0.000000
27778 -29.294 -49.889 42.056 0.000000
27779 -29.555 -49.061 42.104 0.000000
27784 -25.336 -49.227 41.523 0.000000
27785 -26.882 -49.263 41.095 0.000000
27786 -28.112 -49.168 41.150 0.000000
27787 -28.965 -49.310 41.576 0.000000
28406 -13.914 -49.066 44.360 0.000000
28412 -15.712 -49.095 43.490 0.000000
28413 -16.651 -49.214 43.458 0.000000
28414 -30.491 -48.431 43.453 0.000000
28415 -30.323 -47.737 43.221 0.000000
28416 -30.792 -47.851 43.429 0.000000
28426 -16.227 -48.902 42.718 0.000000
28427 -17.125 -48.949 42.829 0.000000
28428 -17.941 -49.016 43.036 0.000000
28429 -18.658 -48.945 42.610 0.000000
28430 -19.645 -49.046 42.498 0.000000
28431 -30.021 -47.845 43.039 0.000000
28440 -15.809 -48.381 42.071 0.000000
28441 -16.725 -48.509 42.104 0.000000
28442 -17.733 -48.662 42.185 0.000000
28444 -19.050 -48.809 41.979 0.000000
28445 -19.536 -48.860 41.704 0.000000
28446 -20.249 -48.974 41.800 0.000000
28448 -22.664 -49.162 41.446 0.000000
28449 -23.524 -49.143 41.369 0.000000
28450 -29.665 -48.181 42.237 0.000000
28456 -19.831 -48.814 41.048 0.000000
28458 -20.653 -48.992 41.018 0.000000
28460 -22.921 -48.923 40.684 0.000000
28461 -23.823 -48.909 40.631 0.000000
28462 -24.564 -48.803 40.548 0.000000
28463 -26.028 -48.933 40.972 0.000000
28464 -28.460 -48.384 40.757 0.000000
28465 -29.097 -48.595 41.382 0.000000
28472 -21.236 -48.807 40.251 0.000000
28473 -20.616 -48.466 39.464 0.000000
28474 -22.281 -48.747 39.888 0.000000
28475 -23.285 -48.772 39.920 0.000000
28476 -24.155 -48.694 39.926 0.000000
28477 -25.015 -48.588 39.988 0.000000
28478 -25.997 -48.594 40.076 0.000000
28479 -26.432 -48.027 39.309 0.000000
28480 -27.000 -48.274 39.935 0.000000
28481 -27.944 -47.918 40.142 0.000000
28488 -21.494 -48.539 39.295 0.000000
28489 -22.189 -48.500 39.097 0.000000
28490 -23.686 -48.500 39.288 0.000000
28491 -24.551 -48.380 39.293 0.000000
28492 -25.486 -48.239 39.307 0.000000
29157 -30.335 -47.106 42.868 0.000000
29158 -30.702 -47.235 43.114 0.000000
29167 -30.155 -47.158 42.868 0.000000
29179 -29.766 -47.308 42.383 0.000000
29194 -28.860 -46.532 40.594 0.000000
29195 -29.384 -46.725 41.543 0.000000
29206 -28.307 -47.081 39.906 0.000000
29221 -22.578 -48.275 38.593 0.000000
29222 -23.987 -48.139 38.686 0.000000
29223 -24.901 -47.919 38.685 0.000000
29224 -25.922 -47.655 38.647 0.000000
29225 -26.741 -47.035 38.500 0.000000
29226 -27.489 -46.715 38.769 0.000000
29244 -25.154 -47.416 38.089 0.000000
29245 -25.315 -47.025 37.534 0.000000
29246 -25.900 -46.989 38.021 0.000000
29942 -30.601 -46.428 42.728 0.000000
29943 -31.127 -46.689 42.944 0.000000
29952 -31.351 -45.929 42.724 0.000000
29959 -29.597 -45.684 41.958 0.000000
29969 -28.876 -45.655 40.594 0.000000
29970 -29.175 -45.930 41.198 0.000000
29981 -28.529 -46.194 39.899 0.000000
29996 -27.224 -46.207 38.297 0.000000
29997 -27.944 -46.068 38.747 0.000000
29998 -28.044 -46.629 39.256 0.000000
30012 -25.800 -46.487 37.264 0.000000
30013 -26.512 -46.400 37.866 0.000000
30680 -32.102 -45.512 42.800 0.000000
30689 -30.148 -44.899 42.268 0.000000
30690 -30.796 -45.361 42.522 0.000000
30691 -31.675 -45.155 42.639 0.000000
30699 -29.693 -44.878 41.880 0.000000
30706 -29.000 -44.899 40.634 0.000000
30707 -29.250 -45.187 41.302 0.000000
30716 -28.656 -45.258 39.854 0.000000
30724 -28.304 -44.480 38.701 0.000000
30725 -28.363 -45.321 38.981 0.000000
30732 -27.032 -45.640 37.705 0.000000
30733 -27.764 -45.340 38.280 0.000000
30740 -25.999 -45.832 36.725 0.000000
30741 -26.680 -45.424 36.901 0.000000
30742 -27.386 -44.966 37.240 0.000000
30755 -26.186 -45.268 36.144 0.000000
31394 -32.347 -44.945 42.769 0.000000
31395 -32.867 -44.515 42.714 0.000000
31410 -30.663 -44.343 41.946 0.000000
31411 -31.253 -44.719 42.364 0.000000
31412 -32.083 -44.632 42.506 0.000000
31424 -30.002 -44.214 41.786 0.000000
31430 -29.446 -44.295 41.153 0.000000
31436 -28.859 -44.168 40.166 0.000000
31442 -28.234 -43.446 38.524 0.000000
31443 -28.567 -43.758 39.328 0.000000
31448 -27.898 -44.447 37.885 0.000000
31455 -27.776 -44.156 37.028 0.000000
31461 -26.256 -44.653 35.519 0.000000
31463 -27.461 -43.667 36.368 0.000000
32059 -31.652 -44.163 42.013 0.000000
32060 -32.465 -44.247 42.376 0.000000
32061 -32.922 -44.018 42.421 0.000000
32065 -35.071 -43.310 42.273 0.000000
32075 -30.348 -43.768 41.539 0.000000
32076 -30.918 -43.673 41.539 0.000000
32077 -31.669 -43.540 41.574 0.000000
32078 -32.399 -43.798 42.049 0.000000
32092 -29.902 -43.185 40.601 0.000000
32093 -30.418 -43.316 41.077 0.000000
32107 -28.889 -43.197 39.841 0.000000
32108 -29.451 -43.459 40.534 0.000000
32109 -35.910 -43.358 39.907 0.000000
32123 -28.572 -43.092 39.188 0.000000
32124 -35.499 -43.607 38.829 0.000000
32125 -34.566 -43.460 38.663 0.000000
32126 -34.932 -43.208 39.561 0.000000
32127 -36.513 -43.650 39.033 0.000000
32140 -28.001 -42.733 37.950 0.000000
32141 -28.415 -42.847 38.757 0.000000
32142 -34.245 -43.564 37.937 0.000000
32143 -33.547 -43.431 37.556 0.000000
32144 -33.689 -43.370 38.487 0.000000
32145 -35.086 -43.763 37.845 0.000000
32146 -36.019 -43.959 38.082 0.000000
32147 -36.881 -43.831 38.116 0.000000
32148 -37.846 -43.572 38.216 0.000000
32150 -38.677 -43.271 37.813 0.000000
32157 -27.869 -43.211 37.126 0.000000
32158 -34.370 -43.593 37.191 0.000000
32159 -35.204 -43.681 36.880 0.000000
32160 -36.455 -43.944 37.333 0.000000
32161 -37.274 -43.813 37.337 0.000000
32162 -37.993 -43.599 37.339 0.000000
32163 -38.476 -43.329 36.873 0.000000
32169 -27.341 -43.055 35.695 0.000000
32170 -33.656 -43.365 36.690 0.000000
32171 -34.536 -43.457 36.345 0.000000
32172 -35.408 -43.524 36.096 0.000000
32173 -36.825 -43.779 36.596 0.000000
32174 -37.660 -43.599 36.649 0.000000
32793 -32.923 -43.482 42.040 0.000000
32794 -33.648 -43.309 41.960 0.000000
32795 -34.331 -43.369 42.361 0.000000
32798 -30.981 -43.109 41.109 0.000000
32799 -31.787 -43.162 41.298 0.000000
32800 -32.639 -43.215 41.524 0.000000
32801 -33.993 -43.125 41.860 0.000000
32802 -34.948 -42.936 41.950 0.000000
32812 -30.408 -42.918 40.519 0.000000
32813 -30.769 -42.825 40.496 0.000000
32814 -31.942 -43.009 40.954 0.000000
32815 -34.304 -42.931 41.332 0.000000
32816 -35.045 -42.939 41.093 0.000000
32826 -29.440 -42.791 40.052 0.000000
32827 -29.873 -42.647 40.106 0.000000
32828 -30.303 -42.592 40.017 0.000000
32829 -31.291 -42.857 40.258 0.000000
32830 -35.228 -43.098 40.358 0.000000
32839 -28.905 -42.616 39.365 0.000000
32840 -29.429 -42.518 39.642 0.000000
32841 -31.714 -42.836 39.333 0.000000
32842 -30.745 -42.585 39.541 0.000000
32843 -32.856 -43.165 39.174 0.000000
32844 -33.957 -43.297 39.442 0.000000
32855 -28.275 -42.452 37.491 0.000000
32856 -28.411 -42.345 38.215 0.000000
32857 -32.109 -42.950 38.182 0.000000
32858 -31.081 -42.584 38.555 0.000000
32859 -32.980 -43.249 38.177 0.000000
32861 -39.902 -42.122 37.845 0.000000
32870 -28.000 -42.636 37.034 0.000000
32871 -32.097 -42.905 37.038 0.000000
32872 -31.221 -42.643 37.460 0.000000
32873 -32.874 -43.155 36.627 0.000000
32874 -39.237 -42.814 37.315 0.000000
32881 -27.846 -42.333 36.087 0.000000
32882 -32.912 -42.933 35.799 0.000000
32883 -31.328 -42.561 36.368 0.000000
32884 -33.856 -43.030 35.857 0.000000
32885 -34.789 -43.119 35.584 0.000000
32886 -35.691 -42.904 35.479 0.000000
32887 -37.212 -43.293 35.990 0.000000
32888 -38.068 -43.140 36.107 0.000000
32889 -38.887 -42.797 36.344 0.000000
32890 -39.662 -42.270 36.743 0.000000
32898 -32.028 -42.558 35.584 0.000000
32899 -32.775 -42.479 35.030 0.000000
32900 -31.988 -41.959 34.771 0.000000
32901 -34.208 -42.691 35.071 0.000000
32902 -35.059 -42.545 34.973 0.000000
32903 -36.713 -42.622 35.360 0.000000
32904 -38.375 -42.485 35.580 0.000000
32919 -32.792 -42.026 34.438 0.000000
32920 -33.568 -42.255 34.555 0.000000
32921 -34.509 -42.143 34.483 0.000000
33535 -29.702 -42.450 39.560 0.000000
33536 -30.087 -42.404 39.423 0.000000
33540 -29.126 -42.248 38.976 0.000000
33541 -29.582 -42.232 38.851 0.000000
33542 -30.233 -42.345 38.773 0.000000
33547 -28.542 -42.210 37.717 0.000000
33548 -29.058 -41.873 37.996 0.000000
33549 -29.595 -42.095 38.075 0.000000
33550 -30.355 -42.321 37.839 0.000000
33558 -28.405 -42.382 36.786 0.000000
33559 -28.736 -42.268 36.915 0.000000
33560 -29.626 -42.103 37.227 0.000000
33561 -29.104 -41.953 36.627 0.000000
33562 -30.388 -42.271 36.895 0.000000
33563 -40.410 -41.823 37.134 0.000000
33575 -27.928 -42.216 35.773 0.000000
33576 -29.645 -41.940 36.387 0.000000
33577 -30.411 -42.089 36.163 0.000000
33578 -29.918 -41.679 35.697 0.000000
33579 -39.242 -42.187 35.776 0.000000
33580 -39.988 -41.728 36.151 0.000000
33581 -40.782 -41.349 36.499 0.000000
33582 -41.485 -41.105 36.670 0.000000
33587 -27.729 -41.460 34.954 0.000000
33588 -31.146 -41.657 34.703 0.000000
33589 -30.292 -41.508 34.978 0.000000
33590 -35.894 -42.207 34.876 0.000000
33591 -36.695 -41.850 34.655 0.000000
33592 -38.708 -41.723 34.967 0.000000
33593 -39.398 -41.236 34.717 0.000000
33594 -40.332 -41.259 35.487 0.000000
33607 -30.653 -41.244 34.253 0.000000
33608 -31.583 -41.505 34.083 0.000000
33609 -31.214 -40.981 33.423 0.000000
33610 -32.391 -41.680 33.984 0.000000
33611 -34.048 -41.765 33.893 0.000000
33612 -34.941 -41.492 34.061 0.000000
33613 -35.942 -41.535 34.168 0.000000
33614 -37.949 -41.326 34.376 0.000000
33615 -38.740 -41.004 34.290 0.000000
33623 -32.015 -41.318 33.513 0.000000
33624 -32.745 -41.338 33.369 0.000000
33625 -33.607 -41.343 33.317 0.000000
33626 -34.508 -41.249 33.356 0.000000
33627 -35.460 -41.044 33.495 0.000000
34244 -28.333 -42.173 36.113 0.000000
34245 -28.512 -41.987 35.933 0.000000
34256 -28.061 -41.810 35.326 0.000000
34257 -28.179 -41.604 35.091 0.000000
34258 -29.123 -41.640 35.676 0.000000
34259 -41.180 -40.916 35.913 0.000000
34260 -42.030 -40.629 36.317 0.000000
34269 -27.597 -40.997 34.443 0.000000
34270 -27.973 -41.089 34.745 0.000000
34271 -28.269 -40.916 34.602 0.000000
34272 -28.662 -41.197 34.765 0.000000
34273 -28.279 -40.526 34.204 0.000000
34274 -40.024 -40.945 34.739 0.000000
34275 -40.878 -40.834 34.934 0.000000
34276 -41.633 -40.427 35.348 0.000000
34289 -29.076 -40.533 34.104 0.000000
34290 -30.091 -40.721 33.753 0.000000
34291 -37.318 -41.030 33.904 0.000000
34292 -38.092 -40.758 33.713 0.000000
34293 -38.903 -40.466 33.655 0.000000
34294 -40.362 -40.470 34.087 0.000000
34295 -41.283 -40.215 34.438 0.000000
34302 -31.361 -40.581 32.717 0.000000
34304 -32.144 -40.854 32.879 0.000000
34305 -33.136 -40.892 32.779 0.000000
34306 -34.052 -40.897 32.734 0.000000
34307 -34.989 -40.826 32.737 0.000000
34308 -35.919 -40.637 32.814 0.000000
34309 -37.384 -40.613 33.151 0.000000
34310 -38.300 -40.213 32.893 0.000000
34311 -39.242 -39.942 33.115 0.000000
34312 -39.624 -40.323 33.658 0.000000
34316 -31.032 -40.079 32.327 0.000000
34317 -31.847 -40.238 32.266 0.000000
34319 -33.595 -40.476 32.141 0.000000
34320 -34.497 -40.421 32.145 0.000000
34321 -35.416 -40.280 32.182 0.000000
34322 -36.336 -40.239 32.184 0.000000
34323 -37.352 -40.209 32.242 0.000000
35046 -43.802 -38.650 36.161 0.000000
35054 -42.039 -39.830 34.834 0.000000
35055 -42.685 -39.367 35.223 0.000000
35056 -43.275 -38.792 35.503 0.000000
35073 -40.920 -39.809 33.669 0.000000
35074 -41.706 -39.542 34.019 0.000000
35075 -42.190 -38.962 33.592 0.000000
35083 -38.980 -39.764 32.253 0.000000
35084 -41.398 -39.183 33.285 0.000000
35096 -34.921 -39.970 31.536 0.000000
35097 -35.824 -39.943 31.525 0.000000
35098 -36.760 -39.949 31.466 0.000000
35099 -37.678 -39.815 31.350 0.000000
35100 -39.598 -39.251 31.750 0.000000
35101 -40.384 -39.066 32.182 0.000000
35102 -41.170 -38.946 32.502 0.000000
35110 -34.423 -39.648 30.863 0.000000
35111 -35.318 -39.701 30.820 0.000000
35112 -36.222 -39.660 30.822 0.000000
35113 -37.096 -39.608 30.757 0.000000
35114 -37.895 -39.335 30.629 0.000000
35115 -38.655 -39.425 31.291 0.000000
35121 -35.714 -39.196 30.285 0.000000
35122 -36.578 -39.196 30.261 0.000000
35791 -44.266 -37.825 36.231 0.000000
35796 -43.546 -38.364 34.615 0.000000
35812 -42.964 -38.738 33.963 0.000000
35813 -43.525 -38.144 33.570 0.000000
35823 -41.940 -38.722 32.797 0.000000
35824 -42.763 -38.457 33.106 0.000000
35830 -40.233 -38.885 31.405 0.000000
35831 -41.080 -38.744 31.536 0.000000
35832 -41.892 -38.367 31.381 0.000000
35833 -42.472 -37.901 31.215 0.000000
35840 -37.301 -39.124 30.275 0.000000
35841 -38.615 -38.863 30.445 0.000000
35842 -40.562 -38.554 30.781 0.000000
35843 -41.449 -38.249 30.735 0.000000
35844 -42.143 -37.667 30.526 0.000000
35859 -38.440 -37.937 29.554 0.000000
35860 -39.116 -38.294 30.090 0.000000
35861 -40.008 -38.132 30.246 0.000000
35862 -41.358 -37.647 30.170 0.000000
36571 -44.195 -37.359 35.405 0.000000
36572 -44.381 -36.678 34.581 0.000000
36591 -44.090 -37.604 34.221 0.000000
36592 -44.394 -36.864 33.512 0.000000
36605 -43.319 -37.853 32.616 0.000000
36606 -43.924 -37.280 32.157 0.000000
36612 -43.197 -37.621 31.676 0.000000
36613 -43.783 -37.008 31.274 0.000000
36619 -42.986 -37.333 30.852 0.000000
36626 -39.525 -37.503 29.584 0.000000
36627 -40.540 -37.519 29.917 0.000000
36628 -41.214 -36.949 29.739 0.000000
36629 -42.585 -36.911 30.266 0.000000
37421 -44.673 -35.543 36.004 0.000000
37431 -44.633 -35.794 34.893 0.000000
37455 -44.641 -36.035 33.829 0.000000
37474 -44.342 -36.921 32.666 0.000000
37475 -44.601 -36.239 32.854 0.000000
37488 -44.393 -36.477 31.888 0.000000
37489 -44.547 -35.622 31.440 0.000000
37500 -43.404 -36.600 30.609 0.000000
37501 -44.098 -36.222 31.012 0.000000
37506 -41.138 -35.999 29.347 0.000000
37507 -41.945 -36.391 29.883 0.000000
37508 -42.865 -35.885 30.195 0.000000
37509 -43.697 -35.876 30.542 0.000000
38236 -44.970 -34.695 36.077 0.000000
38247 -44.931 -34.945 35.147 0.000000
38258 -44.851 -35.177 34.103 0.000000
38275 -44.982 -34.810 32.463 0.000000
38290 -44.866 -35.050 31.774 0.000000
38304 -44.218 -35.413 30.794 0.000000
38305 -44.680 -34.858 31.199 0.000000
38315 -42.028 -35.423 29.656 0.000000
38316 -42.814 -34.852 29.989 0.000000
38317 -43.625 -35.167 30.339 0.000000
38326 -41.325 -34.959 29.229 0.000000
38941 -46.131 -33.694 36.487 0.000000
38942 -46.540 -33.918 36.368 0.000000
38950 -45.372 -34.087 36.265 0.000000
38951 -45.832 -33.772 36.556 0.000000
38961 -45.117 -34.021 35.459 0.000000
38973 -45.095 -33.674 33.621 0.000000
38986 -45.137 -33.897 32.654 0.000000
38996 -44.985 -34.284 31.754 0.000000
39003 -44.719 -34.110 31.100 0.000000
39009 -42.773 -33.916 29.955 0.000000
39010 -43.567 -34.295 30.257 0.000000
39011 -44.252 -34.617 30.644 0.000000
39019 -42.063 -34.448 29.542 0.000000
39591 -46.230 -32.588 36.201 0.000000
39592 -46.328 -32.886 36.268 0.000000
39593 -46.646 -33.090 36.335 0.000000
39594 -47.079 -33.404 36.275 0.000000
39598 -45.521 -33.423 36.090 0.000000
39599 -45.959 -32.931 36.389 0.000000
39604 -45.256 -33.238 35.348 0.000000
39614 -45.063 -33.027 34.051 0.000000
39623 -45.099 -33.065 32.596 0.000000
39630 -45.086 -33.449 31.889 0.000000
39636 -44.699 -33.286 31.234 0.000000
39642 -42.796 -32.996 29.935 0.000000
39643 -43.527 -33.411 30.291 0.000000
39644 -44.113 -33.055 30.712 0.000000
39653 -42.087 -33.513 29.489 0.000000
40269 -46.346 -31.812 36.061 0.000000
40270 -46.472 -32.289 36.113 0.000000
40271 -47.087 -32.499 36.294 0.000000
40283 -45.823 -31.949 35.889 0.000000
40295 -45.133 -31.831 34.996 0.000000
40296 -45.541 -32.514 35.696 0.000000
40303 -44.985 -32.228 33.951 0.000000
40310 -44.912 -32.303 32.895 0.000000
40318 -44.894 -32.491 31.915 0.000000
40325 -44.373 -32.397 31.116 0.000000
40331 -42.743 -32.140 30.024 0.000000
40332 -43.597 -32.458 30.457 0.000000
40339 -42.081 -32.607 29.511 0.000000
41057 -45.989 -31.174 36.052 0.000000
41064 -45.005 -30.907 35.229 0.000000
41065 -45.543 -31.453 35.685 0.000000
41073 -44.829 -31.248 34.328 0.000000
41079 -44.732 -31.448 33.302 0.000000
41086 -44.412 -31.532 31.655 0.000000
41087 -44.049 -30.785 31.734 0.000000
41088 -44.329 -30.722 32.609 0.000000
41094 -43.321 -31.629 30.545 0.000000
41095 -42.935 -30.944 30.755 0.000000
41096 -43.752 -31.155 31.145 0.000000
41102 -41.232 -31.392 29.384 0.000000
41103 -40.488 -30.171 29.853 0.000000
41104 -42.004 -31.758 29.689 0.000000
41105 -41.887 -30.834 30.226 0.000000
41114 -40.391 -30.922 29.064 0.000000
41911 -46.120 -30.337 36.005 0.000000
41912 -46.651 -29.876 35.907 0.000000
41915 -47.539 -30.254 35.674 0.000000
41921 -45.039 -29.948 35.287 0.000000
41922 -45.708 -29.859 35.749 0.000000
41929 -44.475 -29.840 34.465 0.000000
41936 -43.727 -29.771 32.779 0.000000
41937 -44.038 -29.863 33.633 0.000000
41946 -43.343 -30.397 31.463 0.000000
41947 -42.753 -29.749 31.637 0.000000
41948 -43.241 -29.705 32.135 0.000000
41954 -42.458 -30.206 31.067 0.000000
41955 -41.528 -29.900 30.942 0.000000
41960 -39.769 -30.124 29.320 0.000000
41961 -39.077 -29.344 29.574 0.000000
41962 -39.842 -29.466 30.150 0.000000
41963 -40.622 -29.508 30.753 0.000000
41978 -39.114 -30.087 28.906 0.000000
42749 -46.211 -29.544 35.795 0.000000
42752 -47.323 -29.647 35.574 0.000000
42757 -44.814 -29.139 34.794 0.000000
42758 -45.642 -29.238 35.376 0.000000
42759 -46.245 -29.210 35.544 0.000000
42765 -44.082 -29.074 34.196 0.000000
42766 -43.668 -28.294 33.823 0.000000
42767 -44.444 -28.491 34.307 0.000000
42775 -43.053 -28.991 32.878 0.000000
42776 -42.621 -28.243 32.793 0.000000
42777 -43.118 -28.377 33.358 0.000000
42784 -42.044 -29.335 31.542 0.000000
42785 -41.783 -28.309 32.051 0.000000
42788 -41.150 -29.008 31.497 0.000000
42789 -40.451 -28.708 31.325 0.000000
42803 -38.773 -28.238 29.990 0.000000
42804 -39.230 -28.634 30.324 0.000000
42805 -39.786 -28.873 31.000 0.000000
42819 -38.247 -28.804 29.543 0.000000
42820 -38.300 -28.201 29.488 0.000000
43616 -45.203 -28.622 34.776 0.000000
43617 -45.413 -28.229 34.580 0.000000
43618 -45.935 -28.865 35.028 0.000000
43619 -46.656 -29.027 35.320 0.000000
43620 -47.226 -28.911 34.966 0.000000
43626 -43.708 -27.814 33.640 0.000000
43627 -44.110 -28.021 33.990 0.000000
43628 -44.735 -28.057 34.279 0.000000
43635 -43.053 -27.793 33.306 0.000000
43640 -40.824 -28.132 31.688 0.000000
43641 -40.590 -27.483 31.460 0.000000
43642 -41.422 -27.559 31.874 0.000000
43643 -42.349 -27.636 32.432 0.000000
43650 -39.142 -28.057 30.638 0.000000
43651 -39.549 -27.671 31.044 0.000000
43652 -39.962 -28.027 31.301 0.000000
43653 -39.880 -27.247 31.214 0.000000
43676 -37.598 -28.140 28.866 0.000000
43687 -44.804 -28.312 27.634 0.000000
43688 -45.553 -28.197 28.228 0.000000
43689 -45.568 -28.440 27.377 0.000000
43690 -46.506 -28.340 28.362 0.000000
43691 -46.827 -28.467 27.664 0.000000
43692 -47.367 -28.349 28.283 0.000000
43693 -48.075 -28.063 28.930 0.000000
43698 -40.570 -28.663 26.666 0.000000
43699 -41.146 -28.422 27.412 0.000000
43700 -41.469 -28.760 26.590 0.000000
43701 -41.894 -28.575 27.252 0.000000
43702 -42.398 -28.761 26.624 0.000000
43703 -43.332 -28.575 27.423 0.000000
43704 -44.126 -28.608 27.111 0.000000
43705 -44.905 -28.511 26.915 0.000000
43706 -45.613 -28.368 26.732 0.000000
43707 -46.265 -28.446 27.147 0.000000
43708 -47.568 -28.333 27.533 0.000000
43711 -40.095 -28.667 25.914 0.000000
43713 -39.518 -28.472 26.716 0.000000
43714 -40.949 -28.877 25.848 0.000000
43715 -41.844 -28.861 25.809 0.000000
43716 -42.738 -28.730 25.748 0.000000
43717 -44.290 -28.511 26.327 0.000000
43718 -45.005 -28.326 26.347 0.000000
43719 -45.569 -27.962 26.069 0.000000
43720 -46.324 -28.072 26.502 0.000000
43724 -41.325 -28.686 25.112 0.000000
43725 -42.197 -28.623 25.093 0.000000
43736 -41.711 -28.206 24.496 0.000000
44508 -46.395 -28.619 34.860 0.000000
44509 -46.939 -28.490 34.793 0.000000
44517 -44.280 -27.676 33.776 0.000000
44518 -44.983 -27.775 34.149 0.000000
44519 -45.598 -27.761 34.349 0.000000
44520 -46.445 -27.891 34.519 0.000000
44521 -47.315 -27.818 34.280 0.000000
44524 -43.585 -27.566 33.305 0.000000
44525 -44.140 -27.464 33.413 0.000000
44526 -44.940 -27.486 33.802 0.000000
44532 -41.140 -27.273 31.518 0.000000
44533 -42.033 -27.253 31.976 0.000000
44534 -42.875 -27.358 32.736 0.000000
44541 -39.389 -27.458 30.626 0.000000
44542 -39.505 -27.143 30.937 0.000000
44543 -40.418 -27.111 31.279 0.000000
44555 -39.240 -27.604 30.143 0.000000
44556 -39.495 -27.194 30.761 0.000000
44557 -45.808 -27.691 30.157 0.000000
44558 -46.531 -27.578 30.800 0.000000
44559 -46.734 -27.911 29.936 0.000000
44560 -47.404 -27.621 30.540 0.000000
44561 -48.451 -27.544 29.796 0.000000
44574 -38.278 -27.649 28.728 0.000000
44575 -38.953 -27.557 29.457 0.000000
44576 -39.555 -27.407 29.364 0.000000
44577 -40.162 -27.172 29.952 0.000000
44578 -40.455 -27.433 29.099 0.000000
44579 -40.980 -27.199 29.687 0.000000
44580 -41.384 -27.539 28.938 0.000000
44581 -42.530 -27.128 29.971 0.000000
44582 -42.281 -27.587 29.035 0.000000
44583 -43.528 -27.277 29.805 0.000000
44584 -43.882 -27.712 28.911 0.000000
44585 -44.454 -27.457 29.568 0.000000
44586 -45.064 -27.760 28.990 0.000000
44587 -46.001 -27.902 29.171 0.000000
44588 -47.068 -28.089 29.063 0.000000
44589 -49.127 -27.491 29.181 0.000000
44590 -49.132 -26.981 30.059 0.000000
44598 -37.522 -27.677 28.156 0.000000
44599 -38.901 -27.496 28.700 0.000000
44600 -39.832 -27.744 28.493 0.000000
44601 -40.830 -27.897 28.246 0.000000
44602 -41.890 -28.024 28.070 0.000000
44603 -43.005 -28.047 28.329 0.000000
44604 -43.972 -28.190 27.979 0.000000
44605 -48.672 -27.923 28.292 0.000000
44606 -50.055 -27.242 28.127 0.000000
44607 -50.076 -27.004 29.010 0.000000
44617 -47.012 -28.313 26.945 0.000000
44618 -48.312 -28.030 27.526 0.000000
44619 -49.149 -27.668 27.698 0.000000
44620 -49.761 -27.138 27.176 0.000000
44621 -50.734 -26.682 27.886 0.000000
44630 -46.330 -27.504 25.826 0.000000
44631 -47.078 -27.714 26.319 0.000000
44632 -47.923 -27.171 26.112 0.000000
44633 -48.699 -27.620 26.875 0.000000
44646 -43.383 -28.052 24.711 0.000000
44647 -44.089 -27.895 24.973 0.000000
44648 -44.698 -28.043 25.615 0.000000
44649 -45.521 -27.395 25.335 0.000000
44650 -46.403 -26.755 25.074 0.000000
44651 -47.034 -27.100 25.721 0.000000
44658 -41.223 -27.609 23.941 0.000000
44659 -42.133 -27.613 23.931 0.000000
44660 -43.027 -27.539 24.043 0.000000
44661 -43.472 -27.010 23.541 0.000000
44662 -44.700 -26.899 23.889 0.000000
44663 -44.708 -27.325 24.830 0.000000
44671 -42.589 -27.041 23.396 0.000000
45323 -45.882 -27.319 34.010 0.000000
45324 -46.878 -27.328 33.858 0.000000
45328 -43.592 -27.193 32.843 0.000000
45329 -44.552 -27.236 33.136 0.000000
45330 -46.182 -27.071 33.314 0.000000
45331 -47.299 -26.892 33.092 0.000000
45332 -48.318 -26.678 33.128 0.000000
45337 -41.469 -27.087 31.577 0.000000
45338 -42.882 -26.730 31.554 0.000000
45339 -46.369 -26.993 32.491 0.000000
45340 -47.284 -26.961 32.276 0.000000
45349 -39.837 -26.936 31.078 0.000000
45350 -40.464 -26.860 31.096 0.000000
45351 -41.344 -26.858 31.155 0.000000
45352 -42.258 -26.751 30.959 0.000000
45353 -43.705 -26.741 31.276 0.000000
45354 -44.546 -26.996 31.078 0.000000
45355 -45.528 -27.317 31.086 0.000000
45356 -47.350 -27.287 31.412 0.000000
45377 -39.964 -26.906 30.679 0.000000
45378 -40.807 -26.927 30.482 0.000000
45379 -41.657 -26.913 30.399 0.000000
45380 -43.158 -26.846 30.665 0.000000
45381 -44.068 -26.983 30.402 0.000000
45382 -44.929 -27.330 30.296 0.000000
45390 -39.648 -27.332 29.950 0.000000
45391 -50.818 -25.987 29.827 0.000000
45402 -50.501 -26.515 27.142 0.000000
45414 -49.034 -26.891 26.248 0.000000
45415 -49.964 -26.489 26.401 0.000000
45416 -50.821 -25.912 26.686 0.000000
45421 -45.471 -26.820 24.562 0.000000
45422 -47.446 -26.536 25.270 0.000000
45423 -48.412 -26.398 25.479 0.000000
45424 -49.370 -26.182 25.629 0.000000
45432 -45.448 -26.523 23.807 0.000000
45433 -46.111 -26.239 24.206 0.000000
45434 -47.015 -26.097 24.474 0.000000
45435 -47.951 -25.963 24.687 0.000000
45445 -43.103 -26.628 22.799 0.000000
45446 -44.110 -26.689 23.032 0.000000
45447 -45.064 -26.473 23.073 0.000000
45448 -45.893 -26.154 23.277 0.000000
45458 -43.674 -26.198 22.246 0.000000
45459 -44.621 -26.214 22.316 0.000000
46120 -50.279 -25.810 25.816 0.000000
46121 -51.106 -25.181 26.226 0.000000
46126 -48.826 -25.747 24.924 0.000000
46127 -49.713 -25.562 25.070 0.000000
46128 -50.607 -25.084 25.259 0.000000
46129 -51.411 -24.626 25.830 0.000000
46135 -46.712 -25.827 23.603 0.000000
46136 -47.585 -25.616 23.883 0.000000
46137 -48.449 -25.422 24.138 0.000000
46138 -49.913 -24.982 23.832 0.000000
46139 -50.670 -24.816 24.345 0.000000
46147 -45.526 -26.057 22.399 0.000000
46148 -46.459 -25.757 22.578 0.000000
46149 -47.276 -25.340 23.048 0.000000
46150 -48.122 -25.091 23.338 0.000000
46162 -45.084 -25.808 21.663 0.000000
46163 -46.015 -25.711 21.663 0.000000
46164 -46.703 -25.335 21.340 0.000000
46165 -47.090 -25.325 22.156 0.000000
46826 -51.382 -24.428 25.062 0.000000
46836 -50.712 -24.636 23.407 0.000000
46837 -51.390 -24.271 24.069 0.000000
46838 -51.939 -23.516 23.907 0.000000
46847 -47.881 -24.962 22.462 0.000000
46848 -48.756 -24.744 22.739 0.000000
46849 -49.745 -24.612 22.927 0.000000
46850 -50.703 -24.174 22.586 0.000000
46863 -47.591 -24.997 21.520 0.000000
46864 -48.567 -24.649 21.758 0.000000
46865 -49.284 -24.428 22.239 0.000000
46874 -46.219 -24.983 20.653 0.000000
46875 -47.148 -24.842 20.698 0.000000
46876 -48.029 -24.604 20.864 0.000000
46877 -48.323 -24.000 20.406 0.000000
46883 -45.792 -24.298 20.211 0.000000
46884 -46.631 -24.296 20.137 0.000000
46885 -47.506 -24.193 20.193 0.000000
47575 -49.919 -24.045 22.192 0.000000
47576 -50.222 -23.289 22.091 0.000000
47577 -51.584 -23.378 22.688 0.000000
47578 -52.401 -22.825 23.819 0.000000
47584 -49.421 -24.060 21.570 0.000000
47585 -49.829 -23.294 21.392 0.000000
47586 -50.192 -22.705 21.754 0.000000
47587 -50.912 -22.862 21.885 0.000000
47596 -49.121 -23.753 20.776 0.000000
47597 -49.500 -23.150 20.450 0.000000
47601 -46.084 -23.576 19.803 0.000000
47602 -47.014 -23.517 19.675 0.000000
47603 -46.411 -22.913 19.482 0.000000
47604 -47.838 -23.568 19.789 0.000000
47605 -48.667 -23.431 19.988 0.000000
47609 -47.132 -22.672 19.265 0.000000
47610 -48.037 -22.906 19.395 0.000000
48362 -54.004 -21.819 24.330 0.000000
48370 -52.463 -22.355 23.208 0.000000
48371 -53.305 -21.699 23.674 0.000000
48372 -53.953 -21.319 23.709 0.000000
48380 -50.856 -22.212 21.453 0.000000
48381 -51.675 -21.540 21.798 0.000000
48382 -52.587 -21.598 22.696 0.000000
48388 -50.137 -22.642 21.071 0.000000
48389 -50.682 -22.208 21.261 0.000000
48394 -49.005 -22.812 19.614 0.000000
48395 -49.829 -22.539 20.045 0.000000
48396 -50.477 -22.068 20.584 0.000000
48403 -47.048 -21.929 18.956 0.000000
48404 -47.758 -22.167 18.990 0.000000
48405 -49.371 -22.131 19.212 0.000000
49150 -53.410 -21.326 23.191 0.000000
49151 -53.874 -20.920 22.918 0.000000
49161 -53.067 -21.026 22.692 0.000000
49168 -50.863 -21.410 20.762 0.000000
49169 -51.085 -21.479 21.166 0.000000
49175 -50.114 -22.021 19.698 0.000000
49176 -50.503 -21.439 19.862 0.000000
49182 -47.540 -21.271 18.799 0.000000
49183 -49.262 -21.288 18.849 0.000000
49184 -49.943 -21.579 19.253 0.000000
49843 -52.314 -20.137 21.707 0.000000
49850 -51.093 -20.612 20.844 0.000000
49851 -51.496 -19.916 21.127 0.000000
49857 -50.526 -19.942 19.456 0.000000
49858 -51.008 -19.760 20.410 0.000000
49864 -48.420 -20.969 18.698 0.000000
49865 -49.069 -20.325 18.604 0.000000
49866 -50.121 -20.771 19.136 0.000000
49870 -48.464 -19.483 18.410 0.000000
49871 -49.312 -19.501 18.484 0.000000
50590 -52.596 -18.628 21.751 0.000000
50591 -53.698 -18.645 22.433 0.000000
50597 -51.330 -19.195 20.965 0.000000
50598 -52.042 -19.299 21.444 0.000000
50603 -50.838 -19.338 19.670 0.000000
50604 -51.192 -18.927 20.340 0.000000
50611 -49.958 -19.834 18.738 0.000000
50612 -50.504 -19.219 18.905 0.000000
50613 -51.020 -18.683 19.424 0.000000
50618 -48.966 -18.830 18.258 0.000000
50619 -49.948 -18.927 18.354 0.000000
51365 -53.068 -17.906 22.022 0.000000
51374 -51.595 -18.460 21.109 0.000000
51375 -53.478 -17.284 22.075 0.000000
51380 -51.318 -18.113 20.217 0.000000
51381 -51.740 -17.602 20.834 0.000000
51389 -50.737 -18.302 18.538 0.000000
51390 -51.354 -17.906 19.214 0.000000
51396 -50.101 -18.079 18.016 0.000000
52125 -54.291 -16.840 22.419 0.000000
52132 -52.735 -16.513 20.970 0.000000
52133 -53.432 -16.613 21.661 0.000000
52138 -51.547 -17.314 19.985 0.000000
52139 -52.036 -16.852 20.530 0.000000
52146 -51.706 -17.222 19.085 0.000000
52147 -51.902 -16.577 19.672 0.000000
52153 -49.340 -17.638 17.841 0.000000
52155 -50.689 -17.547 17.955 0.000000
52156 -51.368 -17.462 18.433 0.000000
52161 -49.336 -16.779 17.557 0.000000
52162 -50.361 -16.887 17.516 0.000000
52163 -51.207 -16.884 17.767 0.000000
52935 -53.437 -15.783 21.054 0.000000
52936 -54.320 -15.964 22.034 0.000000
52942 -52.450 -16.099 20.299 0.000000
52948 -51.960 -16.460 18.494 0.000000
52949 -52.506 -15.625 18.599 0.000000
52961 -49.847 -16.199 17.205 0.000000
52962 -50.724 -16.269 17.276 0.000000
53704 -54.517 -15.142 21.606 0.000000
53705 -55.037 -14.350 21.430 0.000000
53710 -52.997 -15.324 20.131 0.000000
53711 -53.557 -14.561 19.879 0.000000
53715 -52.867 -15.163 19.373 0.000000
53716 -53.297 -14.692 18.810 0.000000
53723 -52.788 -15.338 17.870 0.000000
53724 -53.520 -14.767 17.774 0.000000
53734 -52.790 -15.060 17.023 0.000000
54473 -55.744 -14.244 21.366 0.000000
54476 -54.586 -13.989 20.567 0.000000
54477 -55.482 -13.449 20.236 0.000000
54478 -56.148 -13.907 20.767 0.000000
54483 -54.254 -13.908 19.570 0.000000
54484 -54.988 -13.456 19.170 0.000000
54489 -54.094 -14.012 18.534 0.000000
54490 -54.816 -13.618 18.266 0.000000
54496 -53.661 -14.758 16.806 0.000000
54497 -54.922 -14.161 16.304 0.000000
54511 -52.884 -14.974 15.991 0.000000
54512 -54.099 -14.681 15.863 0.000000
54513 -54.963 -14.029 15.592 0.000000
54526 -53.210 -14.528 15.149 0.000000
54528 -54.181 -14.209 14.972 0.000000
54536 -53.264 -13.626 14.407 0.000000
55203 -55.923 -13.205 19.591 0.000000
55204 -56.501 -13.269 19.289 0.000000
55206 -55.674 -13.260 18.674 0.000000
55207 -56.447 -13.208 18.209 0.000000
55209 -55.354 -13.541 17.390 0.000000
55210 -56.642 -13.109 17.189 0.000000
55218 -55.800 -13.518 16.320 0.000000
55219 -56.986 -13.141 16.134 0.000000
55235 -55.012 -13.659 14.819 0.000000
55236 -56.753 -13.145 15.190 0.000000
55237 -57.657 -13.101 15.378 0.000000
55246 -55.829 -13.309 14.303 0.000000
55247 -57.133 -13.020 14.441 0.000000
55248 -58.105 -13.201 14.375 0.000000
55256 -54.702 -13.137 13.660 0.000000
55257 -56.475 -12.963 13.578 0.000000
89095 -43.354 -28.715 26.533 0.000000
89306 -14.436 -50.026 45.428 0.000000
89437 -44.471 -36.406 35.626 0.000000
89547 -42.600 -31.454 30.208 0.000000
89586 -29.956 -43.576 41.221 0.000000
89829 -45.026 -34.323 34.367 0.000000
89875 -26.405 -45.977 37.302 0.000000
89953 -44.497 -30.606 33.827 0.000000
90109 -45.161 -32.728 34.781 0.000000
90122 -39.554 -38.803 30.825 0.000000
90137 -45.119 -33.508 34.596 0.000000
90258 -31.042 -41.972 35.478 0.000000
90363 -44.757 -35.617 32.236 0.000000
90689 -45.007 -34.552 33.371 0.000000
90726 -44.147 -26.763 31.765 0.000000
90801 -45.316 -27.085 32.683 0.000000
90873 -42.567 -29.006 32.164 0.000000
90999 -38.241 -27.572 28.002 0.000000
91120 -34.391 -43.052 40.429 0.000000
91122 -51.697 -22.358 22.243 0.000000
91199 -39.507 -40.752 34.174 0.000000
91240 -24.395 -50.175 45.410 0.000000
91279 -10.381 -49.902 49.114 0.000000
91459 -44.693 -31.677 32.430 0.000000
91482 -43.507 -26.757 32.074 0.000000
91534 -15.443 -50.957 49.474 0.000000
91626 -44.631 -27.929 28.433 0.000000
91701 -14.688 -50.692 50.654 0.000000
91762 -38.211 -39.929 31.987 0.000000
91799 -44.857 -35.416 33.123 0.000000
91995 -15.365 -50.832 50.458 0.000000
92071 -55.880 -13.457 15.388 0.000000
92081 -49.024 -24.982 23.572 0.000000
92234 -45.355 -27.222 33.461 0.000000
92280 -13.810 -50.969 47.567 0.000000
92582 -32.786 -43.211 37.429 0.000000
92613 -40.177 -28.269 27.587 0.000000
92620 -48.463 -21.730 18.850 0.000000
92821 -42.107 -26.921 31.640 0.000000
92824 -39.156 -27.822 27.773 0.000000
92886 -19.797 -50.028 45.552 0.000000
92899 -15.421 -51.242 48.528 0.000000
92977 -46.447 -27.191 31.661 0.000000
92998 -20.667 -50.144 45.462 0.000000
93004 -41.864 -37.155 30.062 0.000000
93058 -54.292 -13.528 14.307 0.000000
93081 -18.513 -50.252 46.329 0.000000
93158 -30.200 -48.320 43.383 0.000000
93193 -37.602 -42.005 34.994 0.000000
93290 -37.643 -27.860 28.609 0.000000
93336 -55.487 -13.862 20.998 0.000000
93380 -42.341 -39.926 35.782 0.000000
93429 -33.450 -43.044 41.345 0.000000
93446 -32.327 -43.424 41.696 0.000000
93539 -52.589 -17.243 21.357 0.000000
93635 -16.101 -51.045 52.058 0.000000
93636 -18.453 -51.329 50.906 0.000000
93818 -26.332 -49.862 41.742 0.000000
93912 -12.448 -50.342 50.432 0.000000
94008 -40.965 -27.051 31.332 0.000000
94056 -27.379 -47.463 39.261 0.000000
94171 -48.506 -22.369 19.151 0.000000
94256 -44.009 -37.496 33.093 0.000000
94272 -42.471 -38.216 32.123 0.000000
94321 -45.522 -30.569 35.740 0.000000
94354 -11.159 -50.093 48.290 0.000000
94356 -22.609 -51.218 47.540 0.000000
94533 -32.256 -43.189 40.201 0.000000
94639 -28.723 -42.125 38.377 0.000000
94658 -21.535 -50.180 45.375 0.000000
94705 -18.467 -48.676 41.864 0.000000
94759 -33.195 -41.765 33.893 0.000000
94874 -43.548 -29.046 33.529 0.000000
94878 -13.743 -51.551 52.500 0.000000
95851 -53.118 -19.527 22.181 0.000000
95857 -48.001 -27.203 33.548 0.000000
95909 -29.131 -41.976 37.432 0.000000
95986 -22.633 -49.864 44.284 0.000000
96109 -41.725 -38.667 32.042 0.000000
96124 -27.654 -41.780 35.306 0.000000
96146 -54.312 -14.242 17.570 0.000000
96209 -23.598 -50.146 45.413 0.000000
96345 -44.225 -33.794 30.629 0.000000
96372 -47.646 -27.887 29.766 0.000000
96896 -48.253 -26.777 32.144 0.000000
97011 -43.814 -30.277 32.093 0.000000
97158 -29.646 -41.036 34.575 0.000000
97169 -36.302 -43.371 36.004 0.000000
97227 -33.453 -42.736 35.228 0.000000
97258 -13.554 -50.666 52.040 0.000000
97384 -39.794 -39.495 32.638 0.000000
97402 -16.881 -50.571 46.371 0.000000
97417 -42.425 -39.231 34.374 0.000000
97504 -39.425 -28.172 30.949 0.000000
97520 -29.895 -46.475 42.488 0.000000
97587 -28.553 -44.588 39.420 0.000000
97733 -9.275 -51.640 53.197 0.000000
97813 -19.205 -49.277 43.311 0.000000
98113 -15.474 -51.260 47.809 0.000000
98340 -50.791 -20.631 20.086 0.000000
98784 -25.258 -48.823 40.786 0.000000
98800 -44.658 -36.215 36.392 0.000000
98989 -46.075 -33.184 36.382 0.000000
98991 -30.198 -46.583 42.698 0.000000
99049 -53.944 -14.793 20.782 0.000000
99129 -46.155 -28.480 27.744 0.000000
99304 -16.036 -50.931 51.855 0.000000
99308 -45.044 -32.957 33.351 0.000000
99514 -36.505 -40.939 33.499 0.000000
99530 -29.429 -41.428 35.169 0.000000
99581 -27.965 -43.528 37.736 0.000000
99841 -49.412 -27.545 28.421 0.000000
99919 -43.823 -38.162 35.563 0.000000
99941 -35.273 -41.979 34.500 0.000000
99943 -42.561 -28.129 24.551 0.000000
100030 -41.131 -30.229 30.264 0.000000
100081 -35.754 -43.896 37.346 0.000000
100133 -43.937 -27.395 24.228 0.000000
100352 -22.263 -50.175 45.352 0.000000
100529 -55.552 -12.964 13.221 0.000000
100532 -47.794 -27.989 26.838 0.000000
100604 -28.722 -42.369 38.734 0.000000
100650 -32.231 -42.900 36.249 0.000000
100812 -27.124 -41.486 34.942 0.000000
100883 -43.058 -27.591 29.258 0.000000
100907 -48.736 -24.283 21.034 0.000000
100921 -50.028 -17.441 17.696 0.000000
101062 -35.992 -43.836 36.646 0.000000
101107 -42.570 -28.529 27.478 0.000000
101238 -41.714 -27.217 29.661 0.000000
101245 -45.952 -28.306 34.700 0.000000
101246 -28.382 -45.938 39.297 0.000000
101344 -29.331 -47.745 41.506 0.000000
101820 -33.338 -43.207 40.372 0.000000
101847 -38.998 -27.825 30.050 0.000000
101865 -38.450 -27.801 29.359 0.000000
102036 -41.301 -27.005 30.042 0.000000
102092 -40.085 -39.890 33.359 0.000000
102265 -29.562 -50.515 42.747 0.000000
102357 -48.014 -28.251 28.115 0.000000
102358 -16.331 -49.430 44.045 0.000000
102518 -48.136 -27.243 31.105 0.000000
102544 -25.956 -49.405 41.469 0.000000
102769 -44.927 -33.787 31.470 0.000000
102847 -40.584 -39.314 32.989 0.000000
102930 -13.848 -51.052 48.404 0.000000
103146 -35.658 -43.107 41.568 0.000000
103153 -42.780 -26.971 32.217 0.000000
103324 -24.028 -49.453 42.096 0.000000
103460 -14.385 -50.441 46.038 0.000000
103479 -16.672 -50.825 46.978 0.000000
103519 -40.815 -38.090 30.336 0.000000
103544 -36.715 -40.519 32.775 0.000000
103576 -13.292 -50.541 50.415 0.000000
103665 -49.290 -25.288 24.362 0.000000
103722 -28.160 -42.393 36.672 0.000000
103906 -38.527 -38.466 29.997 0.000000
103924 -27.766 -42.919 36.497 0.000000
104024 -16.876 -50.890 49.688 0.000000
104370 -36.750 -41.349 34.129 0.000000
104429 -43.971 -31.793 30.946 0.000000
104473 -30.076 -45.753 42.535 0.000000
104496 -52.198 -17.934 21.443 0.000000
104532 -44.272 -26.933 32.435 0.000000
104592 -18.104 -49.284 43.628 0.000000
104785 -52.376 -15.850 19.435 0.000000
104907 -39.604 -41.623 35.293 0.000000
104969 -27.548 -48.672 40.551 0.000000
105024 -42.971 -38.913 34.719 0.000000
105116 -13.135 -49.662 45.753 0.000000
105216 -43.661 -28.463 25.528 0.000000
105255 -11.190 -49.909 52.238 0.000000
105275 -26.704 -48.764 40.492 0.000000
105285 -12.907 -51.436 52.625 0.000000
105501 -8.227 -51.243 52.927 0.000000
105886 -21.354 -49.058 41.084 0.000000
106017 -44.726 -30.502 34.664 0.000000
106073 -31.288 -42.955 40.859 0.000000
106087 -10.904 -50.116 48.876 0.000000
106142 -33.303 -43.222 41.799 0.000000
106153 -21.832 -51.081 47.747 0.000000
106218 -28.827 -47.535 40.696 0.000000
106221 -45.244 -27.620 29.626 0.000000
106232 -26.655 -47.593 38.874 0.000000
106428 -54.940 -13.381 14.288 0.000000
106511 -38.799 -28.691 29.876 0.000000
106515 -10.327 -49.828 49.765 0.000000
106756 -49.893 -23.361 21.930 0.000000
106962 -44.057 -26.960 23.694 0.000000
107014 -51.360 -24.128 23.157 0.000000
107073 -50.020 -25.198 24.552 0.000000
107124 -33.986 -43.636 42.564 0.000000
107182 -47.495 -23.158 19.515 0.000000
107282 -33.871 -42.943 40.901 0.000000
107379 -32.704 -43.064 40.964 0.000000
107421 -14.021 -50.854 52.179 0.000000
107539 -10.085 -49.977 53.391 0.000000
107565 -46.126 -25.418 21.130 0.000000
107671 -46.572 -25.569 21.917 0.000000
107705 -44.898 -27.057 31.818 0.000000
107757 -27.522 -45.132 37.780 0.000000
107875 -43.905 -37.877 34.954 0.000000
107915 -42.918 -28.495 25.094 0.000000
107943 -45.706 -27.079 31.932 0.000000
107999 -52.198 -15.976 18.344 0.000000
108012 -33.316 -43.137 36.246 0.000000
108019 -30.669 -44.799 42.311 0.000000
108022 -13.449 -50.654 49.712 0.000000
108085 -14.471 -50.964 47.173 0.000000
108138 -48.062 -27.491 30.332 0.000000
108173 -30.805 -42.687 40.036 0.000000
108229 -48.014 -26.648 32.784 0.000000
108254 -40.991 -30.776 29.794 0.000000
108419 -54.457 -14.374 16.707 0.000000
108455 -28.983 -48.092 41.020 0.000000
108489 -44.505 -27.694 28.981 0.000000
108565 -11.731 -52.520 52.650 0.000000
108570 -39.825 -41.256 35.035 0.000000
108650 -42.007 -38.083 30.925 0.000000
108668 -37.598 -42.727 35.584 0.000000
108741 -42.907 -28.725 27.012 0.000000
108750 -33.204 -43.355 37.060 0.000000
108858 -23.266 -48.310 38.759 0.000000
108972 -29.872 -45.246 42.252 0.000000
109112 -45.099 -33.405 33.046 0.000000
109151 -37.263 -41.498 34.406 0.000000
