#!ascii label  , from subject OAS1_0001-3 vox2ras=TkReg 
834
28384 -4.758 -47.729 49.544 0.000000
29089 -11.391 -47.101 51.534 0.000000
29090 -10.932 -46.947 52.233 0.000000
29100 -10.987 -46.967 50.761 0.000000
29101 -10.520 -46.974 51.450 0.000000
29102 -11.934 -47.003 50.795 0.000000
29112 -4.203 -47.104 49.844 0.000000
29113 -5.056 -46.844 49.728 0.000000
29114 -11.319 -46.380 49.565 0.000000
29115 -10.656 -46.696 49.957 0.000000
29116 -11.883 -46.503 50.147 0.000000
29127 -6.024 -47.134 48.715 0.000000
29128 -11.907 -46.200 49.096 0.000000
29129 -11.223 -46.261 48.845 0.000000
29139 -6.638 -47.050 48.184 0.000000
29140 -12.440 -45.948 48.753 0.000000
29141 -13.398 -45.924 49.020 0.000000
29839 -9.477 -45.764 53.578 0.000000
29840 -8.793 -45.368 53.304 0.000000
29848 -8.368 -45.466 52.786 0.000000
29849 -8.017 -45.192 52.668 0.000000
29850 -8.349 -45.176 53.148 0.000000
29851 -9.023 -45.724 52.974 0.000000
29852 -9.838 -46.042 52.950 0.000000
29857 -7.815 -45.305 52.072 0.000000
29858 -6.638 -44.939 51.221 0.000000
29859 -7.516 -44.968 51.981 0.000000
29860 -8.370 -45.821 51.897 0.000000
29861 -9.227 -46.198 52.192 0.000000
29862 -10.104 -46.692 52.210 0.000000
29867 -4.906 -46.154 50.303 0.000000
29868 -4.757 -45.521 50.471 0.000000
29869 -5.697 -45.215 50.685 0.000000
29870 -5.968 -45.461 50.594 0.000000
29871 -6.500 -45.764 50.365 0.000000
29872 -8.178 -46.039 50.818 0.000000
29873 -8.951 -46.347 51.239 0.000000
29874 -9.703 -46.712 51.403 0.000000
29881 -5.867 -46.542 49.398 0.000000
29882 -6.837 -46.210 49.565 0.000000
29883 -7.900 -46.247 49.752 0.000000
29884 -8.864 -46.459 49.357 0.000000
29885 -9.409 -46.676 50.113 0.000000
29891 -6.534 -46.662 48.735 0.000000
29892 -7.880 -46.323 48.740 0.000000
29893 -8.537 -46.348 48.299 0.000000
29894 -9.462 -46.414 48.640 0.000000
29895 -10.440 -46.502 48.968 0.000000
29903 -7.734 -46.541 47.917 0.000000
29904 -8.256 -46.490 47.580 0.000000
29905 -8.995 -46.234 47.585 0.000000
29906 -10.744 -46.046 48.058 0.000000
29907 -11.646 -45.995 48.470 0.000000
29908 -13.048 -45.613 48.278 0.000000
29909 -14.512 -45.485 48.260 0.000000
29921 -10.690 -45.793 46.861 0.000000
29922 -11.853 -45.605 46.907 0.000000
29923 -10.992 -45.461 46.129 0.000000
29924 -12.858 -45.491 47.360 0.000000
29925 -14.200 -45.161 47.417 0.000000
29926 -14.945 -45.167 47.627 0.000000
29935 -12.696 -45.418 46.559 0.000000
29936 -13.515 -45.251 46.796 0.000000
29937 -14.322 -44.961 46.755 0.000000
29938 -15.280 -44.823 47.092 0.000000
30602 -7.797 -44.392 53.188 0.000000
30607 -7.070 -44.656 51.942 0.000000
30608 -6.530 -44.196 52.000 0.000000
30609 -7.325 -44.420 52.504 0.000000
30610 -7.839 -44.860 52.754 0.000000
30614 -6.214 -44.670 51.327 0.000000
30639 -10.200 -45.619 45.952 0.000000
30648 -10.712 -45.524 45.219 0.000000
30649 -11.882 -45.314 45.811 0.000000
30650 -13.021 -45.268 46.017 0.000000
30651 -14.138 -44.846 45.951 0.000000
30652 -14.881 -44.713 46.307 0.000000
30653 -15.675 -44.493 46.601 0.000000
30664 -12.454 -45.046 45.124 0.000000
30665 -13.870 -44.580 45.152 0.000000
30666 -14.641 -44.529 45.546 0.000000
30667 -15.299 -44.406 45.894 0.000000
30668 -16.083 -43.900 45.912 0.000000
30669 -17.190 -43.694 46.155 0.000000
30675 -12.992 -44.770 44.481 0.000000
30676 -13.137 -44.602 43.537 0.000000
30677 -13.633 -44.435 44.319 0.000000
30678 -14.288 -44.186 44.693 0.000000
30679 -15.207 -43.911 45.078 0.000000
31372 -16.784 -43.481 45.385 0.000000
31373 -17.578 -43.206 45.158 0.000000
31374 -19.439 -43.152 45.359 0.000000
31381 -13.890 -44.197 43.680 0.000000
31382 -14.665 -43.772 43.991 0.000000
31383 -15.516 -43.442 44.131 0.000000
31384 -16.859 -43.159 44.712 0.000000
31385 -17.336 -42.494 44.026 0.000000
31386 -18.201 -42.735 44.663 0.000000
31388 -18.524 -42.262 44.011 0.000000
31400 -14.242 -43.934 42.943 0.000000
31401 -15.037 -43.508 43.221 0.000000
31402 -15.733 -43.198 43.395 0.000000
31403 -16.312 -43.035 44.059 0.000000
31404 -19.442 -42.414 44.025 0.000000
31406 -19.747 -42.352 43.171 0.000000
31419 -20.428 -42.398 42.945 0.000000
31420 -20.849 -42.349 42.672 0.000000
31421 -20.312 -42.288 41.978 0.000000
31429 -20.856 -42.190 41.979 0.000000
32054 -15.433 -43.252 42.539 0.000000
32055 -17.093 -42.246 42.896 0.000000
32056 -18.118 -42.101 42.959 0.000000
32057 -19.015 -42.246 43.313 0.000000
32068 -15.806 -42.935 41.874 0.000000
32069 -16.587 -42.343 42.013 0.000000
32070 -18.165 -41.903 41.818 0.000000
32071 -19.104 -42.158 42.367 0.000000
32072 -19.870 -42.268 42.407 0.000000
32086 -19.060 -42.166 40.763 0.000000
32087 -19.876 -42.406 40.953 0.000000
32088 -20.453 -42.064 41.160 0.000000
32089 -21.116 -41.765 41.433 0.000000
32090 -21.551 -41.483 41.483 0.000000
32091 -21.805 -41.465 41.725 0.000000
32102 -19.370 -42.357 39.829 0.000000
32103 -20.128 -42.432 40.336 0.000000
32104 -20.678 -42.078 40.163 0.000000
32105 -21.240 -41.572 40.700 0.000000
32106 -21.548 -41.537 40.107 0.000000
32119 -20.042 -42.604 39.479 0.000000
32120 -20.428 -42.425 39.089 0.000000
32121 -20.865 -42.088 39.134 0.000000
32122 -21.316 -41.760 39.127 0.000000
32139 -21.066 -42.024 38.417 0.000000
32797 -22.192 -41.350 42.468 0.000000
32810 -21.877 -41.352 41.242 0.000000
32811 -22.100 -41.351 41.562 0.000000
32824 -21.922 -41.343 40.639 0.000000
32825 -22.243 -41.143 40.356 0.000000
32837 -21.914 -41.354 39.821 0.000000
32838 -22.311 -40.992 39.312 0.000000
32854 -22.501 -40.916 38.404 0.000000
33527 -22.438 -40.834 42.225 0.000000
33532 -22.590 -40.650 41.463 0.000000
33534 -22.574 -40.759 40.192 0.000000
33539 -22.608 -40.324 39.581 0.000000
33546 -22.571 -40.388 38.757 0.000000
34226 -22.502 -40.209 42.036 0.000000
34229 -22.684 -40.070 41.339 0.000000
34232 -22.670 -39.656 40.019 0.000000
34234 -22.650 -39.624 39.002 0.000000
34243 -23.015 -39.709 36.517 0.000000
35010 -22.419 -39.632 42.800 0.000000
35018 -22.493 -38.652 41.419 0.000000
35021 -22.622 -38.567 40.395 0.000000
35025 -22.670 -38.762 39.326 0.000000
35030 -22.679 -38.556 38.436 0.000000
35034 -23.020 -38.909 37.039 0.000000
35716 -22.564 -37.947 43.093 0.000000
35726 -22.448 -37.780 42.049 0.000000
35735 -22.578 -37.727 41.070 0.000000
35736 -33.367 -37.169 41.417 0.000000
35737 -32.459 -36.985 41.868 0.000000
35746 -22.693 -37.977 39.752 0.000000
35747 -33.931 -37.095 39.561 0.000000
35748 -33.030 -36.719 40.815 0.000000
35749 -34.501 -37.672 39.749 0.000000
35756 -22.663 -37.848 39.034 0.000000
35757 -33.694 -36.859 38.817 0.000000
35758 -33.334 -36.757 39.002 0.000000
35759 -34.207 -37.250 39.190 0.000000
35760 -35.253 -37.945 39.083 0.000000
35768 -22.953 -38.133 37.596 0.000000
35769 -34.223 -37.123 38.596 0.000000
35770 -33.635 -36.810 38.243 0.000000
35771 -34.929 -37.565 38.585 0.000000
35772 -35.666 -37.788 38.700 0.000000
35773 -36.371 -37.924 38.846 0.000000
35779 -23.266 -38.102 36.694 0.000000
35780 -34.679 -37.098 37.945 0.000000
35781 -35.437 -37.316 38.022 0.000000
35782 -36.220 -37.499 38.182 0.000000
36480 -22.819 -36.848 42.675 0.000000
36488 -22.759 -36.916 41.590 0.000000
36495 -22.775 -36.890 40.656 0.000000
36496 -30.676 -36.035 42.004 0.000000
36497 -31.327 -35.985 41.316 0.000000
36498 -30.597 -35.745 41.425 0.000000
36499 -32.170 -36.409 41.122 0.000000
36505 -22.648 -37.004 39.685 0.000000
36506 -32.235 -35.976 39.565 0.000000
36507 -30.958 -35.488 40.530 0.000000
36508 -32.620 -36.327 40.080 0.000000
36513 -22.872 -37.055 38.727 0.000000
36514 -32.414 -36.079 38.553 0.000000
36515 -31.900 -35.618 39.011 0.000000
36516 -32.704 -36.436 39.064 0.000000
36523 -23.211 -37.265 37.909 0.000000
36524 -33.007 -36.632 38.343 0.000000
36532 -23.410 -37.331 36.375 0.000000
36533 -32.364 -35.897 37.864 0.000000
36534 -33.696 -36.690 37.561 0.000000
36535 -34.110 -36.875 37.874 0.000000
36536 -35.205 -36.927 37.251 0.000000
36537 -36.007 -37.185 37.369 0.000000
36538 -37.113 -36.794 37.197 0.000000
36539 -37.812 -36.559 37.459 0.000000
36540 -38.054 -35.964 36.963 0.000000
36550 -33.052 -36.036 36.407 0.000000
36551 -32.518 -35.497 36.521 0.000000
36552 -33.758 -36.523 36.689 0.000000
36553 -34.392 -36.669 36.609 0.000000
36554 -34.984 -36.796 36.434 0.000000
36555 -35.856 -36.463 36.497 0.000000
36556 -36.694 -36.343 36.556 0.000000
36557 -37.330 -36.221 36.704 0.000000
36558 -38.151 -35.443 36.522 0.000000
36563 -33.699 -36.093 35.751 0.000000
36564 -33.081 -35.406 35.385 0.000000
36565 -34.432 -35.974 35.356 0.000000
36566 -34.737 -36.529 35.783 0.000000
36567 -35.323 -36.147 35.738 0.000000
36568 -36.320 -35.747 36.184 0.000000
36569 -36.830 -35.669 36.205 0.000000
36570 -37.397 -35.607 36.309 0.000000
36585 -34.001 -35.380 34.906 0.000000
36586 -34.726 -35.426 34.606 0.000000
36587 -34.151 -34.923 33.871 0.000000
36588 -35.008 -35.886 35.140 0.000000
36589 -35.482 -35.645 35.010 0.000000
36590 -36.479 -35.445 35.563 0.000000
36603 -34.788 -35.086 33.997 0.000000
36604 -35.111 -35.424 34.466 0.000000
37333 -24.501 -34.935 42.605 0.000000
37348 -23.167 -36.211 41.968 0.000000
37349 -23.806 -35.399 41.820 0.000000
37350 -25.699 -34.568 42.241 0.000000
37352 -28.727 -34.922 42.655 0.000000
37363 -23.388 -36.156 41.109 0.000000
37364 -24.138 -35.256 41.181 0.000000
37365 -25.657 -34.463 41.560 0.000000
37366 -26.694 -34.584 41.963 0.000000
37367 -28.345 -34.977 42.149 0.000000
37368 -27.663 -34.608 41.621 0.000000
37369 -29.456 -35.409 41.642 0.000000
37370 -30.022 -35.867 41.827 0.000000
37376 -23.064 -36.068 40.162 0.000000
37377 -23.646 -35.518 40.565 0.000000
37378 -28.686 -34.916 41.583 0.000000
37379 -29.319 -34.788 40.670 0.000000
37380 -30.225 -34.776 40.100 0.000000
37381 -29.506 -34.672 39.674 0.000000
37385 -23.056 -36.109 39.187 0.000000
37386 -30.907 -34.975 38.765 0.000000
37387 -29.998 -34.961 39.151 0.000000
37390 -23.315 -36.400 38.234 0.000000
37391 -23.811 -35.853 37.592 0.000000
37392 -30.776 -34.692 37.895 0.000000
37393 -29.925 -34.716 38.532 0.000000
37394 -31.711 -35.443 38.306 0.000000
37400 -23.640 -36.643 36.882 0.000000
37401 -24.074 -35.846 36.587 0.000000
37402 -31.136 -34.161 36.990 0.000000
37403 -30.178 -34.018 37.178 0.000000
37404 -31.774 -35.032 37.492 0.000000
37416 -24.204 -35.897 35.570 0.000000
37417 -31.911 -34.727 36.609 0.000000
37418 -31.123 -34.279 36.174 0.000000
37419 -38.657 -34.998 36.523 0.000000
37420 -39.399 -35.032 37.077 0.000000
37425 -32.089 -34.899 35.884 0.000000
37426 -31.398 -34.331 35.478 0.000000
37427 -32.565 -35.495 35.933 0.000000
37428 -37.024 -35.357 35.642 0.000000
37429 -37.666 -35.109 35.862 0.000000
37430 -38.308 -34.607 35.900 0.000000
37448 -32.057 -34.476 35.032 0.000000
37449 -32.640 -34.678 34.672 0.000000
37450 -32.001 -34.504 33.909 0.000000
37451 -33.389 -34.812 34.264 0.000000
37452 -35.462 -35.369 34.351 0.000000
37453 -37.081 -34.789 34.639 0.000000
37454 -37.560 -34.714 35.173 0.000000
37466 -32.679 -34.653 33.555 0.000000
37467 -33.335 -34.850 33.034 0.000000
37468 -32.647 -34.852 32.680 0.000000
37469 -34.441 -34.877 33.308 0.000000
37470 -34.939 -35.024 33.813 0.000000
37471 -35.339 -35.112 33.946 0.000000
37472 -35.852 -35.292 34.133 0.000000
37473 -36.728 -34.638 34.163 0.000000
37481 -33.421 -34.786 32.212 0.000000
37482 -32.933 -34.897 32.174 0.000000
37483 -33.970 -34.705 32.477 0.000000
37484 -34.458 -34.767 32.929 0.000000
37485 -35.004 -34.829 33.415 0.000000
37486 -35.335 -34.597 33.252 0.000000
37487 -36.100 -34.809 33.778 0.000000
37496 -32.793 -34.801 31.189 0.000000
37499 -34.643 -34.485 32.466 0.000000
38176 -24.337 -34.887 40.620 0.000000
38177 -26.552 -34.269 41.103 0.000000
38183 -23.635 -35.157 39.751 0.000000
38184 -24.707 -34.396 39.988 0.000000
38185 -25.917 -33.937 40.182 0.000000
38186 -27.198 -33.960 40.149 0.000000
38187 -28.226 -34.381 40.626 0.000000
38194 -23.641 -35.442 38.651 0.000000
38195 -24.266 -34.569 39.003 0.000000
38196 -25.289 -33.896 39.253 0.000000
38197 -27.389 -33.803 39.178 0.000000
38198 -28.206 -34.247 39.516 0.000000
38199 -29.102 -34.591 39.044 0.000000
38205 -24.824 -34.168 38.288 0.000000
38206 -25.421 -33.973 37.607 0.000000
38207 -26.019 -33.752 38.538 0.000000
38208 -27.107 -33.627 38.523 0.000000
38209 -26.485 -33.684 37.829 0.000000
38210 -29.165 -34.211 38.226 0.000000
38214 -24.521 -34.793 37.283 0.000000
38215 -25.274 -34.321 36.669 0.000000
38216 -27.547 -33.588 37.878 0.000000
38217 -28.521 -33.742 37.720 0.000000
38218 -27.862 -33.505 37.105 0.000000
38219 -29.343 -33.868 37.410 0.000000
38228 -24.676 -35.137 36.149 0.000000
38229 -25.302 -34.560 35.683 0.000000
38230 -28.730 -33.583 36.876 0.000000
38231 -29.505 -33.713 36.610 0.000000
38232 -28.778 -33.660 36.121 0.000000
38233 -30.341 -33.874 36.384 0.000000
38242 -29.638 -33.664 35.953 0.000000
38243 -30.547 -33.948 35.735 0.000000
38244 -29.884 -33.632 35.093 0.000000
38245 -38.721 -34.190 35.991 0.000000
38253 -30.514 -34.299 33.716 0.000000
38255 -31.376 -34.321 34.345 0.000000
38256 -37.364 -34.212 34.618 0.000000
38257 -37.874 -34.229 35.279 0.000000
38272 -32.035 -34.828 32.877 0.000000
38273 -37.026 -34.154 34.209 0.000000
38274 -37.131 -33.701 34.180 0.000000
38287 -35.841 -34.224 33.226 0.000000
38288 -35.998 -33.958 33.163 0.000000
38289 -36.816 -33.800 33.965 0.000000
38300 -34.352 -34.438 31.168 0.000000
38301 -34.717 -34.126 31.728 0.000000
38302 -35.091 -33.705 31.831 0.000000
38303 -35.609 -34.061 32.857 0.000000
38314 -34.796 -34.208 30.609 0.000000
38937 -25.985 -33.809 37.108 0.000000
38938 -26.875 -33.580 37.141 0.000000
38946 -26.172 -33.823 36.266 0.000000
38947 -27.180 -33.534 36.496 0.000000
38948 -27.964 -33.531 36.312 0.000000
38955 -25.883 -34.154 35.161 0.000000
38956 -26.990 -33.692 35.599 0.000000
38957 -27.984 -33.614 35.622 0.000000
38958 -28.682 -33.619 35.157 0.000000
38971 -38.080 -33.629 35.331 0.000000
38972 -38.724 -33.357 35.995 0.000000
38984 -37.088 -33.503 34.114 0.000000
38985 -37.510 -33.827 34.672 0.000000
38994 -36.515 -33.148 33.236 0.000000
38995 -36.866 -33.226 33.654 0.000000
39001 -35.765 -33.332 32.656 0.000000
39002 -36.004 -33.164 32.686 0.000000
39006 -35.135 -33.732 30.463 0.000000
39007 -35.349 -33.166 30.772 0.000000
39008 -35.331 -33.063 31.827 0.000000
39613 -38.037 -33.131 35.253 0.000000
39621 -37.121 -33.061 34.016 0.000000
39622 -37.411 -33.427 34.475 0.000000
39629 -36.940 -32.942 33.404 0.000000
39634 -36.147 -32.949 32.791 0.000000
39635 -36.706 -33.138 33.276 0.000000
39640 -35.325 -32.867 31.328 0.000000
39641 -35.526 -33.200 31.945 0.000000
40308 -36.730 -32.939 33.513 0.000000
40309 -37.364 -32.920 34.400 0.000000
40315 -36.899 -33.116 33.016 0.000000
40316 -36.069 -32.524 33.089 0.000000
40317 -36.399 -32.710 33.263 0.000000
40322 -35.621 -33.053 31.998 0.000000
40323 -35.274 -32.643 31.803 0.000000
40324 -35.582 -32.227 32.630 0.000000
41070 -37.583 -32.448 34.840 0.000000
41071 -37.435 -32.125 34.794 0.000000
41076 -36.496 -32.659 33.397 0.000000
41077 -36.172 -32.060 33.421 0.000000
41078 -36.772 -32.169 34.188 0.000000
41083 -35.938 -32.065 32.940 0.000000
41084 -35.874 -31.898 33.043 0.000000
41085 -35.982 -32.006 33.172 0.000000
41091 -35.164 -32.419 31.546 0.000000
41093 -35.101 -31.985 31.861 0.000000
41918 -38.403 -31.542 36.116 0.000000
41919 -37.989 -30.874 36.184 0.000000
41926 -37.112 -31.704 34.762 0.000000
41927 -36.627 -31.113 34.818 0.000000
41928 -37.279 -30.996 35.478 0.000000
41933 -36.120 -31.888 33.483 0.000000
41934 -35.751 -31.299 33.684 0.000000
41935 -36.119 -31.235 34.195 0.000000
41941 -34.548 -31.158 32.064 0.000000
41942 -34.035 -30.410 32.558 0.000000
41943 -34.809 -30.966 33.042 0.000000
41944 -35.321 -31.635 32.681 0.000000
41945 -35.446 -31.341 33.276 0.000000
41952 -32.939 -29.537 31.372 0.000000
42755 -37.253 -30.148 36.229 0.000000
42756 -36.673 -29.272 36.232 0.000000
42762 -36.032 -30.460 34.984 0.000000
42763 -35.537 -29.673 34.975 0.000000
42764 -35.997 -29.487 35.630 0.000000
42770 -34.430 -30.101 33.472 0.000000
42771 -33.769 -29.461 32.958 0.000000
42772 -34.190 -29.002 33.858 0.000000
42773 -35.221 -30.598 33.793 0.000000
42774 -34.866 -28.988 34.733 0.000000
42782 -33.509 -29.729 32.116 0.000000
42783 -33.285 -28.746 32.245 0.000000
43609 -37.556 -29.133 36.654 0.000000
43610 -37.948 -28.336 37.106 0.000000
43614 -36.038 -28.440 36.145 0.000000
43615 -35.468 -27.668 35.782 0.000000
43624 -35.449 -28.681 35.447 0.000000
43625 -34.890 -27.895 35.180 0.000000
43632 -33.662 -28.599 33.133 0.000000
43633 -33.384 -27.792 32.938 0.000000
43634 -33.812 -28.120 33.673 0.000000
43639 -32.981 -27.754 31.984 0.000000
43649 -32.703 -28.534 31.332 0.000000
44500 -38.143 -27.112 37.575 0.000000
44503 -37.040 -26.922 36.777 0.000000
44504 -37.708 -27.435 37.149 0.000000
44506 -35.494 -26.665 35.979 0.000000
44507 -36.162 -27.363 36.378 0.000000
44513 -34.325 -27.890 34.391 0.000000
44514 -34.161 -26.828 34.287 0.000000
44515 -34.569 -27.142 34.853 0.000000
44516 -34.981 -26.929 35.380 0.000000
44523 -33.136 -27.014 32.516 0.000000
44531 -32.946 -26.900 31.666 0.000000
44540 -32.666 -27.592 31.140 0.000000
45318 -35.531 -25.660 35.977 0.000000
45319 -36.205 -26.310 36.472 0.000000
45321 -34.105 -25.945 33.964 0.000000
45322 -35.053 -25.975 35.431 0.000000
45326 -33.413 -26.373 32.939 0.000000
45327 -33.762 -25.895 33.326 0.000000
45335 -33.274 -26.237 32.153 0.000000
45336 -33.614 -25.631 32.657 0.000000
45348 -33.116 -26.098 31.303 0.000000
46039 -36.180 -25.272 36.436 0.000000
46053 -35.692 -24.702 35.708 0.000000
46061 -34.524 -25.274 34.188 0.000000
46062 -34.987 -24.673 34.457 0.000000
46063 -35.306 -25.083 35.177 0.000000
46070 -34.077 -25.152 33.282 0.000000
46071 -34.593 -24.417 33.634 0.000000
46074 -33.485 -25.457 31.819 0.000000
46075 -33.887 -24.897 32.310 0.000000
46089 -33.391 -25.377 30.941 0.000000
46090 -33.855 -24.676 30.567 0.000000
46095 -33.373 -25.343 30.003 0.000000
46096 -33.830 -24.607 29.585 0.000000
46760 -36.329 -24.315 36.162 0.000000
46770 -36.035 -23.784 35.370 0.000000
46775 -35.098 -23.755 34.020 0.000000
46776 -35.514 -24.213 34.840 0.000000
46785 -34.878 -23.604 33.020 0.000000
46794 -34.344 -24.293 32.690 0.000000
46795 -34.722 -23.617 31.901 0.000000
46800 -34.225 -24.043 31.145 0.000000
46801 -34.697 -23.269 30.800 0.000000
46803 -34.324 -23.968 30.205 0.000000
46804 -34.670 -23.109 29.796 0.000000
46806 -34.264 -23.829 29.199 0.000000
47475 -36.531 -22.989 35.105 0.000000
47485 -35.859 -23.176 34.440 0.000000
47486 -36.340 -22.463 33.688 0.000000
47487 -37.081 -22.068 34.037 0.000000
47490 -35.550 -22.990 33.391 0.000000
47491 -36.211 -22.439 32.757 0.000000
47493 -35.551 -23.046 32.342 0.000000
47494 -36.194 -22.495 31.803 0.000000
47497 -35.419 -22.853 31.355 0.000000
47498 -36.075 -22.243 30.913 0.000000
47501 -35.405 -22.600 30.291 0.000000
47502 -36.271 -22.196 30.061 0.000000
47504 -34.970 -23.186 28.766 0.000000
47505 -35.857 -22.651 28.855 0.000000
47506 -36.573 -22.413 28.205 0.000000
47518 -35.849 -23.034 28.003 0.000000
47519 -36.498 -22.578 27.272 0.000000
47520 -42.884 -22.038 27.609 0.000000
47521 -42.365 -21.812 27.704 0.000000
47522 -42.769 -21.900 28.160 0.000000
47523 -43.317 -22.223 27.847 0.000000
47535 -35.745 -23.257 27.064 0.000000
47536 -42.506 -22.064 27.068 0.000000
47537 -43.406 -22.184 27.270 0.000000
47545 -36.770 -22.947 25.961 0.000000
47546 -37.659 -22.525 25.775 0.000000
47547 -43.049 -22.036 26.701 0.000000
47548 -43.727 -22.153 26.886 0.000000
47549 -44.493 -22.090 27.208 0.000000
47550 -45.653 -22.049 27.437 0.000000
47554 -37.827 -22.557 25.168 0.000000
48253 -37.714 -21.634 33.746 0.000000
48256 -37.075 -21.940 33.135 0.000000
48257 -37.627 -21.621 32.387 0.000000
48259 -36.894 -22.055 32.154 0.000000
48260 -37.447 -21.646 31.567 0.000000
48262 -36.756 -21.971 31.326 0.000000
48263 -37.488 -21.565 30.319 0.000000
48265 -42.483 -21.270 30.372 0.000000
48280 -41.972 -21.321 29.661 0.000000
48281 -41.531 -21.322 30.544 0.000000
48290 -37.331 -21.974 28.411 0.000000
48291 -38.024 -21.602 28.767 0.000000
48292 -37.775 -21.546 29.601 0.000000
48293 -38.763 -21.370 29.372 0.000000
48294 -40.677 -21.479 28.250 0.000000
48295 -39.730 -21.570 28.805 0.000000
48296 -40.673 -21.352 29.210 0.000000
48297 -41.644 -21.218 29.137 0.000000
48298 -42.435 -21.538 28.843 0.000000
48304 -37.398 -22.133 27.505 0.000000
48305 -38.187 -21.721 27.873 0.000000
48306 -39.774 -21.542 27.810 0.000000
48307 -38.880 -21.460 28.295 0.000000
48308 -40.695 -21.655 27.392 0.000000
48309 -41.615 -21.598 27.784 0.000000
48318 -37.321 -22.369 26.575 0.000000
48319 -38.445 -21.987 26.948 0.000000
48320 -39.732 -21.713 26.914 0.000000
48321 -40.722 -21.789 26.715 0.000000
48322 -41.609 -22.015 26.692 0.000000
48327 -38.554 -22.168 25.583 0.000000
48328 -39.560 -21.781 25.827 0.000000
48329 -40.635 -21.800 26.165 0.000000
48330 -41.501 -22.003 26.285 0.000000
48331 -42.240 -22.065 26.495 0.000000
48332 -43.325 -22.003 26.601 0.000000
48333 -44.337 -21.972 26.954 0.000000
48334 -45.260 -21.830 27.207 0.000000
48335 -46.171 -21.831 27.060 0.000000
48345 -39.875 -21.547 25.504 0.000000
48346 -40.164 -21.341 25.099 0.000000
48347 -40.857 -21.731 25.846 0.000000
48348 -41.892 -21.965 26.060 0.000000
48349 -42.846 -21.838 26.212 0.000000
48350 -44.337 -21.470 26.516 0.000000
48351 -44.994 -21.546 26.866 0.000000
48352 -45.806 -21.494 26.785 0.000000
49047 -38.580 -21.187 33.568 0.000000
49048 -39.708 -20.794 34.258 0.000000
49057 -38.389 -21.264 32.586 0.000000
49058 -39.217 -20.998 32.755 0.000000
49059 -40.091 -20.821 32.817 0.000000
49060 -40.983 -20.691 32.887 0.000000
49070 -38.204 -21.319 31.731 0.000000
49071 -38.984 -20.888 31.890 0.000000
49072 -39.877 -20.978 32.034 0.000000
49073 -40.723 -20.803 32.078 0.000000
49088 -38.022 -21.270 30.861 0.000000
49089 -38.783 -21.035 31.150 0.000000
49090 -39.700 -20.975 31.092 0.000000
49091 -40.654 -21.245 30.740 0.000000
49097 -38.202 -21.301 30.099 0.000000
49098 -39.054 -21.137 30.325 0.000000
49099 -40.100 -21.335 30.204 0.000000
49100 -40.947 -21.441 29.917 0.000000
49104 -39.789 -21.461 29.647 0.000000
49127 -41.063 -21.366 25.455 0.000000
49128 -41.933 -21.208 25.642 0.000000
49129 -43.568 -21.304 26.203 0.000000
49130 -44.345 -20.723 26.034 0.000000
49131 -45.198 -20.963 26.359 0.000000
49143 -41.876 -20.299 24.811 0.000000
49144 -42.768 -20.782 25.770 0.000000
49145 -43.643 -20.388 25.666 0.000000
49817 -44.972 -20.254 25.766 0.000000
49818 -46.341 -20.195 25.976 0.000000
49828 -42.137 -19.671 23.994 0.000000
49829 -42.835 -19.882 25.090 0.000000
49830 -43.839 -19.554 25.184 0.000000
49831 -44.701 -19.759 25.395 0.000000
49832 -45.522 -19.709 25.535 0.000000
49833 -46.478 -19.401 25.533 0.000000
50575 -42.853 -19.163 24.395 0.000000
50576 -43.640 -18.826 24.590 0.000000
50577 -45.775 -18.787 25.149 0.000000
50578 -46.698 -18.518 25.117 0.000000
50579 -47.696 -18.477 25.200 0.000000
50583 -41.723 -19.418 23.045 0.000000
50584 -42.108 -18.746 22.691 0.000000
50585 -42.908 -18.327 23.579 0.000000
50586 -44.059 -18.221 24.318 0.000000
51348 -45.170 -18.225 24.567 0.000000
51349 -46.106 -18.133 24.689 0.000000
51350 -47.101 -17.929 24.705 0.000000
51355 -43.152 -17.676 22.864 0.000000
51356 -43.601 -17.722 23.547 0.000000
51357 -44.502 -17.548 23.942 0.000000
51358 -45.650 -17.600 24.156 0.000000
51359 -47.234 -17.253 24.247 0.000000
51361 -48.664 -17.191 24.606 0.000000
51364 -42.627 -18.078 22.270 0.000000
52112 -43.776 -17.126 22.971 0.000000
52113 -44.980 -16.879 23.559 0.000000
52114 -46.334 -16.987 23.748 0.000000
52115 -47.377 -16.544 23.817 0.000000
52116 -48.049 -16.783 24.247 0.000000
52121 -43.185 -17.312 22.083 0.000000
52122 -44.302 -16.380 22.546 0.000000
52123 -45.479 -16.213 23.187 0.000000
52124 -46.630 -16.121 23.361 0.000000
52131 -43.851 -16.937 20.849 0.000000
52916 -48.124 -16.107 23.883 0.000000
52917 -48.657 -15.981 24.047 0.000000
52923 -43.732 -16.681 21.574 0.000000
52924 -44.397 -15.805 21.640 0.000000
52925 -45.079 -15.328 22.088 0.000000
52926 -45.807 -15.604 22.716 0.000000
52927 -46.849 -15.419 22.919 0.000000
52928 -47.787 -15.561 23.294 0.000000
52929 -48.462 -15.660 23.620 0.000000
52934 -44.160 -16.308 20.896 0.000000
52939 -44.587 -16.102 20.339 0.000000
52940 -44.515 -15.616 20.924 0.000000
52941 -45.075 -15.248 20.459 0.000000
52946 -45.581 -15.405 19.600 0.000000
53693 -45.853 -14.920 22.122 0.000000
53694 -47.279 -14.892 22.690 0.000000
53695 -48.089 -14.889 22.991 0.000000
53699 -44.891 -15.075 21.361 0.000000
53700 -45.535 -14.530 21.123 0.000000
53701 -46.514 -14.415 21.891 0.000000
53702 -47.494 -14.226 22.173 0.000000
53703 -48.596 -14.321 22.670 0.000000
53709 -45.747 -14.418 20.084 0.000000
54465 -49.464 -13.988 22.884 0.000000
54467 -46.072 -14.024 21.003 0.000000
54468 -46.756 -13.910 21.424 0.000000
54469 -47.277 -13.619 21.274 0.000000
54470 -47.783 -13.247 20.983 0.000000
54471 -48.624 -13.658 22.024 0.000000
54472 -49.068 -13.805 22.467 0.000000
54474 -46.461 -13.772 20.550 0.000000
54475 -47.041 -13.492 20.217 0.000000
54482 -46.368 -13.933 19.548 0.000000
55194 -48.382 -12.863 20.645 0.000000
55195 -48.909 -13.170 21.633 0.000000
55196 -49.350 -13.241 22.370 0.000000
55198 -47.572 -13.098 19.913 0.000000
55200 -46.927 -13.457 19.213 0.000000
55201 -47.451 -12.857 18.866 0.000000
55202 -47.988 -12.642 19.654 0.000000
55913 -49.223 -12.492 20.868 0.000000
55914 -49.700 -11.797 21.286 0.000000
55917 -48.695 -12.205 19.816 0.000000
55918 -49.548 -11.759 20.313 0.000000
55919 -50.029 -11.121 19.682 0.000000
55920 -48.004 -12.314 19.031 0.000000
55922 -49.208 -11.580 19.442 0.000000
56609 -50.845 -10.799 20.456 0.000000
89045 -36.989 -32.614 34.158 0.000000
89089 -35.201 -34.186 32.533 0.000000
89092 -34.566 -36.773 37.294 0.000000
89156 -23.338 -37.377 37.160 0.000000
89164 -33.290 -36.626 37.765 0.000000
89233 -35.657 -30.549 34.356 0.000000
89236 -49.395 -12.543 21.911 0.000000
89334 -35.839 -31.861 33.120 0.000000
89361 -30.727 -33.997 34.808 0.000000
89404 -9.871 -46.206 48.101 0.000000
89821 -36.519 -31.853 34.078 0.000000
90169 -27.447 -33.767 34.792 0.000000
90229 -22.652 -39.284 38.300 0.000000
90230 -22.522 -39.494 41.786 0.000000
90248 -19.563 -42.228 41.641 0.000000
90265 -9.843 -46.718 49.584 0.000000
90333 -36.555 -34.204 33.719 0.000000
90365 -36.585 -30.299 35.603 0.000000
90505 -30.085 -35.360 41.078 0.000000
90614 -36.103 -32.098 33.150 0.000000
90690 -22.673 -39.505 40.921 0.000000
90717 -37.852 -31.546 35.440 0.000000
90886 -28.193 -33.982 38.607 0.000000
90912 -35.623 -31.988 32.434 0.000000
91115 -36.483 -35.134 34.397 0.000000
91177 -48.106 -13.803 21.888 0.000000
91499 -38.815 -35.517 37.137 0.000000
91600 -18.877 -42.077 41.497 0.000000
91760 -30.976 -35.064 39.492 0.000000
91766 -12.210 -45.693 47.953 0.000000
92151 -31.865 -35.926 40.406 0.000000
92201 -27.697 -34.763 42.359 0.000000
92255 -35.238 -38.037 39.704 0.000000
92265 -22.710 -40.334 40.701 0.000000
92358 -16.136 -43.464 44.918 0.000000
92577 -22.832 -37.771 38.325 0.000000
92645 -38.258 -22.234 26.210 0.000000
92668 -8.810 -46.415 50.340 0.000000
92690 -17.189 -42.332 41.151 0.000000
92725 -37.047 -28.097 36.626 0.000000
92837 -39.170 -21.981 26.250 0.000000
92842 -41.200 -20.743 25.038 0.000000
93340 -29.067 -35.309 42.233 0.000000
93379 -7.019 -45.133 51.220 0.000000
93427 -26.448 -33.731 39.382 0.000000
93648 -22.765 -39.675 37.560 0.000000
93778 -35.262 -29.896 34.422 0.000000
93781 -7.124 -46.616 48.287 0.000000
93888 -42.743 -22.003 26.402 0.000000
93916 -9.758 -46.015 47.062 0.000000
94182 -50.111 -11.293 20.689 0.000000
94279 -43.626 -21.946 26.614 0.000000
94378 -11.652 -47.037 52.239 0.000000
94436 -33.822 -24.776 31.462 0.000000
94505 -44.341 -20.126 25.573 0.000000
94519 -21.824 -41.529 38.870 0.000000
94667 -28.869 -34.536 39.836 0.000000
94714 -5.514 -44.842 50.819 0.000000
94866 -18.534 -43.188 45.286 0.000000
94882 -22.447 -41.027 40.961 0.000000
95088 -29.894 -34.215 37.903 0.000000
95093 -34.875 -25.415 34.843 0.000000
95235 -10.075 -46.864 50.560 0.000000
95319 -47.465 -15.985 23.467 0.000000
95334 -36.793 -21.894 30.566 0.000000
95463 -41.205 -21.115 31.353 0.000000
95530 -7.551 -45.539 51.170 0.000000
95672 -33.920 -34.869 32.922 0.000000
95868 -33.265 -36.743 39.718 0.000000
95916 -46.529 -17.697 24.364 0.000000
96202 -25.312 -34.356 40.852 0.000000
96260 -48.664 -16.442 24.254 0.000000
96319 -35.302 -22.725 29.451 0.000000
96694 -36.080 -35.482 34.812 0.000000
96706 -34.295 -37.614 40.309 0.000000
96752 -13.384 -44.919 45.554 0.000000
96816 -32.378 -35.428 37.173 0.000000
97238 -36.789 -35.319 34.966 0.000000
97240 -16.302 -42.759 42.987 0.000000
97346 -22.141 -41.274 40.973 0.000000
97644 -12.069 -45.222 44.205 0.000000
97767 -31.632 -35.568 39.786 0.000000
98011 -33.740 -26.538 33.618 0.000000
98056 -43.074 -21.950 28.604 0.000000
98201 -22.689 -40.471 37.945 0.000000
98263 -33.322 -36.426 37.188 0.000000
98285 -17.383 -41.998 42.166 0.000000
98550 -41.435 -21.283 28.582 0.000000
98580 -35.859 -35.638 35.679 0.000000
98806 -39.000 -21.653 27.537 0.000000
98886 -21.617 -41.362 40.907 0.000000
98965 -22.560 -38.904 43.402 0.000000
99044 -35.489 -34.972 33.785 0.000000
99063 -40.008 -21.693 26.323 0.000000
99096 -22.661 -37.615 40.310 0.000000
99150 -38.222 -27.791 37.477 0.000000
99151 -42.150 -21.504 28.380 0.000000
99315 -39.485 -20.874 33.510 0.000000
99359 -37.011 -21.865 29.823 0.000000
99780 -33.752 -27.346 33.743 0.000000
100078 -24.781 -34.775 41.725 0.000000
100108 -32.478 -35.004 35.458 0.000000
100391 -14.333 -45.812 48.970 0.000000
100508 -36.570 -22.179 29.170 0.000000
100661 -13.656 -45.088 46.244 0.000000
100719 -13.671 -45.344 47.779 0.000000
100787 -43.823 -22.126 26.841 0.000000
100832 -34.821 -29.723 34.099 0.000000
100977 -44.703 -19.035 24.988 0.000000
101029 -13.805 -45.600 48.500 0.000000
101121 -34.521 -26.184 34.804 0.000000
101892 -35.867 -22.437 29.557 0.000000
102021 -33.741 -37.104 40.434 0.000000
102056 -44.916 -15.769 22.490 0.000000
102183 -22.685 -39.900 38.302 0.000000
102211 -22.728 -38.912 37.777 0.000000
102341 -31.606 -34.595 36.030 0.000000
102441 -11.436 -45.828 47.664 0.000000
103765 -37.852 -21.511 33.099 0.000000
103796 -34.126 -36.713 37.263 0.000000
104065 -32.854 -36.160 37.326 0.000000
104498 -34.171 -36.494 35.988 0.000000
104659 -3.902 -46.510 50.243 0.000000
104717 -23.471 -36.726 37.528 0.000000
104766 -11.327 -46.654 50.295 0.000000
104883 -37.240 -35.129 35.188 0.000000
105092 -37.323 -21.844 29.165 0.000000
105172 -7.214 -46.333 48.962 0.000000
105431 -48.417 -13.334 21.452 0.000000
105624 -36.713 -37.162 37.685 0.000000
105744 -45.651 -20.389 25.982 0.000000
105813 -37.270 -21.636 30.928 0.000000
105881 -22.393 -41.132 41.676 0.000000
105914 -41.431 -21.878 27.117 0.000000
105956 -12.101 -46.281 49.671 0.000000
106242 -40.368 -21.461 29.784 0.000000
106254 -46.605 -18.059 24.722 0.000000
106276 -21.142 -41.836 39.859 0.000000
106291 -26.780 -33.636 38.929 0.000000
106518 -46.667 -14.894 22.434 0.000000
106549 -43.609 -16.825 22.242 0.000000
106704 -43.179 -22.132 28.188 0.000000
106857 -22.660 -39.059 38.753 0.000000
107052 -8.717 -45.779 52.499 0.000000
107146 -39.129 -20.912 33.979 0.000000
107278 -24.843 -34.708 41.233 0.000000
107482 -42.227 -18.997 23.528 0.000000
107535 -27.425 -34.246 40.910 0.000000
107585 -22.690 -40.315 40.141 0.000000
107587 -34.153 -24.290 31.907 0.000000
107780 -24.187 -34.965 38.149 0.000000
108004 -40.442 -21.013 31.446 0.000000
108016 -21.614 -41.553 39.471 0.000000
108031 -48.107 -14.324 22.476 0.000000
108116 -36.595 -22.567 34.412 0.000000
108265 -7.393 -45.955 50.373 0.000000
108515 -9.941 -45.758 46.400 0.000000
108537 -33.371 -27.009 33.209 0.000000
108559 -5.513 -46.144 50.081 0.000000
108705 -9.392 -46.653 50.736 0.000000
108713 -41.945 -21.925 27.234 0.000000
108805 -38.208 -33.949 35.461 0.000000
108933 -36.518 -36.934 37.009 0.000000
108992 -47.210 -19.162 25.481 0.000000
109012 -22.255 -41.337 38.410 0.000000
