#!ascii label  , from subject OAS1_0001-3 vox2ras=TkReg 
2335
18195 -15.212 -60.529 47.474 0.111111
19106 -13.158 -60.126 48.418 0.111111
19108 -14.396 -60.192 48.171 0.111111
19109 -15.221 -60.068 47.741 0.111111
19110 -15.545 -60.030 47.312 0.111111
20017 -13.690 -59.679 48.622 0.111111
20019 -14.846 -59.361 48.472 0.111111
20021 -15.576 -59.436 48.011 0.111111
20022 -16.047 -59.012 47.648 0.111111
20024 -15.781 -59.354 47.245 0.111111
20864 -13.828 -58.515 49.047 0.111111
20865 -14.830 -58.755 48.654 0.111111
20868 -16.471 -58.411 48.201 0.111111
20869 -16.649 -58.402 47.860 0.111111
20872 -16.696 -58.201 47.510 0.111111
20875 -16.509 -58.004 46.856 0.111111
21610 -13.260 -57.872 49.679 0.111111
21613 -14.549 -57.028 49.114 0.111111
21614 -15.797 -58.275 48.544 0.111111
21615 -15.779 -57.406 48.913 0.111111
21616 -16.597 -57.770 48.585 0.111111
21617 -16.713 -56.828 49.119 0.111111
21618 -17.043 -57.352 48.596 0.222222
21622 -17.215 -57.373 48.265 0.222222
21625 -17.139 -57.269 47.735 0.222222
21627 -16.740 -56.922 46.957 0.333333
22337 -12.147 -56.888 51.006 0.111111
22339 -13.037 -56.019 50.095 0.111111
22340 -13.583 -56.790 49.617 0.111111
22344 -14.490 -56.019 49.564 0.111111
22345 -15.755 -56.390 49.383 0.111111
22346 -17.263 -56.631 48.914 0.222222
22348 -17.218 -56.603 48.275 0.333333
22351 -16.883 -56.270 47.422 0.333333
22354 -16.345 -55.878 46.538 0.333333
22356 -15.807 -55.931 44.766 0.222222
22357 -16.160 -56.601 45.933 0.222222
22359 -15.568 -56.297 43.768 0.111111
22361 -15.355 -56.111 42.757 0.111111
23034 -12.025 -55.767 50.981 0.111111
23037 -12.922 -54.904 50.313 0.111111
23038 -14.044 -54.853 49.864 0.111111
23039 -15.704 -55.238 50.021 0.111111
23040 -16.632 -55.843 49.675 0.222222
23041 -16.805 -55.127 50.270 0.222222
23042 -17.174 -55.534 49.894 0.222222
23043 -17.575 -55.080 49.989 0.444444
23048 -17.336 -55.757 49.462 0.222222
23049 -17.612 -55.161 49.417 0.444444
23054 -17.341 -55.818 48.883 0.444444
23058 -16.713 -55.159 47.017 0.444444
23062 -16.123 -54.769 46.158 0.333333
23064 -15.765 -54.947 44.625 0.222222
23065 -15.932 -55.424 45.555 0.222222
23068 -15.583 -55.323 43.893 0.222222
23071 -15.476 -55.357 42.505 0.111111
23073 -15.522 -55.139 41.760 0.222222
23075 -15.446 -54.869 41.107 0.111111
23078 -15.391 -55.045 40.359 0.111111
23675 -11.997 -53.783 51.620 0.111111
23676 -11.002 -54.151 51.894 0.111111
23679 -12.327 -54.497 51.012 0.111111
23680 -13.159 -53.577 51.416 0.111111
23681 -13.591 -54.098 50.583 0.111111
23682 -14.425 -53.512 51.327 0.111111
23683 -15.009 -54.179 50.582 0.111111
23684 -15.581 -53.631 51.196 0.222222
23685 -16.289 -54.268 50.678 0.222222
23686 -16.685 -53.822 51.028 0.333333
23687 -17.543 -54.663 50.348 0.333333
23688 -17.329 -53.871 50.986 0.333333
23689 -17.740 -54.185 50.612 0.333333
23690 -18.057 -53.711 51.000 0.444444
23691 -18.507 -53.727 50.483 0.444444
23694 -17.961 -54.403 50.273 0.444444
23698 -18.060 -54.545 49.826 0.444444
23699 -18.602 -53.924 50.064 0.444444
23702 -17.330 -54.796 48.585 0.444444
23703 -17.483 -53.891 48.142 0.555556
23704 -18.599 -53.917 49.419 0.444444
23705 -22.225 -53.648 47.410 0.666667
23706 -21.615 -53.618 47.812 0.666667
23707 -22.131 -53.489 47.902 0.666667
23708 -22.945 -53.653 47.393 0.666667
23712 -16.933 -54.389 47.653 0.555556
23713 -17.326 -53.693 47.150 0.555556
23714 -21.731 -53.662 47.089 0.666667
23715 -20.816 -53.539 46.992 0.666667
23716 -20.990 -53.729 47.824 0.666667
23717 -22.578 -53.832 46.900 0.666667
23718 -23.427 -53.981 46.840 0.666667
23719 -24.385 -54.081 46.792 0.555556
23720 -24.361 -53.774 47.191 0.666667
23721 -26.015 -54.059 46.248 0.666667
23722 -24.996 -53.893 46.999 0.666667
23727 -16.638 -54.105 46.634 0.444444
23728 -22.132 -53.850 46.321 0.666667
23729 -21.716 -53.701 45.690 0.555556
23730 -22.914 -54.058 46.281 0.555556
23731 -24.688 -54.452 46.211 0.555556
23732 -25.584 -54.431 46.035 0.666667
23733 -26.456 -54.298 45.884 0.666667
23734 -26.771 -54.008 46.130 0.555556
23735 -27.346 -53.980 45.928 0.666667
23739 -16.269 -53.767 44.882 0.222222
23740 -22.430 -53.895 45.674 0.666667
23741 -23.199 -54.133 45.619 0.444444
23742 -22.698 -53.793 45.004 0.444444
23743 -24.052 -54.338 45.566 0.555556
23744 -25.918 -54.544 45.265 0.666667
23745 -26.934 -54.544 45.406 0.666667
23746 -28.126 -54.267 44.926 0.555556
23747 -27.870 -53.941 45.575 0.555556
23749 -15.904 -54.079 44.405 0.222222
23750 -16.423 -53.449 44.194 0.111111
23751 -23.456 -54.053 44.920 0.555556
23752 -24.287 -54.273 44.822 0.444444
23753 -23.744 -53.692 44.191 0.444444
23754 -25.620 -54.398 44.225 0.444444
23755 -26.594 -54.597 44.545 0.444444
23756 -27.547 -54.547 44.679 0.666667
23757 -28.213 -54.419 44.130 0.555556
23758 -28.841 -54.185 43.727 0.666667
23759 -28.527 -54.028 44.426 0.555556
23763 -15.861 -54.089 42.557 0.222222
23764 -15.981 -53.867 43.490 0.222222
23765 -24.625 -53.992 43.969 0.444444
23766 -26.262 -54.249 43.549 0.444444
23767 -28.113 -54.547 42.827 0.444444
23768 -28.750 -54.609 42.867 0.444444
23769 -29.249 -54.475 42.822 0.666667
23770 -29.793 -54.162 42.659 0.555556
23771 -29.506 -53.905 43.203 0.666667
23772 -30.171 -53.654 42.685 0.666667
23775 -15.725 -54.292 41.646 0.222222
23776 -27.056 -54.156 42.766 0.444444
23777 -28.494 -54.571 42.306 0.444444
23778 -27.867 -54.311 42.062 0.444444
23779 -29.184 -54.514 42.125 0.555556
23780 -29.697 -54.313 42.279 0.444444
23781 -30.495 -53.825 42.269 0.666667
23782 -31.265 -53.540 41.587 0.444444
23785 -15.642 -54.290 40.679 0.222222
23786 -28.557 -54.253 41.638 0.444444
23787 -29.877 -54.007 41.534 0.444444
23788 -29.372 -53.931 41.190 0.444444
23789 -30.320 -53.997 41.919 0.444444
23791 -15.641 -54.450 39.762 0.111111
23794 -15.959 -53.902 39.171 0.111111
24382 -11.631 -53.189 52.248 0.111111
24384 -13.597 -52.638 52.353 0.111111
24386 -14.303 -52.372 52.369 0.222222
24389 -12.864 -53.082 52.153 0.111111
24390 -13.958 -53.048 52.035 0.111111
24391 -14.397 -52.780 52.166 0.111111
24392 -14.965 -53.147 51.823 0.111111
24393 -15.109 -52.855 51.996 0.222222
24394 -15.936 -53.317 51.487 0.333333
24395 -15.895 -52.860 51.838 0.222222
24396 -16.715 -53.360 51.456 0.333333
24397 -16.486 -52.716 51.755 0.222222
24398 -17.067 -52.936 51.636 0.222222
24400 -17.539 -53.377 51.361 0.333333
24401 -19.400 -53.203 50.417 0.555556
24402 -18.291 -53.063 51.323 0.444444
24403 -19.424 -52.717 50.710 0.555556
24405 -19.357 -53.469 50.072 0.444444
24406 -20.145 -53.121 49.996 0.555556
24407 -20.082 -52.670 50.301 0.555556
24408 -21.245 -52.705 49.290 0.444444
24409 -20.695 -52.611 49.810 0.444444
24411 -19.318 -53.629 48.989 0.555556
24412 -20.178 -53.392 49.340 0.555556
24413 -21.110 -53.235 48.966 0.444444
24414 -21.810 -52.314 49.011 0.444444
24415 -22.704 -53.215 48.016 0.444444
24416 -22.492 -52.510 48.508 0.333333
24417 -23.217 -52.767 48.111 0.555556
24421 -18.450 -53.617 48.456 0.555556
24422 -19.389 -53.455 48.259 0.555556
24423 -20.219 -53.563 48.490 0.555556
24424 -20.963 -53.544 48.461 0.555556
24425 -24.001 -52.567 47.902 0.444444
24426 -24.679 -53.305 47.407 0.666667
24427 -24.724 -52.590 47.564 0.333333
24428 -25.167 -52.908 47.235 0.555556
24432 -18.091 -53.175 46.699 0.555556
24433 -18.957 -53.251 47.426 0.555556
24434 -20.101 -53.541 47.696 0.666667
24435 -26.165 -53.580 46.425 0.666667
24436 -25.658 -52.827 46.780 0.666667
24437 -26.380 -53.082 46.385 0.666667
24441 -17.236 -53.322 46.029 0.555556
24442 -18.202 -52.993 45.835 0.444444
24443 -19.148 -53.097 46.177 0.444444
24444 -20.375 -53.500 46.040 0.555556
24445 -21.351 -53.700 46.294 0.666667
24446 -26.928 -53.566 46.181 0.555556
24447 -27.468 -53.465 45.857 0.555556
24451 -16.939 -53.236 44.942 0.222222
24452 -17.771 -52.961 45.264 0.333333
24453 -18.793 -52.837 45.093 0.333333
24454 -20.517 -53.296 45.195 0.444444
24455 -21.255 -53.341 45.082 0.555556
24456 -21.965 -53.503 45.037 0.444444
24457 -27.942 -53.575 45.453 0.666667
24458 -28.235 -53.809 45.088 0.555556
24463 -17.128 -52.940 44.030 0.111111
24464 -18.768 -52.760 44.100 0.222222
24465 -19.839 -52.944 44.521 0.444444
24466 -21.360 -53.213 44.227 0.444444
24467 -22.206 -53.373 44.304 0.444444
24468 -22.957 -53.519 44.278 0.333333
24469 -28.961 -53.730 43.740 0.555556
24472 -16.284 -53.513 42.774 0.222222
24473 -16.621 -53.191 43.370 0.111111
24474 -17.409 -52.766 43.227 0.111111
24475 -19.580 -52.733 43.583 0.222222
24476 -21.069 -52.915 43.364 0.333333
24477 -20.261 -52.727 43.088 0.222222
24478 -23.132 -53.327 43.421 0.444444
24479 -25.323 -53.858 43.300 0.444444
24480 -29.530 -53.231 43.302 0.555556
24481 -31.029 -53.418 42.304 0.666667
24482 -30.614 -52.955 42.777 0.777778
24483 -31.597 -52.831 42.397 0.666667
24485 -16.186 -53.545 42.023 0.222222
24486 -16.561 -53.081 41.643 0.111111
24487 -16.817 -52.976 42.438 0.111111
24488 -21.585 -52.760 42.838 0.333333
24489 -22.117 -52.650 42.272 0.222222
24490 -21.384 -52.555 41.942 0.222222
24491 -22.915 -52.904 42.556 0.222222
24492 -24.236 -53.189 42.391 0.222222
24493 -25.041 -53.299 42.404 0.444444
24494 -26.405 -53.654 42.035 0.444444
24495 -31.995 -53.180 41.775 0.444444
24496 -32.605 -52.651 41.954 0.777778
24499 -16.039 -53.480 41.087 0.111111
24500 -16.397 -53.009 40.399 0.111111
24501 -22.668 -52.535 41.628 0.222222
24502 -23.580 -52.760 41.926 0.222222
24503 -25.113 -52.901 41.617 0.333333
24504 -26.305 -53.239 41.503 0.444444
24505 -26.630 -52.959 40.908 0.333333
24506 -31.915 -53.480 40.698 0.333333
24507 -32.883 -53.247 40.736 0.333333
24508 -32.945 -53.057 41.296 0.333333
24509 -33.503 -52.832 40.921 0.333333
24512 -15.900 -53.678 40.093 0.222222
24513 -16.272 -53.133 39.506 0.111111
24514 -27.521 -53.288 40.806 0.333333
24515 -28.614 -53.539 40.785 0.444444
24516 -28.066 -52.743 40.147 0.333333
24517 -29.625 -53.491 40.282 0.333333
24518 -30.091 -53.649 40.542 0.333333
24519 -31.418 -53.600 39.923 0.333333
24520 -32.409 -53.353 39.953 0.333333
24521 -33.104 -52.641 39.802 0.111111
24522 -33.147 -52.971 40.308 0.333333
24524 -29.074 -53.068 39.886 0.333333
24525 -29.907 -53.351 39.451 0.333333
24526 -29.331 -52.805 39.064 0.333333
24527 -31.085 -53.622 39.208 0.333333
24528 -32.349 -53.251 39.157 0.222222
24529 -32.720 -52.835 39.037 0.111111
24531 -30.049 -53.194 38.718 0.333333
24532 -30.508 -53.358 38.461 0.333333
24533 -30.953 -53.536 38.544 0.333333
24534 -30.827 -53.297 37.848 0.222222
24535 -32.178 -53.066 38.457 0.222222
24537 -31.524 -53.304 38.035 0.222222
25263 -15.249 -52.448 52.143 0.222222
25264 -15.113 -51.926 52.314 0.222222
25266 -15.975 -52.046 52.088 0.222222
25267 -17.654 -52.586 51.500 0.222222
25268 -16.871 -52.058 51.647 0.222222
25269 -17.596 -51.779 51.385 0.222222
25272 -18.415 -52.107 51.303 0.333333
25273 -19.901 -52.117 50.558 0.444444
25274 -19.262 -52.058 51.030 0.555556
25277 -20.572 -52.166 50.111 0.444444
25278 -21.242 -52.187 49.541 0.333333
25281 -21.805 -51.989 49.147 0.333333
25282 -22.269 -52.149 48.759 0.333333
25283 -23.138 -52.090 48.398 0.111111
25286 -23.858 -51.939 48.093 0.111111
25287 -24.480 -52.015 47.747 0.333333
25288 -25.004 -52.300 47.218 0.555556
25291 -25.274 -52.052 46.834 0.222222
25292 -25.919 -52.404 46.429 0.444444
25296 -26.779 -52.952 46.158 0.555556
25301 -27.061 -52.808 45.857 0.666667
25302 -28.187 -53.395 44.932 0.333333
25303 -27.731 -53.141 45.413 0.555556
25307 -28.511 -53.094 43.948 0.333333
25308 -27.875 -52.740 44.370 0.222222
25309 -28.504 -53.594 44.332 0.444444
25314 -17.777 -52.600 42.435 0.111111
25315 -19.352 -52.553 42.774 0.111111
25316 -28.420 -52.459 43.635 0.222222
25317 -29.265 -52.231 43.360 0.333333
25318 -30.287 -51.941 43.274 0.444444
25319 -30.687 -52.158 43.026 0.555556
25320 -31.501 -51.702 42.969 0.666667
25321 -32.147 -52.199 42.582 0.666667
25325 -17.254 -52.658 41.567 0.111111
25326 -18.235 -52.412 41.737 0.111111
25327 -20.007 -52.374 42.294 0.222222
25328 -20.839 -52.661 42.532 0.222222
25329 -33.445 -52.391 41.484 0.444444
25330 -33.201 -51.971 42.196 0.666667
25331 -33.744 -51.484 41.636 0.333333
25334 -17.042 -52.557 40.693 0.111111
25335 -17.829 -52.237 40.912 0.111111
25338 -21.679 -52.296 40.495 0.222222
25339 -21.897 -52.474 41.328 0.222222
25340 -23.192 -52.404 40.969 0.222222
25341 -24.646 -52.510 40.864 0.333333
25342 -25.708 -52.688 41.077 0.333333
25343 -33.773 -52.035 41.176 0.111111
25346 -16.823 -52.538 39.894 0.111111
25347 -17.455 -52.203 40.210 0.111111
25350 -21.468 -51.999 39.750 0.222222
25351 -22.176 -52.186 39.910 0.222222
25352 -24.361 -52.260 39.908 0.222222
25353 -25.262 -52.316 40.150 0.333333
25354 -26.156 -52.448 40.225 0.333333
25355 -27.065 -52.583 40.193 0.333333
25356 -33.533 -52.466 40.612 0.111111
25365 -21.956 -51.910 39.192 0.222222
25366 -22.643 -52.031 39.406 0.222222
25367 -23.487 -52.152 39.526 0.222222
25368 -24.930 -51.955 39.424 0.222222
25369 -25.782 -52.109 39.485 0.333333
25370 -27.470 -52.198 39.344 0.333333
25371 -28.491 -52.524 39.435 0.333333
25372 -32.834 -52.362 39.100 0.111111
25373 -33.371 -52.023 40.061 0.111111
25379 -22.448 -51.791 38.676 0.111111
25380 -23.750 -51.806 38.804 0.222222
25381 -24.565 -51.709 38.763 0.222222
25382 -25.417 -51.716 38.809 0.222222
25383 -26.436 -51.857 38.855 0.333333
25384 -28.430 -52.092 38.623 0.333333
25385 -27.805 -51.582 37.934 0.333333
25386 -30.208 -52.951 37.968 0.333333
25387 -32.013 -52.783 37.723 0.111111
25388 -32.404 -52.535 38.350 0.111111
25392 -28.788 -51.946 37.670 0.333333
25393 -29.650 -52.374 37.374 0.222222
25394 -29.108 -51.781 36.848 0.111111
25395 -30.526 -52.672 37.121 0.111111
25396 -31.362 -52.925 37.332 0.111111
25397 -31.831 -52.399 37.016 0.111111
25398 -32.192 -52.192 37.597 0.111111
25402 -29.890 -52.168 36.524 0.111111
25403 -30.519 -52.330 36.296 0.111111
25404 -30.107 -52.127 35.645 0.111111
25405 -31.171 -52.486 36.583 0.111111
25406 -31.648 -52.069 36.254 0.111111
25409 -31.001 -52.217 35.642 0.111111
26053 -14.360 -51.802 52.461 0.111111
26054 -14.990 -51.524 52.176 0.222222
26057 -15.707 -51.378 52.136 0.222222
26058 -16.345 -51.268 51.875 0.111111
26059 -17.038 -51.321 51.350 0.222222
26063 -17.998 -51.452 51.152 0.222222
26064 -18.875 -51.518 50.965 0.222222
26065 -19.532 -51.580 50.630 0.333333
26068 -20.207 -51.681 50.270 0.333333
26069 -20.873 -51.800 49.769 0.111111
26070 -21.507 -51.755 49.286 0.222222
26073 -22.012 -51.989 48.990 0.333333
26074 -22.816 -52.015 48.514 0.111111
26075 -22.357 -51.526 48.342 0.111111
26078 -23.224 -51.643 48.054 0.111111
26080 -24.691 -51.630 47.169 0.111111
26087 -25.607 -51.709 46.372 0.111111
26091 -27.104 -52.510 45.132 0.111111
26103 -28.563 -51.850 43.253 0.111111
26104 -27.825 -51.960 43.475 0.222222
26105 -29.908 -51.225 43.219 0.333333
26106 -30.476 -51.043 43.344 0.444444
26107 -30.916 -51.378 43.284 0.444444
26108 -31.858 -50.776 43.310 0.666667
26109 -33.533 -51.164 42.301 0.666667
26110 -32.594 -51.464 42.768 0.777778
26114 -29.124 -51.313 42.910 0.222222
26115 -33.869 -51.126 41.460 0.333333
26119 -33.816 -51.714 41.007 0.222222
26125 -32.859 -51.832 39.157 0.111111
26131 -22.281 -51.595 37.902 0.111111
26132 -23.163 -51.605 38.173 0.111111
26133 -24.115 -51.482 38.144 0.222222
26134 -24.979 -51.450 38.127 0.111111
26135 -25.884 -51.343 38.211 0.333333
26136 -32.476 -52.068 38.312 0.111111
26141 -22.032 -51.143 37.246 0.111111
26142 -22.841 -51.155 37.423 0.111111
26143 -23.703 -51.162 37.548 0.111111
26144 -24.538 -51.125 37.564 0.111111
26145 -25.392 -51.015 37.581 0.111111
26146 -26.320 -50.895 37.603 0.333333
26147 -27.274 -51.038 37.449 0.333333
26148 -26.749 -50.629 36.881 0.222222
26149 -28.215 -51.377 37.173 0.222222
26150 -32.065 -51.768 36.845 0.111111
26151 -32.208 -51.617 37.533 0.111111
26158 -22.545 -50.639 36.668 0.111111
26159 -23.451 -50.662 36.963 0.111111
26160 -24.900 -50.650 37.028 0.111111
26161 -27.709 -50.815 36.699 0.222222
26162 -28.651 -51.129 36.417 0.111111
26163 -28.153 -50.617 35.939 0.111111
26164 -29.512 -51.523 36.043 0.111111
26165 -31.753 -51.427 36.097 0.111111
26170 -29.010 -50.955 35.604 0.111111
26171 -29.113 -50.943 34.767 0.111111
26172 -30.403 -52.006 34.726 0.111111
26836 -14.370 -51.188 52.233 0.111111
26842 -14.427 -50.838 51.915 0.111111
26843 -15.314 -51.106 51.943 0.111111
26844 -16.527 -51.165 51.689 0.111111
26850 -15.893 -51.007 51.093 0.222222
26851 -16.644 -51.098 51.285 0.222222
26852 -17.494 -51.282 51.149 0.222222
26853 -19.165 -51.259 50.507 0.222222
26861 -16.232 -50.976 50.264 0.111111
26862 -17.265 -50.980 50.560 0.222222
26863 -18.325 -50.994 50.502 0.222222
26864 -19.087 -50.916 49.903 0.111111
26865 -19.726 -51.104 49.871 0.111111
26866 -21.098 -51.424 49.321 0.111111
26883 -21.630 -51.336 48.775 0.111111
26933 -29.791 -49.638 42.848 0.222222
26934 -30.191 -50.262 43.358 0.333333
26935 -31.296 -50.088 43.577 0.444444
26936 -32.762 -50.221 43.107 0.777778
26937 -33.675 -50.487 42.450 0.777778
26945 -34.140 -50.433 41.854 0.333333
26946 -34.328 -49.995 42.151 0.333333
26947 -34.414 -49.944 42.250 0.333333
26950 -33.903 -50.939 41.552 0.222222
26953 -33.705 -51.234 40.757 0.222222
26954 -33.750 -50.176 41.092 0.222222
26956 -32.575 -50.965 39.352 0.222222
26959 -32.342 -51.420 38.395 0.222222
26960 -32.081 -50.951 37.699 0.111111
26961 -32.004 -50.427 38.590 0.111111
26964 -25.801 -50.591 36.972 0.111111
26965 -32.060 -50.899 36.840 0.111111
26968 -23.285 -50.202 36.261 0.111111
26969 -24.260 -50.285 36.490 0.111111
26970 -25.305 -50.191 36.420 0.111111
26971 -26.267 -50.214 36.326 0.111111
26972 -27.216 -50.378 36.156 0.111111
26978 -22.163 -49.827 35.307 0.111111
26979 -23.020 -49.729 35.550 0.111111
26980 -23.893 -49.710 35.777 0.111111
26981 -24.844 -49.708 35.861 0.111111
26982 -25.823 -49.712 35.817 0.111111
26983 -27.736 -50.166 35.412 0.111111
26984 -26.300 -49.449 35.047 0.111111
26985 -28.525 -50.505 35.256 0.111111
26992 -27.302 -49.686 34.829 0.111111
26993 -28.374 -50.215 34.509 0.111111
26994 -27.701 -49.595 33.911 0.111111
26999 -28.555 -50.238 33.434 0.111111
27746 -31.173 -49.388 43.542 0.444444
27747 -30.717 -49.064 43.504 0.444444
27748 -31.063 -48.541 43.522 0.444444
27749 -31.672 -49.016 43.448 0.777778
27750 -32.235 -48.757 43.285 0.666667
27764 -29.889 -48.656 43.049 0.222222
27765 -30.278 -49.146 43.462 0.333333
27766 -33.511 -49.785 42.709 0.777778
27780 -34.749 -49.554 42.670 0.444444
27788 -34.267 -50.201 41.898 0.222222
27789 -34.575 -49.431 42.205 0.222222
27792 -32.621 -49.246 40.180 0.222222
27793 -33.449 -49.195 40.778 0.222222
27794 -34.240 -49.462 41.539 0.222222
27797 -32.244 -49.807 39.515 0.111111
27798 -31.721 -49.270 38.736 0.111111
27799 -32.194 -48.635 39.451 0.222222
27801 -31.692 -49.918 37.683 0.111111
27804 -31.505 -49.872 36.664 0.111111
27809 -22.647 -49.317 34.726 0.111111
27810 -24.435 -49.243 35.190 0.111111
27811 -25.348 -49.247 35.215 0.111111
27816 -22.244 -48.954 33.898 0.111111
27817 -23.251 -48.781 34.097 0.111111
27818 -24.880 -48.639 34.625 0.111111
27819 -25.768 -48.921 34.467 0.111111
27820 -25.260 -48.348 33.877 0.111111
27821 -26.710 -49.249 34.203 0.111111
27827 -26.153 -48.711 33.616 0.111111
27828 -27.095 -48.976 33.361 0.111111
27829 -26.502 -48.429 32.851 0.111111
27836 -27.271 -48.859 32.533 0.111111
27838 -27.365 -48.900 31.712 0.111111
27842 -21.886 -48.457 31.424 0.111111
27844 -27.544 -49.050 30.903 0.111111
28414 -30.491 -48.431 43.453 0.222222
28415 -30.323 -47.737 43.221 0.222222
28416 -30.792 -47.851 43.429 0.444444
28417 -31.320 -47.858 43.458 0.666667
28418 -31.829 -48.197 43.426 0.666667
28419 -32.645 -48.221 43.053 0.777778
28431 -30.021 -47.845 43.039 0.111111
28432 -33.678 -48.381 42.648 0.777778
28433 -34.320 -49.317 42.436 0.444444
28434 -34.621 -48.702 42.479 0.555556
28450 -29.665 -48.181 42.237 0.111111
28451 -34.579 -48.390 42.315 0.555556
28466 -34.645 -48.441 42.025 0.222222
28467 -35.123 -47.293 41.020 0.333333
28482 -32.884 -48.387 40.154 0.222222
28483 -33.600 -48.204 40.516 0.222222
28484 -34.179 -48.520 40.980 0.222222
28485 -34.695 -47.811 40.937 0.222222
28493 -32.664 -47.803 39.412 0.111111
28494 -33.426 -47.609 39.881 0.222222
28497 -31.358 -48.754 38.010 0.111111
28498 -32.343 -47.475 38.639 0.111111
28502 -30.968 -48.231 37.374 0.111111
28511 -22.609 -48.454 33.294 0.111111
28512 -24.248 -48.384 33.795 0.111111
28516 -21.990 -48.329 32.418 0.111111
28517 -23.028 -48.009 32.649 0.111111
28518 -23.950 -47.970 32.914 0.111111
28519 -24.837 -48.046 33.100 0.111111
28520 -25.669 -48.203 33.054 0.111111
28525 -22.725 -47.848 31.669 0.111111
28526 -23.652 -47.679 32.127 0.111111
28527 -24.546 -47.750 32.354 0.111111
28528 -25.946 -48.017 32.320 0.111111
28529 -26.697 -48.351 32.062 0.111111
28533 -22.460 -48.208 30.777 0.111111
28534 -26.176 -47.888 31.518 0.111111
28535 -26.896 -48.395 31.217 0.111111
28541 -23.617 -47.875 29.566 0.111111
28542 -22.954 -48.024 30.123 0.111111
28543 -23.483 -47.633 30.238 0.111111
28544 -26.608 -48.371 29.547 0.111111
29157 -30.335 -47.106 42.868 0.222222
29158 -30.702 -47.235 43.114 0.222222
29159 -31.337 -47.208 43.244 0.333333
29160 -31.979 -47.355 43.309 0.666667
29161 -33.110 -47.567 42.811 0.777778
29162 -32.655 -47.163 43.038 0.666667
29163 -33.339 -46.677 42.724 0.777778
29167 -30.155 -47.158 42.868 0.111111
29168 -34.086 -47.514 42.499 0.777778
29169 -34.579 -47.750 42.263 0.777778
29179 -29.766 -47.308 42.383 0.111111
29180 -34.736 -47.678 41.867 0.444444
29181 -34.709 -47.265 42.224 0.666667
29196 -35.144 -47.013 41.477 0.444444
29207 -34.179 -47.685 40.308 0.222222
29208 -34.927 -47.156 39.908 0.222222
29209 -35.756 -46.824 39.376 0.111111
29210 -36.832 -46.696 39.554 0.222222
29211 -36.775 -46.388 40.392 0.666667
29227 -33.234 -47.176 39.053 0.111111
29228 -34.279 -47.020 39.361 0.111111
29229 -35.376 -46.853 38.922 0.111111
29230 -36.063 -46.905 38.611 0.111111
29231 -37.904 -46.810 38.339 0.222222
29232 -37.532 -46.770 39.001 0.222222
29233 -38.437 -46.599 38.679 0.111111
29247 -32.988 -46.947 38.206 0.111111
29248 -33.986 -46.842 38.393 0.111111
29249 -35.078 -46.770 38.277 0.111111
29250 -35.884 -46.990 38.031 0.111111
29252 -39.431 -46.772 37.416 0.111111
29253 -39.253 -46.639 38.140 0.222222
29254 -40.378 -46.616 37.263 0.333333
29255 -40.788 -46.373 37.803 0.555556
29263 -31.000 -47.419 37.315 0.111111
29265 -32.576 -46.667 37.493 0.111111
29266 -33.639 -46.728 37.608 0.111111
29267 -34.747 -46.769 37.616 0.111111
29269 -35.679 -47.061 37.433 0.111111
29272 -39.251 -47.074 36.648 0.333333
29273 -39.947 -46.845 36.817 0.333333
29274 -40.577 -46.843 36.603 0.444444
29275 -41.090 -46.536 37.057 0.444444
29276 -41.153 -46.727 36.391 0.444444
29284 -38.393 -47.266 35.621 0.111111
29285 -39.157 -47.301 35.892 0.111111
29286 -39.942 -47.225 36.230 0.333333
29287 -40.531 -47.120 35.971 0.333333
29293 -39.074 -47.299 35.185 0.111111
29294 -39.803 -47.276 35.569 0.222222
29295 -40.286 -47.110 35.456 0.333333
29296 -41.074 -46.829 35.668 0.222222
29300 -38.977 -47.085 34.642 0.222222
29301 -39.634 -47.086 34.950 0.222222
29308 -23.518 -47.581 31.414 0.111111
29309 -24.279 -47.480 31.586 0.111111
29313 -23.119 -47.698 30.832 0.111111
29314 -23.917 -47.400 30.760 0.111111
29315 -24.810 -47.337 30.901 0.111111
29316 -25.680 -47.530 30.826 0.111111
29321 -23.932 -47.414 30.010 0.111111
29322 -24.470 -47.300 30.248 0.111111
29323 -25.192 -47.325 30.114 0.111111
29942 -30.601 -46.428 42.728 0.222222
29943 -31.127 -46.689 42.944 0.444444
29944 -31.750 -46.347 42.957 0.444444
29945 -32.542 -45.858 42.833 0.666667
29946 -33.148 -45.835 42.777 0.666667
29947 -34.043 -46.411 42.591 0.777778
29948 -33.592 -45.871 42.698 0.777778
29949 -33.885 -45.526 42.769 0.666667
29952 -31.351 -45.929 42.724 0.444444
29953 -34.532 -46.454 42.593 0.888889
29954 -34.244 -45.843 42.694 0.888889
29955 -34.781 -45.651 42.692 0.888889
29960 -35.525 -46.351 41.658 0.555556
29961 -35.554 -45.672 42.200 0.777778
29962 -36.263 -45.615 41.563 0.777778
29971 -36.949 -45.700 40.989 0.666667
29972 -37.596 -45.829 40.505 0.666667
29982 -38.080 -46.413 39.372 0.333333
29983 -38.186 -45.898 39.975 0.777778
29984 -38.761 -46.021 39.341 0.555556
29985 -38.814 -45.341 39.980 0.666667
29999 -39.897 -46.246 38.270 0.555556
30000 -39.618 -45.743 39.033 0.666667
30001 -40.571 -45.860 38.487 0.666667
30014 -41.528 -46.205 37.390 0.555556
30015 -41.369 -45.990 38.066 0.555556
30016 -41.861 -45.864 37.592 0.777778
30035 -33.210 -46.383 36.910 0.111111
30036 -41.656 -46.347 36.789 0.555556
30037 -42.091 -45.986 37.085 0.666667
30038 -42.160 -46.085 36.523 0.666667
30056 -41.873 -46.391 35.926 0.333333
30057 -42.356 -45.965 35.989 0.666667
30072 -41.605 -46.407 35.239 0.222222
30073 -42.143 -46.044 35.540 0.555556
30082 -39.204 -46.741 34.290 0.111111
30084 -40.830 -46.651 34.834 0.222222
30085 -41.324 -46.087 34.555 0.222222
30086 -42.094 -45.880 34.953 0.222222
30680 -32.102 -45.512 42.800 0.666667
30681 -32.778 -45.040 42.925 0.666667
30682 -33.208 -45.145 42.924 0.666667
30683 -33.557 -45.250 42.856 0.666667
30684 -34.224 -45.224 42.841 0.888889
30685 -33.984 -45.177 42.844 0.666667
30686 -34.277 -44.594 42.804 0.888889
30689 -30.148 -44.899 42.268 0.111111
30690 -30.796 -45.361 42.522 0.111111
30691 -31.675 -45.155 42.639 0.444444
30692 -35.409 -44.943 42.504 0.888889
30693 -35.108 -44.288 42.565 0.888889
30694 -36.011 -44.352 42.178 0.888889
30700 -36.955 -45.106 41.597 0.777778
30701 -36.750 -44.439 41.797 0.888889
30702 -37.346 -44.596 41.478 0.888889
30708 -37.573 -45.153 41.111 0.666667
30709 -37.858 -44.450 41.085 0.888889
30710 -38.272 -45.096 40.631 0.888889
30711 -38.467 -44.323 40.744 0.888889
30712 -38.999 -44.578 40.400 0.888889
30717 -39.505 -44.964 39.711 0.777778
30718 -39.556 -44.180 39.980 0.888889
30719 -40.065 -44.487 39.556 0.888889
30726 -41.075 -45.301 38.650 0.777778
30727 -40.744 -44.487 39.208 0.888889
30728 -41.447 -44.519 38.689 0.888889
30734 -42.193 -44.621 38.164 0.888889
30735 -42.399 -45.481 37.461 0.777778
30743 -42.619 -45.686 36.860 0.777778
30744 -42.955 -45.327 37.048 0.777778
30745 -43.159 -45.298 36.558 0.777778
30756 -42.760 -45.656 36.258 0.666667
30757 -43.352 -45.215 35.843 0.777778
30771 -42.788 -45.544 35.402 0.666667
30772 -43.473 -45.037 35.188 0.666667
30786 -41.852 -45.470 34.387 0.111111
30801 -40.973 -45.500 33.861 0.111111
30802 -41.696 -45.027 33.884 0.111111
30803 -42.416 -44.967 34.204 0.222222
30817 -41.126 -44.790 33.306 0.111111
31394 -32.347 -44.945 42.769 0.666667
31395 -32.867 -44.515 42.714 0.666667
31396 -33.339 -44.643 42.829 0.666667
31397 -33.629 -44.753 42.855 0.666667
31398 -33.902 -44.287 42.776 0.666667
31410 -30.663 -44.343 41.946 0.111111
31411 -31.253 -44.719 42.364 0.222222
31412 -32.083 -44.632 42.506 0.555556
31413 -34.357 -44.128 42.711 0.777778
31414 -35.107 -43.704 42.420 0.888889
31415 -35.906 -43.839 42.157 0.888889
31425 -36.493 -43.657 41.659 0.888889
31426 -37.211 -43.929 41.437 0.888889
31431 -38.048 -43.929 40.883 0.888889
31432 -38.990 -43.893 40.548 1.000000
31437 -39.582 -43.656 39.776 1.000000
31438 -40.204 -43.880 39.558 0.888889
31444 -41.753 -43.614 38.617 0.888889
31449 -42.830 -44.729 37.521 0.888889
31450 -42.518 -43.600 38.108 0.888889
31451 -43.101 -43.948 37.380 1.000000
31456 -43.419 -44.649 36.781 0.888889
31457 -43.618 -43.601 36.878 1.000000
31458 -44.147 -44.050 36.235 0.888889
31464 -43.786 -44.779 36.077 0.888889
31465 -44.683 -43.349 35.657 0.888889
31476 -43.913 -44.706 35.369 0.888889
31477 -44.397 -44.023 34.872 0.888889
31486 -43.853 -44.582 34.727 0.666667
31491 -42.093 -44.508 33.563 0.333333
31492 -42.963 -44.477 33.901 0.555556
31493 -43.476 -43.838 33.631 0.555556
31494 -44.173 -43.796 34.140 0.777778
31503 -41.597 -43.935 32.768 0.222222
31504 -42.651 -43.873 33.201 0.444444
32051 -33.390 -43.952 42.485 0.666667
32052 -33.628 -44.268 42.700 0.666667
32059 -31.652 -44.163 42.013 0.333333
32060 -32.465 -44.247 42.376 0.666667
32061 -32.922 -44.018 42.421 0.666667
32062 -33.634 -43.759 42.534 0.666667
32063 -33.974 -44.005 42.774 0.666667
32064 -34.310 -43.673 42.545 0.777778
32065 -35.071 -43.310 42.273 0.777778
32075 -30.348 -43.768 41.539 0.111111
32076 -30.918 -43.673 41.539 0.111111
32077 -31.669 -43.540 41.574 0.555556
32078 -32.399 -43.798 42.049 0.666667
32079 -35.882 -43.530 41.987 0.777778
32080 -36.470 -43.509 41.535 0.777778
32081 -36.927 -43.577 41.329 0.777778
32093 -30.418 -43.316 41.077 0.111111
32094 -37.476 -43.669 41.035 0.888889
32095 -38.288 -43.718 40.545 0.888889
32109 -35.910 -43.358 39.907 0.444444
32110 -36.496 -43.257 40.666 0.555556
32111 -36.884 -43.355 40.071 0.555556
32112 -37.743 -43.381 40.092 0.777778
32113 -39.140 -43.553 40.051 1.000000
32114 -39.626 -43.341 39.423 0.888889
32115 -40.178 -43.242 39.290 0.888889
32124 -35.499 -43.607 38.829 0.444444
32125 -34.566 -43.460 38.663 0.333333
32126 -34.932 -43.208 39.561 0.444444
32127 -36.513 -43.650 39.033 0.333333
32128 -37.289 -43.592 38.831 0.555556
32129 -37.993 -43.371 39.294 0.555556
32130 -40.947 -43.554 39.073 0.888889
32131 -41.375 -42.883 38.624 1.000000
32132 -41.968 -42.906 38.468 1.000000
32142 -34.245 -43.564 37.937 0.222222
32143 -33.547 -43.431 37.556 0.111111
32144 -33.689 -43.370 38.487 0.222222
32145 -35.086 -43.763 37.845 0.222222
32146 -36.019 -43.959 38.082 0.333333
32147 -36.881 -43.831 38.116 0.444444
32148 -37.846 -43.572 38.216 0.444444
32149 -38.807 -43.227 38.819 0.555556
32150 -38.677 -43.271 37.813 0.444444
32151 -42.402 -42.559 38.162 1.000000
32152 -43.034 -43.011 37.650 1.000000
32158 -34.370 -43.593 37.191 0.111111
32159 -35.204 -43.681 36.880 0.222222
32160 -36.455 -43.944 37.333 0.333333
32161 -37.274 -43.813 37.337 0.333333
32162 -37.993 -43.599 37.339 0.333333
32163 -38.476 -43.329 36.873 0.333333
32164 -43.684 -42.570 37.210 1.000000
32165 -44.402 -43.132 36.448 1.000000
32170 -33.656 -43.365 36.690 0.111111
32171 -34.536 -43.457 36.345 0.111111
32172 -35.408 -43.524 36.096 0.111111
32173 -36.825 -43.779 36.596 0.111111
32174 -37.660 -43.599 36.649 0.333333
32175 -44.985 -42.689 35.772 1.000000
32176 -45.150 -42.735 35.184 1.000000
32180 -44.784 -43.255 35.078 0.888889
32181 -45.314 -42.596 34.763 0.888889
32194 -44.790 -43.136 34.462 0.777778
32195 -45.444 -42.408 33.981 0.777778
32200 -43.987 -43.205 33.309 0.555556
32201 -44.704 -42.951 33.633 0.666667
32202 -45.111 -42.406 33.055 0.666667
32207 -43.265 -43.268 32.863 0.555556
32208 -43.788 -42.806 32.626 0.555556
32209 -44.406 -42.613 32.820 0.666667
32216 -42.192 -42.728 31.526 0.111111
32217 -43.141 -42.706 32.004 0.222222
32793 -32.923 -43.482 42.040 0.666667
32794 -33.648 -43.309 41.960 0.666667
32795 -34.331 -43.369 42.361 0.666667
32798 -30.981 -43.109 41.109 0.111111
32799 -31.787 -43.162 41.298 0.222222
32800 -32.639 -43.215 41.524 0.555556
32801 -33.993 -43.125 41.860 0.666667
32802 -34.948 -42.936 41.950 0.555556
32803 -35.786 -43.296 41.852 0.666667
32804 -37.049 -43.523 41.231 0.777778
32813 -30.769 -42.825 40.496 0.111111
32814 -31.942 -43.009 40.954 0.222222
32815 -34.304 -42.931 41.332 0.444444
32816 -35.045 -42.939 41.093 0.444444
32817 -36.422 -43.315 41.276 0.777778
32818 -37.236 -43.406 40.820 0.666667
32829 -31.291 -42.857 40.258 0.111111
32830 -35.228 -43.098 40.358 0.444444
32831 -38.068 -43.562 40.416 1.000000
32832 -39.328 -43.342 39.448 0.888889
32833 -40.021 -42.809 39.046 1.000000
32841 -31.714 -42.836 39.333 0.111111
32842 -30.745 -42.585 39.541 0.111111
32843 -32.856 -43.165 39.174 0.222222
32844 -33.957 -43.297 39.442 0.333333
32845 -38.690 -43.357 39.677 0.777778
32846 -39.564 -42.992 38.997 0.555556
32847 -40.159 -42.439 38.557 0.555556
32848 -40.711 -42.778 38.778 1.000000
32849 -41.788 -42.456 38.289 1.000000
32857 -32.109 -42.950 38.182 0.111111
32859 -32.980 -43.249 38.177 0.111111
32860 -39.459 -42.702 38.354 0.555556
32861 -39.902 -42.122 37.845 0.555556
32862 -40.893 -42.452 38.266 0.888889
32863 -42.271 -42.045 38.019 1.000000
32864 -42.952 -42.096 37.871 1.000000
32871 -32.097 -42.905 37.038 0.111111
32873 -32.874 -43.155 36.627 0.111111
32874 -39.237 -42.814 37.315 0.444444
32875 -43.563 -41.682 37.408 0.888889
32876 -44.502 -42.122 36.644 1.000000
32882 -32.912 -42.933 35.799 0.111111
32884 -33.856 -43.030 35.857 0.111111
32885 -34.789 -43.119 35.584 0.111111
32886 -35.691 -42.904 35.479 0.111111
32887 -37.212 -43.293 35.990 0.111111
32888 -38.068 -43.140 36.107 0.222222
32889 -38.887 -42.797 36.344 0.333333
32890 -39.662 -42.270 36.743 0.555556
32891 -45.296 -42.057 35.752 1.000000
32892 -45.742 -41.860 35.064 1.000000
32901 -34.208 -42.691 35.071 0.111111
32902 -35.059 -42.545 34.973 0.111111
32903 -36.713 -42.622 35.360 0.111111
32904 -38.375 -42.485 35.580 0.111111
32905 -45.583 -42.205 34.879 1.000000
32906 -45.968 -41.520 34.693 1.000000
32921 -34.509 -42.143 34.483 0.111111
32922 -45.761 -41.895 34.512 0.888889
32923 -46.236 -41.278 34.356 0.888889
32929 -45.997 -41.594 33.934 0.777778
32930 -46.202 -41.285 33.212 0.777778
32933 -43.989 -42.426 32.081 0.666667
32934 -44.678 -42.114 32.263 0.666667
32935 -45.310 -41.924 32.620 0.666667
32936 -45.787 -41.426 32.573 0.666667
32941 -43.419 -42.221 31.357 0.555556
32942 -44.107 -41.966 31.509 0.666667
32943 -44.654 -41.657 31.604 0.555556
32944 -45.209 -41.553 32.027 0.666667
32949 -42.806 -41.997 30.615 0.111111
32950 -43.534 -41.747 30.742 0.111111
32951 -44.278 -41.472 30.922 0.555556
33551 -40.691 -42.127 37.880 0.555556
33552 -41.493 -42.045 37.833 0.777778
33553 -42.153 -41.797 37.797 0.888889
33554 -42.816 -41.535 37.630 0.888889
33563 -40.410 -41.823 37.134 0.555556
33564 -41.300 -41.567 37.315 0.555556
33565 -42.041 -41.183 37.025 0.666667
33566 -42.513 -41.253 37.317 0.777778
33567 -43.501 -40.962 37.250 0.888889
33568 -45.029 -41.341 36.417 1.000000
33569 -44.224 -41.214 37.073 1.000000
33570 -44.717 -40.636 36.742 1.000000
33579 -39.242 -42.187 35.776 0.222222
33580 -39.988 -41.728 36.151 0.333333
33581 -40.782 -41.349 36.499 0.555556
33582 -41.485 -41.105 36.670 0.555556
33583 -45.711 -41.284 35.592 1.000000
33584 -46.212 -41.165 34.926 1.000000
33590 -35.894 -42.207 34.876 0.111111
33591 -36.695 -41.850 34.655 0.111111
33592 -38.708 -41.723 34.967 0.111111
33593 -39.398 -41.236 34.717 0.111111
33594 -40.332 -41.259 35.487 0.111111
33595 -46.419 -40.995 34.591 0.888889
33613 -35.942 -41.535 34.168 0.111111
33614 -37.949 -41.326 34.376 0.111111
33615 -38.740 -41.004 34.290 0.111111
33616 -46.650 -40.799 34.217 1.000000
33617 -47.014 -40.301 34.161 0.888889
33627 -35.460 -41.044 33.495 0.111111
33628 -46.920 -40.492 33.499 0.777778
33633 -45.079 -41.174 31.152 0.555556
33634 -45.708 -40.578 31.000 0.666667
33637 -44.561 -41.002 30.249 0.444444
33638 -45.160 -40.695 30.420 0.444444
33644 -44.926 -40.425 29.468 0.222222
34246 -42.950 -40.732 37.039 0.888889
34247 -43.387 -40.474 37.032 0.777778
34248 -43.991 -40.214 37.071 0.888889
34249 -44.167 -40.620 37.082 1.000000
34250 -45.568 -40.528 36.348 1.000000
34251 -45.622 -39.679 36.669 1.000000
34259 -41.180 -40.916 35.913 0.444444
34260 -42.030 -40.629 36.317 0.333333
34261 -42.639 -40.677 36.855 0.777778
34262 -46.308 -40.428 35.557 1.000000
34263 -46.795 -39.620 36.020 1.000000
34264 -46.793 -39.990 35.319 1.000000
34274 -40.024 -40.945 34.739 0.111111
34275 -40.878 -40.834 34.934 0.111111
34276 -41.633 -40.427 35.348 0.222222
34277 -46.630 -40.573 34.878 1.000000
34278 -46.934 -40.028 34.776 1.000000
34291 -37.318 -41.030 33.904 0.111111
34292 -38.092 -40.758 33.713 0.111111
34293 -38.903 -40.466 33.655 0.111111
34294 -40.362 -40.470 34.087 0.111111
34295 -41.283 -40.215 34.438 0.111111
34296 -47.280 -39.697 34.201 0.888889
34309 -37.384 -40.613 33.151 0.111111
34310 -38.300 -40.213 32.893 0.111111
34312 -39.624 -40.323 33.658 0.111111
34313 -47.322 -39.885 33.538 0.888889
34324 -46.805 -40.382 32.575 0.666667
34325 -47.066 -39.742 31.967 0.666667
34328 -46.450 -40.236 31.593 0.666667
34329 -46.984 -39.571 31.254 0.444444
34331 -45.554 -40.199 30.225 0.333333
34332 -45.983 -39.638 30.129 0.333333
34333 -46.536 -39.604 30.705 0.444444
34336 -45.319 -39.812 28.964 0.222222
34337 -45.542 -39.876 29.602 0.222222
34344 -44.680 -40.094 28.716 0.222222
35035 -43.216 -40.059 36.708 0.777778
35036 -43.822 -39.214 36.461 0.777778
35037 -44.428 -38.894 36.597 0.777778
35038 -45.189 -38.548 36.727 0.777778
35039 -45.852 -38.843 36.822 1.000000
35040 -46.460 -39.209 36.565 1.000000
35044 -42.672 -40.116 36.404 0.666667
35045 -43.058 -39.387 36.138 0.666667
35046 -43.802 -38.650 36.161 0.777778
35047 -47.069 -38.825 36.343 1.000000
35048 -47.034 -39.442 35.576 1.000000
35054 -42.039 -39.830 34.834 0.111111
35055 -42.685 -39.367 35.223 0.333333
35056 -43.275 -38.792 35.503 0.444444
35057 -47.089 -39.278 34.929 1.000000
35074 -41.706 -39.542 34.019 0.111111
35075 -42.190 -38.962 33.592 0.111111
35076 -47.487 -38.963 34.243 0.888889
35084 -41.398 -39.183 33.285 0.111111
35085 -47.560 -39.303 32.844 0.777778
35086 -47.551 -39.180 33.525 0.888889
35087 -47.853 -38.553 32.792 0.888889
35103 -47.609 -39.285 32.112 0.555556
35104 -48.355 -38.109 32.125 0.666667
35116 -47.507 -39.167 31.358 0.555556
35117 -48.101 -38.491 31.598 0.666667
35123 -46.434 -39.123 29.960 0.333333
35124 -47.098 -39.014 30.540 0.333333
35127 -45.873 -39.353 29.411 0.333333
35128 -46.312 -38.795 29.290 0.333333
35129 -46.786 -38.653 29.824 0.333333
35136 -44.829 -39.601 28.432 0.222222
35137 -45.609 -39.098 28.708 0.111111
35783 -44.346 -38.351 36.465 0.777778
35784 -44.877 -37.422 36.668 0.777778
35785 -45.461 -37.616 36.791 0.777778
35786 -45.943 -38.003 36.918 0.888889
35787 -46.546 -38.428 36.784 1.000000
35791 -44.266 -37.825 36.231 0.777778
35792 -46.970 -37.915 36.658 1.000000
35793 -47.281 -38.121 36.281 1.000000
35796 -43.546 -38.364 34.615 0.222222
35797 -47.511 -37.767 35.255 1.000000
35812 -42.964 -38.738 33.963 0.222222
35813 -43.525 -38.144 33.570 0.111111
35814 -47.690 -38.093 34.344 0.888889
35815 -47.786 -38.343 33.482 0.888889
35824 -42.763 -38.457 33.106 0.222222
35825 -48.342 -37.614 32.661 0.888889
35834 -48.871 -37.297 31.929 0.777778
35845 -47.820 -38.431 30.806 0.555556
35846 -48.453 -37.704 31.047 0.444444
35863 -47.360 -38.257 30.070 0.333333
35864 -48.081 -37.638 30.334 0.333333
35872 -46.898 -38.099 29.313 0.333333
35873 -47.676 -37.508 29.633 0.333333
35875 -46.159 -38.390 28.752 0.222222
35876 -46.653 -37.558 28.726 0.333333
35877 -47.353 -37.330 29.087 0.333333
35892 -45.782 -37.914 28.299 0.111111
36542 -44.982 -36.502 36.857 0.555556
36543 -45.591 -36.752 36.904 0.777778
36544 -46.082 -37.045 36.960 0.888889
36545 -46.676 -37.071 36.817 1.000000
36546 -47.118 -37.267 36.518 1.000000
36559 -44.554 -36.945 36.296 0.777778
36560 -47.300 -36.615 36.276 1.000000
36571 -44.195 -37.359 35.405 0.444444
36572 -44.381 -36.678 34.581 0.444444
36573 -47.526 -36.862 35.474 1.000000
36591 -44.090 -37.604 34.221 0.111111
36592 -44.394 -36.864 33.512 0.111111
36593 -47.735 -37.130 34.511 1.000000
36594 -48.179 -36.470 33.809 0.888889
36607 -48.624 -36.723 32.861 0.888889
36614 -49.032 -36.882 32.263 0.888889
36615 -49.477 -36.512 31.717 0.888889
36620 -49.138 -36.946 31.254 0.777778
36621 -49.886 -36.181 31.175 0.888889
36630 -48.831 -36.991 30.575 0.555556
36631 -49.574 -36.425 30.651 0.666667
36646 -48.470 -36.914 29.874 0.333333
36653 -47.382 -36.515 28.647 0.222222
36654 -48.063 -36.737 29.219 0.333333
36664 -46.178 -36.766 28.204 0.111111
37407 -44.974 -35.772 36.802 0.666667
37408 -45.611 -36.013 36.978 0.666667
37409 -46.045 -36.209 36.982 0.888889
37410 -46.398 -35.878 36.860 0.888889
37411 -46.873 -36.328 36.728 1.000000
37421 -44.673 -35.543 36.004 0.555556
37422 -47.224 -35.721 36.383 1.000000
37431 -44.633 -35.794 34.893 0.444444
37432 -47.874 -36.205 34.817 1.000000
37433 -47.586 -35.958 35.706 1.000000
37434 -48.012 -35.392 35.109 1.000000
37455 -44.641 -36.035 33.829 0.222222
37456 -48.337 -35.572 34.153 1.000000
37476 -48.654 -35.767 33.079 0.888889
37490 -50.045 -35.669 31.558 0.888889
37502 -50.159 -35.821 30.730 0.555556
37510 -49.712 -36.050 30.022 0.444444
37518 -48.989 -36.205 29.414 0.333333
37519 -49.524 -35.607 29.455 0.333333
37528 -46.984 -35.746 28.123 0.111111
37529 -47.824 -35.484 28.377 0.111111
37530 -48.567 -35.240 28.559 0.222222
37531 -49.025 -35.612 28.937 0.222222
37543 -45.227 -36.457 27.619 0.111111
37544 -46.849 -35.214 27.663 0.111111
37545 -47.460 -35.030 27.869 0.111111
38221 -45.504 -34.601 36.579 0.777778
38222 -45.630 -35.327 36.781 0.666667
38223 -46.064 -35.477 36.851 0.888889
38224 -46.521 -35.254 36.631 1.000000
38225 -46.830 -35.614 36.633 1.000000
38236 -44.970 -34.695 36.077 0.555556
38237 -47.113 -34.866 36.264 1.000000
38238 -47.641 -35.127 35.824 1.000000
38247 -44.931 -34.945 35.147 0.444444
38248 -48.071 -34.687 35.191 1.000000
38258 -44.851 -35.177 34.103 0.333333
38259 -48.428 -34.392 34.312 1.000000
38275 -44.982 -34.810 32.463 0.111111
38276 -49.055 -34.088 33.272 1.000000
38277 -49.636 -34.458 32.588 0.888889
38291 -50.330 -34.911 31.672 0.777778
38292 -50.346 -34.220 32.104 0.888889
38306 -50.301 -35.373 31.234 0.555556
38307 -50.432 -34.788 31.376 0.777778
38318 -50.390 -35.225 30.730 0.666667
38319 -50.463 -34.693 30.889 0.666667
38327 -49.707 -34.891 29.418 0.444444
38328 -50.407 -34.974 30.021 0.555556
38334 -48.035 -34.800 28.178 0.222222
38335 -48.609 -34.665 28.463 0.222222
38336 -49.251 -35.103 28.951 0.333333
38347 -45.217 -35.417 27.386 0.111111
38348 -46.285 -34.969 27.336 0.111111
38349 -47.046 -34.655 27.488 0.111111
38350 -47.578 -34.448 27.734 0.111111
38359 -44.670 -34.851 27.022 0.111111
38941 -46.131 -33.694 36.487 0.777778
38942 -46.540 -33.918 36.368 0.777778
38943 -46.939 -34.145 36.225 1.000000
38950 -45.372 -34.087 36.265 0.666667
38951 -45.832 -33.772 36.556 0.777778
38952 -47.344 -33.867 36.009 1.000000
38953 -47.681 -34.324 35.745 1.000000
38961 -45.117 -34.021 35.459 0.555556
38962 -48.082 -33.985 35.108 1.000000
38973 -45.095 -33.674 33.621 0.333333
38974 -48.516 -33.695 33.950 1.000000
38986 -45.137 -33.897 32.654 0.222222
38987 -49.270 -33.267 33.128 1.000000
38988 -49.815 -33.677 32.606 1.000000
38996 -44.985 -34.284 31.754 0.111111
38997 -50.400 -33.398 32.216 1.000000
38998 -50.499 -34.352 31.778 0.777778
39004 -50.573 -33.977 31.518 1.000000
39012 -50.413 -34.267 30.572 0.666667
39020 -49.912 -34.430 29.746 0.666667
39027 -48.486 -34.117 28.348 0.222222
39028 -49.182 -34.475 28.962 0.333333
39040 -47.174 -34.201 27.376 0.111111
39041 -47.467 -33.882 27.491 0.111111
39042 -48.023 -34.274 28.022 0.222222
39050 -44.004 -34.506 26.579 0.111111
39051 -45.691 -33.817 26.588 0.111111
39052 -46.522 -34.209 27.046 0.111111
39053 -46.942 -33.830 27.146 0.111111
39591 -46.230 -32.588 36.201 0.666667
39592 -46.328 -32.886 36.268 0.777778
39593 -46.646 -33.090 36.335 0.777778
39594 -47.079 -33.404 36.275 0.888889
39598 -45.521 -33.423 36.090 0.666667
39599 -45.959 -32.931 36.389 0.666667
39600 -47.553 -33.052 36.051 1.000000
39601 -47.795 -33.516 35.714 1.000000
39604 -45.256 -33.238 35.348 0.666667
39605 -48.173 -33.281 35.121 1.000000
39614 -45.063 -33.027 34.051 0.333333
39615 -48.407 -33.013 33.957 1.000000
39623 -45.099 -33.065 32.596 0.222222
39624 -49.286 -32.602 33.107 1.000000
39625 -49.991 -32.959 32.553 1.000000
39630 -45.086 -33.449 31.889 0.111111
39631 -50.380 -32.684 32.285 1.000000
39632 -50.591 -33.217 32.060 1.000000
39636 -44.699 -33.286 31.234 0.111111
39637 -50.629 -32.959 31.726 1.000000
39645 -50.034 -33.701 30.176 0.666667
39646 -50.504 -33.437 30.984 0.666667
39654 -49.436 -33.865 29.506 0.666667
39655 -48.864 -33.616 28.898 0.444444
39664 -48.267 -33.424 28.385 0.222222
39676 -47.349 -33.130 27.453 0.111111
39677 -47.897 -33.703 27.903 0.222222
39688 -46.378 -33.454 26.707 0.111111
39689 -46.935 -33.335 27.060 0.111111
39752 -52.104 -32.959 12.135 0.111111
40269 -46.346 -31.812 36.061 0.666667
40270 -46.472 -32.289 36.113 0.666667
40271 -47.087 -32.499 36.294 0.777778
40272 -47.242 -32.532 36.205 0.666667
40283 -45.823 -31.949 35.889 0.666667
40284 -47.881 -32.806 35.772 1.000000
40295 -45.133 -31.831 34.996 0.555556
40296 -45.541 -32.514 35.696 0.666667
40297 -48.166 -32.553 35.140 1.000000
40303 -44.985 -32.228 33.951 0.444444
40304 -48.379 -32.194 33.928 1.000000
40310 -44.912 -32.303 32.895 0.222222
40311 -49.121 -31.743 33.017 1.000000
40312 -49.992 -32.216 32.569 1.000000
40318 -44.894 -32.491 31.915 0.111111
40319 -50.325 -31.840 32.294 1.000000
40320 -50.518 -32.390 32.121 1.000000
40326 -50.568 -32.000 31.695 0.888889
40333 -49.925 -32.151 30.474 0.555556
40334 -50.459 -32.537 31.131 0.888889
40340 -48.386 -32.463 29.048 0.444444
40341 -49.385 -32.928 29.776 0.555556
40353 -47.728 -32.779 28.151 0.333333
40354 -47.153 -31.988 27.637 0.111111
40355 -47.711 -31.675 28.538 0.333333
40435 -51.930 -32.260 12.599 0.111111
40436 -51.805 -31.617 12.983 0.111111
41048 -46.352 -31.105 36.088 0.666667
41049 -46.683 -31.582 36.122 0.666667
41050 -47.164 -31.720 36.142 0.666667
41057 -45.989 -31.174 36.052 0.666667
41058 -47.415 -30.873 35.967 0.666667
41059 -47.831 -32.114 35.800 0.888889
41064 -45.005 -30.907 35.229 0.666667
41065 -45.543 -31.453 35.685 0.666667
41066 -48.041 -31.665 35.125 1.000000
41073 -44.829 -31.248 34.328 0.444444
41074 -48.155 -31.162 33.762 0.888889
41079 -44.732 -31.448 33.302 0.333333
41080 -48.807 -30.655 32.871 1.000000
41081 -49.887 -31.273 32.464 1.000000
41087 -44.049 -30.785 31.734 0.111111
41088 -44.329 -30.722 32.609 0.222222
41089 -50.433 -31.441 32.041 1.000000
41097 -50.499 -30.967 31.506 1.000000
41106 -49.911 -31.156 30.436 0.666667
41107 -50.418 -31.617 31.062 1.000000
41116 -48.476 -31.208 29.169 0.222222
41117 -49.160 -31.721 29.818 0.444444
41134 -47.454 -30.937 27.987 0.222222
41140 -46.726 -31.561 26.868 0.111111
41141 -47.054 -31.044 27.313 0.222222
41147 -46.337 -30.971 26.310 0.111111
41148 -46.924 -30.600 26.674 0.111111
41217 -52.205 -30.880 13.299 0.111111
41903 -46.661 -30.666 36.076 0.666667
41904 -47.056 -31.001 36.154 0.666667
41911 -46.120 -30.337 36.005 0.666667
41912 -46.651 -29.876 35.907 0.666667
41913 -46.858 -30.240 36.032 0.666667
41914 -47.313 -30.040 35.776 0.666667
41915 -47.539 -30.254 35.674 0.666667
41921 -45.039 -29.948 35.287 0.666667
41922 -45.708 -29.859 35.749 0.666667
41923 -47.869 -30.692 34.847 0.888889
41929 -44.475 -29.840 34.465 0.333333
41930 -48.103 -30.021 33.863 0.888889
41936 -43.727 -29.771 32.779 0.222222
41937 -44.038 -29.863 33.633 0.333333
41938 -48.997 -29.501 33.128 0.888889
41939 -49.827 -30.123 32.476 1.000000
41946 -43.343 -30.397 31.463 0.111111
41948 -43.241 -29.705 32.135 0.111111
41949 -50.382 -29.420 32.319 1.000000
41950 -50.610 -29.725 31.958 1.000000
41956 -50.798 -29.955 31.412 1.000000
41964 -50.364 -30.324 30.223 0.666667
41965 -50.924 -29.845 30.739 0.888889
41980 -49.427 -30.618 29.634 0.333333
41981 -50.115 -29.865 29.508 0.555556
41982 -50.959 -29.592 29.959 0.777778
41992 -48.072 -30.804 28.563 0.333333
41993 -48.884 -30.212 28.821 0.333333
41994 -49.833 -29.642 28.755 0.555556
42003 -47.672 -30.205 27.153 0.222222
42004 -48.267 -30.144 27.985 0.222222
42006 -46.666 -30.143 25.990 0.111111
42007 -47.348 -29.795 26.310 0.111111
42009 -45.703 -30.452 25.182 0.111111
42010 -46.433 -29.881 25.268 0.111111
42011 -47.151 -29.517 25.524 0.111111
42013 -45.147 -30.373 24.014 0.111111
42014 -45.770 -29.818 23.850 0.111111
42015 -46.136 -29.795 24.522 0.111111
42023 -45.266 -29.832 23.300 0.111111
42031 -44.656 -29.781 22.617 0.111111
42059 -56.861 -30.409 17.508 0.111111
42084 -51.730 -30.222 13.763 0.111111
42085 -51.990 -28.902 14.823 0.111111
42086 -52.468 -29.431 14.258 0.111111
42094 -52.543 -30.101 13.628 0.111111
42749 -46.211 -29.544 35.795 0.666667
42750 -46.680 -29.400 35.678 0.666667
42751 -47.071 -29.651 35.767 0.666667
42752 -47.323 -29.647 35.574 0.666667
42753 -47.089 -29.299 35.522 0.666667
42757 -44.814 -29.139 34.794 0.222222
42758 -45.642 -29.238 35.376 0.666667
42759 -46.245 -29.210 35.544 0.666667
42760 -47.677 -29.631 35.135 0.666667
42765 -44.082 -29.074 34.196 0.222222
42766 -43.668 -28.294 33.823 0.111111
42767 -44.444 -28.491 34.307 0.333333
42768 -48.274 -28.868 34.126 0.777778
42777 -43.118 -28.377 33.358 0.111111
42778 -49.401 -28.385 33.226 0.888889
42779 -50.233 -28.305 32.659 0.888889
42780 -50.817 -28.548 32.256 1.000000
42790 -51.356 -29.217 30.885 1.000000
42791 -51.100 -29.070 31.587 1.000000
42792 -51.486 -28.479 31.106 1.000000
42806 -51.597 -29.217 30.253 0.777778
42807 -52.010 -28.701 30.286 1.000000
42821 -50.972 -29.311 29.025 0.666667
42822 -52.039 -29.041 28.981 0.777778
42823 -52.579 -28.786 28.962 0.888889
42824 -52.472 -28.603 29.496 0.888889
42825 -52.827 -28.221 29.438 0.888889
42840 -49.318 -29.708 27.944 0.333333
42841 -50.533 -29.421 27.852 0.444444
42842 -51.829 -29.343 28.139 0.666667
42843 -52.712 -29.174 28.350 0.888889
42844 -53.051 -28.956 28.547 1.000000
42845 -53.450 -28.969 28.151 0.777778
42847 -48.771 -29.580 27.055 0.222222
42848 -49.710 -29.329 26.370 0.333333
42849 -50.605 -29.441 26.758 0.444444
42850 -51.635 -29.537 27.067 0.555556
42851 -52.585 -29.523 27.347 0.888889
42852 -53.242 -29.303 27.700 0.888889
42853 -53.781 -29.021 27.651 0.777778
42855 -47.890 -29.314 25.831 0.111111
42856 -49.701 -29.175 25.420 0.111111
42857 -50.727 -29.528 25.845 0.444444
42858 -51.728 -29.916 25.656 0.666667
42859 -52.436 -29.998 26.284 0.777778
42860 -53.800 -30.176 26.028 0.777778
42861 -54.003 -29.136 26.807 0.777778
42863 -47.153 -29.277 24.535 0.111111
42864 -48.240 -28.948 24.624 0.111111
42865 -49.097 -28.939 24.818 0.111111
42866 -50.862 -29.555 25.092 0.444444
42867 -51.904 -29.899 25.196 0.666667
42868 -53.785 -30.265 25.392 0.666667
42869 -54.204 -30.193 25.299 0.777778
42870 -54.748 -30.133 24.711 0.666667
42874 -46.559 -29.404 23.738 0.111111
42875 -47.294 -29.100 23.610 0.111111
42876 -47.996 -28.864 23.898 0.111111
42877 -48.994 -28.765 24.227 0.111111
42878 -50.498 -29.169 24.412 0.333333
42879 -51.492 -29.579 24.598 0.666667
42880 -53.384 -29.768 24.189 0.444444
42881 -54.598 -30.083 24.380 0.444444
42882 -54.959 -29.972 24.400 0.333333
42889 -46.109 -29.452 22.968 0.111111
42890 -46.985 -29.185 22.953 0.111111
42891 -47.752 -28.888 23.099 0.111111
42892 -48.588 -28.697 23.458 0.111111
42893 -49.325 -28.672 23.817 0.111111
42894 -50.038 -28.747 23.853 0.111111
42895 -50.954 -29.151 23.902 0.666667
42896 -52.083 -29.444 24.045 0.666667
42897 -53.925 -29.515 23.379 0.444444
42898 -52.638 -29.166 23.399 0.444444
42899 -54.981 -29.747 23.783 0.333333
42900 -55.257 -29.463 23.877 0.222222
42903 -45.325 -29.475 21.895 0.111111
42904 -46.077 -29.366 22.113 0.111111
42905 -46.717 -29.076 21.742 0.111111
42906 -47.386 -28.883 22.261 0.111111
42907 -48.254 -28.624 22.636 0.111111
42908 -54.650 -29.251 22.735 0.333333
42909 -55.294 -29.160 23.039 0.222222
42916 -46.011 -29.178 21.297 0.111111
42918 -47.278 -28.711 21.455 0.111111
42938 -56.003 -29.855 17.872 0.111111
42939 -55.226 -29.344 18.074 0.111111
42940 -56.104 -29.325 18.601 0.111111
42941 -57.041 -29.789 18.164 0.111111
42942 -57.038 -29.122 18.634 0.111111
42943 -57.674 -29.467 18.087 0.111111
42953 -58.149 -30.349 17.252 0.111111
42968 -52.457 -28.624 15.496 0.111111
42969 -53.440 -28.929 15.679 0.111111
43616 -45.203 -28.622 34.776 0.555556
43617 -45.413 -28.229 34.580 0.555556
43618 -45.935 -28.865 35.028 0.666667
43619 -46.656 -29.027 35.320 0.666667
43620 -47.226 -28.911 34.966 0.666667
43621 -47.448 -29.227 35.038 0.666667
43626 -43.708 -27.814 33.640 0.111111
43627 -44.110 -28.021 33.990 0.111111
43628 -44.735 -28.057 34.279 0.333333
43629 -48.847 -27.738 33.548 0.777778
43636 -49.935 -27.376 33.068 0.888889
43637 -50.515 -27.454 32.727 0.888889
43644 -51.265 -28.264 31.855 1.000000
43645 -50.986 -27.508 32.359 0.888889
43646 -51.365 -27.449 31.614 0.888889
43654 -51.914 -27.823 30.692 1.000000
43664 -52.541 -28.102 30.087 0.888889
43665 -52.307 -27.023 30.392 0.777778
43677 -52.796 -27.339 29.890 0.888889
43678 -53.173 -28.468 28.810 0.888889
43692 -47.367 -28.349 28.283 0.111111
43693 -48.075 -28.063 28.930 0.333333
43694 -53.616 -28.438 28.196 0.777778
43708 -47.568 -28.333 27.533 0.111111
43709 -53.937 -28.516 27.613 0.666667
43721 -54.128 -27.920 27.149 0.666667
43726 -54.226 -29.778 25.585 0.666667
43727 -53.869 -28.489 25.896 0.444444
43737 -54.581 -29.374 24.895 0.444444
43738 -55.187 -29.614 24.281 0.222222
43740 -49.275 -28.517 23.123 0.111111
43741 -50.382 -28.533 23.253 0.111111
43742 -51.493 -28.800 23.330 0.666667
43743 -55.541 -28.769 23.711 0.222222
43744 -55.577 -28.699 23.073 0.222222
43747 -47.948 -28.536 21.809 0.111111
43748 -48.785 -28.320 22.141 0.111111
43749 -50.182 -27.609 21.975 0.111111
43751 -52.130 -28.437 22.706 0.444444
43752 -53.733 -28.900 22.392 0.444444
43753 -55.039 -28.760 22.030 0.222222
43754 -55.616 -28.577 22.217 0.222222
43755 -56.227 -28.358 21.472 0.222222
43756 -56.108 -28.236 22.267 0.222222
43760 -47.730 -28.388 21.118 0.111111
43761 -48.395 -28.117 21.265 0.111111
43762 -49.363 -27.756 21.518 0.111111
43763 -50.917 -27.490 21.605 0.222222
43764 -51.912 -27.773 21.893 0.333333
43765 -53.545 -28.433 21.656 0.444444
43766 -52.869 -27.808 21.129 0.444444
43767 -54.839 -28.738 21.049 0.222222
43768 -55.600 -28.689 21.264 0.222222
43769 -56.771 -28.035 21.008 0.222222
43779 -53.942 -28.352 20.933 0.333333
43780 -54.551 -28.383 20.078 0.222222
43781 -53.521 -27.796 20.118 0.333333
43782 -55.353 -28.733 20.389 0.111111
43783 -56.183 -28.450 20.571 0.111111
43784 -56.719 -27.802 20.338 0.222222
43798 -54.803 -28.539 19.105 0.111111
43799 -53.972 -28.007 19.274 0.111111
43800 -55.577 -28.778 19.168 0.111111
43801 -56.293 -28.592 19.153 0.111111
43802 -56.498 -27.990 19.520 0.111111
43808 -53.738 -28.469 17.859 0.111111
43809 -52.856 -27.980 17.862 0.111111
43810 -53.426 -27.928 18.533 0.111111
43811 -54.633 -28.776 18.279 0.111111
43812 -56.834 -28.356 18.810 0.111111
43819 -51.622 -28.080 16.643 0.111111
43821 -51.294 -27.576 17.436 0.111111
43822 -52.261 -27.983 17.285 0.111111
43823 -52.121 -27.612 17.833 0.111111
43824 -57.408 -28.670 18.266 0.111111
43825 -57.879 -29.074 17.751 0.111111
43831 -52.012 -28.431 16.065 0.111111
43832 -52.944 -28.621 16.267 0.111111
43834 -57.587 -28.587 16.939 0.111111
43848 -56.141 -28.115 14.714 0.111111
44508 -46.395 -28.619 34.860 0.666667
44509 -46.939 -28.490 34.793 0.666667
44510 -47.462 -28.376 34.491 0.666667
44517 -44.280 -27.676 33.776 0.111111
44518 -44.983 -27.775 34.149 0.555556
44519 -45.598 -27.761 34.349 0.666667
44520 -46.445 -27.891 34.519 0.666667
44521 -47.315 -27.818 34.280 0.666667
44524 -43.585 -27.566 33.305 0.111111
44525 -44.140 -27.464 33.413 0.111111
44526 -44.940 -27.486 33.802 0.333333
44527 -48.811 -27.202 33.489 0.777778
44528 -50.290 -26.811 32.997 0.777778
44529 -49.705 -26.771 33.140 0.777778
44535 -50.291 -26.563 32.872 0.777778
44536 -51.156 -26.627 31.638 0.777778
44537 -50.829 -26.695 32.364 0.777778
44544 -51.603 -26.810 30.923 0.777778
44558 -46.531 -27.578 30.800 0.222222
44559 -46.734 -27.911 29.936 0.111111
44560 -47.404 -27.621 30.540 0.333333
44561 -48.451 -27.544 29.796 0.444444
44562 -48.729 -27.089 30.615 0.555556
44563 -52.047 -26.075 30.531 0.666667
44564 -52.657 -26.210 30.147 0.777778
44588 -47.068 -28.089 29.063 0.111111
44589 -49.127 -27.491 29.181 0.333333
44590 -49.132 -26.981 30.059 0.555556
44591 -49.935 -26.629 29.971 0.555556
44592 -53.030 -26.646 29.613 0.666667
44593 -53.402 -27.323 28.809 0.777778
44605 -48.672 -27.923 28.292 0.333333
44606 -50.055 -27.242 28.127 0.444444
44607 -50.076 -27.004 29.010 0.555556
44608 -50.811 -26.356 28.814 0.444444
44609 -53.858 -27.547 27.958 0.666667
44618 -48.312 -28.030 27.526 0.222222
44619 -49.149 -27.668 27.698 0.333333
44620 -49.761 -27.138 27.176 0.333333
44621 -50.734 -26.682 27.886 0.333333
44622 -54.094 -26.564 27.485 0.555556
44632 -47.923 -27.171 26.112 0.111111
44633 -48.699 -27.620 26.875 0.333333
44634 -54.054 -26.929 26.533 0.555556
44652 -53.693 -27.258 25.354 0.333333
44664 -53.873 -28.205 24.985 0.222222
44665 -53.725 -27.270 24.485 0.222222
44672 -54.831 -28.406 24.293 0.222222
44673 -55.359 -27.744 23.512 0.333333
44674 -55.865 -27.963 22.928 0.222222
44678 -56.200 -27.656 22.146 0.333333
44679 -56.594 -27.722 21.541 0.222222
44685 -51.709 -27.326 20.956 0.222222
44686 -56.978 -27.401 20.941 0.333333
44694 -52.426 -27.434 20.088 0.444444
44695 -56.629 -27.298 19.821 0.111111
44702 -52.044 -27.114 19.168 0.111111
44703 -53.065 -27.476 19.259 0.111111
44704 -56.448 -27.568 19.041 0.111111
44708 -50.602 -27.149 18.204 0.111111
44709 -52.542 -27.500 18.461 0.111111
44710 -56.846 -27.616 18.271 0.111111
44713 -56.791 -27.788 16.839 0.111111
44714 -56.475 -27.342 17.441 0.111111
44715 -57.301 -28.145 17.616 0.111111
44717 -57.088 -28.127 16.142 0.111111
44718 -56.083 -27.546 16.192 0.111111
44720 -55.216 -27.336 15.536 0.111111
44721 -54.653 -26.917 14.900 0.111111
44722 -56.128 -27.876 15.427 0.111111
44733 -55.279 -27.479 14.616 0.111111
44742 -54.926 -27.020 13.554 0.111111
45323 -45.882 -27.319 34.010 0.666667
45324 -46.878 -27.328 33.858 0.666667
45328 -43.592 -27.193 32.843 0.111111
45329 -44.552 -27.236 33.136 0.222222
45330 -46.182 -27.071 33.314 0.666667
45331 -47.299 -26.892 33.092 0.666667
45332 -48.318 -26.678 33.128 0.666667
45333 -49.045 -26.672 33.215 0.777778
45339 -46.369 -26.993 32.491 0.333333
45340 -47.284 -26.961 32.276 0.333333
45341 -48.825 -26.443 32.911 0.666667
45342 -49.736 -26.446 32.926 0.666667
45343 -50.432 -26.519 32.478 0.666667
45356 -47.350 -27.287 31.412 0.333333
45357 -48.957 -26.673 31.596 0.444444
45358 -49.838 -26.451 32.121 0.666667
45359 -50.593 -26.397 31.656 0.666667
45360 -51.230 -26.275 31.114 0.666667
45383 -49.702 -26.531 30.969 0.555556
45384 -50.745 -26.152 30.720 0.555556
45385 -51.635 -25.841 30.390 0.666667
45386 -52.371 -25.622 30.133 0.666667
45391 -50.818 -25.987 29.827 0.555556
45392 -51.667 -25.631 29.638 0.555556
45393 -52.375 -25.490 29.407 0.666667
45394 -52.844 -25.770 29.755 0.555556
45395 -53.242 -26.012 29.116 0.555556
45398 -51.564 -25.783 28.650 0.444444
45399 -52.368 -25.247 28.412 0.444444
45402 -50.501 -26.515 27.142 0.333333
45403 -51.305 -25.886 27.659 0.444444
45404 -51.754 -25.118 27.256 0.555556
45405 -54.274 -25.540 26.976 0.555556
45414 -49.034 -26.891 26.248 0.333333
45415 -49.964 -26.489 26.401 0.333333
45416 -50.821 -25.912 26.686 0.333333
45417 -54.185 -25.981 25.955 0.555556
45423 -48.412 -26.398 25.479 0.222222
45424 -49.370 -26.182 25.629 0.333333
45425 -53.797 -26.306 24.884 0.333333
45435 -47.951 -25.963 24.687 0.111111
45436 -53.562 -26.441 24.051 0.333333
45449 -54.360 -26.534 23.020 0.333333
45450 -53.684 -25.952 23.448 0.444444
45451 -55.435 -27.234 22.817 0.333333
45460 -53.958 -25.260 22.530 0.333333
45461 -55.048 -26.253 22.309 0.444444
45462 -55.996 -26.178 21.755 0.444444
45465 -56.616 -26.330 21.217 0.444444
45470 -56.679 -26.436 20.156 0.222222
45472 -56.409 -26.792 19.374 0.111111
45474 -55.008 -26.201 17.814 0.111111
45475 -56.011 -26.730 18.045 0.111111
45476 -55.887 -26.257 18.782 0.111111
45478 -55.515 -26.814 17.223 0.111111
45479 -54.515 -26.395 16.956 0.111111
45483 -54.161 -26.464 16.198 0.111111
45484 -53.628 -25.869 16.536 0.111111
45485 -55.046 -27.062 16.392 0.111111
45488 -54.388 -26.713 15.536 0.111111
45489 -53.553 -25.938 15.497 0.111111
45500 -54.028 -26.218 14.696 0.111111
45501 -54.548 -26.539 14.112 0.111111
45555 -58.919 -24.956 7.766 0.111111
46101 -52.843 -25.535 29.143 0.555556
46104 -53.282 -25.275 28.368 0.666667
46107 -52.856 -24.509 27.673 0.555556
46108 -53.620 -24.049 27.480 0.444444
46109 -53.633 -24.643 27.657 0.555556
46110 -54.253 -24.351 27.290 0.555556
46120 -50.279 -25.810 25.816 0.333333
46121 -51.106 -25.181 26.226 0.444444
46122 -52.015 -24.504 26.676 0.444444
46123 -54.585 -24.696 26.439 0.555556
46126 -48.826 -25.747 24.924 0.333333
46127 -49.713 -25.562 25.070 0.333333
46128 -50.607 -25.084 25.259 0.444444
46129 -51.411 -24.626 25.830 0.444444
46130 -54.423 -25.173 25.483 0.444444
46131 -54.985 -24.208 25.979 0.444444
46138 -49.913 -24.982 23.832 0.111111
46139 -50.670 -24.816 24.345 0.111111
46140 -53.817 -25.576 24.296 0.444444
46141 -54.721 -24.374 25.161 0.555556
46166 -55.210 -25.202 21.762 0.444444
46174 -56.203 -25.343 21.182 0.333333
46175 -56.650 -25.875 20.806 0.333333
46177 -56.349 -25.535 20.304 0.222222
46179 -56.263 -25.952 19.478 0.111111
46180 -55.664 -25.436 19.162 0.111111
46183 -53.928 -25.737 17.453 0.111111
46184 -52.950 -25.101 16.961 0.111111
46187 -53.161 -25.282 16.044 0.111111
46189 -53.176 -24.938 15.183 0.111111
46197 -53.745 -24.613 14.463 0.111111
46198 -54.243 -25.369 13.937 0.111111
46207 -55.965 -24.483 12.506 0.111111
46216 -56.748 -24.514 11.983 0.111111
46221 -57.669 -24.491 11.379 0.111111
46235 -58.148 -25.008 10.690 0.111111
46236 -59.647 -24.848 9.827 0.111111
46246 -60.307 -24.131 9.318 0.111111
46247 -60.505 -24.596 8.361 0.111111
46252 -58.105 -24.256 8.454 0.111111
46253 -59.386 -23.788 8.141 0.111111
46254 -59.955 -24.420 7.537 0.111111
46820 -53.029 -23.909 27.019 0.333333
46821 -53.968 -23.536 27.147 0.333333
46822 -54.763 -23.617 26.648 0.444444
46826 -51.382 -24.428 25.062 0.333333
46827 -52.125 -23.635 24.985 0.222222
46828 -53.303 -23.475 26.544 0.333333
46829 -55.055 -23.576 25.806 0.444444
46836 -50.712 -24.636 23.407 0.111111
46837 -51.390 -24.271 24.069 0.222222
46838 -51.939 -23.516 23.907 0.222222
46839 -54.869 -23.598 24.810 0.444444
46851 -53.915 -24.820 23.729 0.444444
46852 -54.330 -23.828 23.296 0.444444
46866 -54.526 -24.104 21.998 0.222222
46878 -55.708 -24.248 21.350 0.333333
46879 -56.035 -24.450 21.023 0.222222
46880 -55.715 -23.495 21.145 0.222222
46886 -55.880 -24.705 20.474 0.222222
46888 -55.377 -24.759 19.660 0.222222
46889 -54.505 -24.215 19.428 0.111111
46891 -52.683 -24.450 17.567 0.111111
46892 -52.294 -23.591 17.653 0.222222
46893 -52.964 -24.105 18.326 0.222222
46894 -53.562 -23.686 19.077 0.222222
46896 -52.445 -24.192 16.876 0.111111
46898 -52.338 -23.417 16.741 0.111111
46899 -52.892 -24.392 16.049 0.111111
46903 -53.468 -23.866 15.089 0.111111
46911 -54.041 -23.851 14.412 0.111111
46912 -54.459 -24.257 13.887 0.111111
46925 -57.062 -23.793 12.658 0.111111
46926 -55.998 -23.792 13.119 0.111111
46937 -57.702 -23.988 12.111 0.111111
46938 -58.095 -23.377 12.569 0.111111
46944 -58.918 -23.825 10.695 0.111111
46945 -58.418 -23.529 11.722 0.111111
46946 -59.020 -23.091 10.981 0.111111
46955 -59.922 -23.867 10.102 0.111111
46956 -59.669 -23.208 10.170 0.111111
46968 -60.294 -23.642 8.525 0.111111
46969 -60.418 -24.125 7.934 0.111111
46973 -58.643 -22.976 8.579 0.111111
46974 -59.710 -23.090 8.423 0.111111
46975 -60.155 -23.646 8.002 0.111111
47551 -54.112 -23.006 26.547 0.333333
47555 -53.122 -23.092 25.894 0.333333
47556 -54.144 -22.435 25.836 0.222222
47557 -54.623 -23.080 26.132 0.444444
47566 -52.998 -22.746 24.918 0.222222
47567 -53.230 -22.200 24.245 0.222222
47568 -53.867 -22.223 25.019 0.222222
47569 -54.346 -22.382 24.939 0.111111
47577 -51.584 -23.378 22.688 0.222222
47578 -52.401 -22.825 23.819 0.222222
47579 -54.875 -22.961 22.845 0.222222
47588 -55.228 -23.218 21.712 0.222222
47589 -55.227 -22.373 22.347 0.222222
47598 -55.513 -22.752 21.078 0.222222
47606 -55.262 -23.937 20.202 0.222222
47607 -55.236 -22.791 20.655 0.222222
47611 -54.356 -23.300 19.848 0.222222
47612 -53.229 -22.801 19.402 0.222222
47615 -52.241 -22.758 18.020 0.222222
47616 -52.639 -23.229 18.584 0.222222
47619 -52.139 -22.690 17.270 0.222222
47621 -52.620 -22.588 16.499 0.222222
47622 -52.956 -23.322 15.922 0.111111
47624 -54.200 -23.319 14.801 0.111111
47625 -53.837 -22.899 15.289 0.111111
47626 -54.999 -22.656 15.003 0.111111
47631 -56.005 -22.644 14.426 0.111111
47632 -55.968 -23.206 13.745 0.111111
47633 -57.072 -22.825 14.164 0.111111
47645 -57.809 -23.271 13.194 0.111111
47646 -57.823 -22.834 13.780 0.111111
47647 -58.243 -22.791 13.227 0.111111
47648 -58.351 -22.215 13.707 0.111111
47663 -58.432 -23.030 12.198 0.111111
47664 -58.630 -23.002 11.678 0.111111
47671 -58.862 -22.630 10.682 0.111111
47677 -60.179 -23.078 9.378 0.111111
47678 -59.429 -22.617 9.840 0.111111
47689 -57.580 -22.399 8.790 0.111111
47690 -59.500 -22.541 8.926 0.111111
47691 -60.070 -23.051 8.558 0.111111
48362 -54.004 -21.819 24.330 0.111111
48363 -54.479 -22.042 23.988 0.111111
48370 -52.463 -22.355 23.208 0.111111
48372 -53.953 -21.319 23.709 0.111111
48373 -54.315 -21.435 23.628 0.111111
48374 -55.023 -22.124 23.383 0.222222
48375 -54.839 -21.485 23.360 0.111111
48376 -55.266 -21.656 22.798 0.111111
48380 -50.856 -22.212 21.453 0.111111
48381 -51.675 -21.540 21.798 0.222222
48383 -55.461 -21.361 22.121 0.222222
48390 -55.457 -21.115 21.476 0.333333
48397 -54.891 -21.616 20.738 0.222222
48398 -55.349 -21.853 21.104 0.222222
48406 -53.103 -21.764 19.334 0.222222
48407 -54.005 -22.267 20.161 0.222222
48409 -52.357 -22.038 17.830 0.222222
48410 -52.588 -22.309 18.609 0.222222
48412 -52.440 -21.886 16.987 0.222222
48413 -53.037 -21.914 16.429 0.111111
48414 -53.391 -22.346 15.895 0.111111
48416 -54.337 -22.011 15.443 0.111111
48417 -56.139 -22.055 14.939 0.111111
48418 -55.348 -21.861 15.292 0.111111
48419 -57.206 -22.260 14.810 0.111111
48420 -57.623 -21.682 15.236 0.111111
48421 -57.912 -22.155 15.180 0.111111
48425 -57.942 -22.368 14.415 0.111111
48469 -58.379 -22.208 10.469 0.111111
48487 -58.681 -22.167 9.286 0.111111
49152 -54.416 -21.004 23.169 0.111111
49153 -54.726 -20.898 23.145 0.111111
49154 -55.211 -20.980 22.918 0.222222
49159 -51.614 -20.740 21.428 0.222222
49162 -55.523 -20.578 22.281 0.222222
49169 -51.085 -21.479 21.166 0.111111
49170 -55.609 -20.275 21.621 0.333333
49177 -54.688 -20.585 20.588 0.333333
49178 -55.369 -20.918 21.113 0.222222
49185 -53.109 -20.753 19.046 0.222222
49186 -53.776 -21.175 20.090 0.333333
49188 -52.613 -21.267 17.561 0.222222
49189 -52.638 -21.380 18.395 0.222222
49191 -53.130 -21.320 16.791 0.222222
49192 -53.092 -20.726 17.199 0.222222
49194 -53.795 -21.533 16.087 0.111111
49195 -54.031 -20.685 16.497 0.222222
49196 -55.066 -21.212 15.791 0.111111
49197 -55.365 -20.359 16.217 0.222222
49198 -56.155 -20.782 15.811 0.222222
49839 -54.794 -20.339 23.096 0.111111
49840 -55.233 -20.104 23.011 0.222222
49843 -52.314 -20.137 21.707 0.222222
49845 -55.618 -19.679 22.346 0.222222
49851 -51.496 -19.916 21.127 0.111111
49852 -55.821 -19.380 21.705 0.333333
49859 -54.604 -19.587 20.293 0.333333
49860 -55.503 -20.014 21.019 0.333333
49867 -53.331 -19.878 18.736 0.222222
49868 -53.780 -20.177 19.733 0.333333
49872 -52.835 -20.405 18.008 0.222222
49874 -53.468 -19.989 17.209 0.222222
49876 -54.542 -19.826 16.679 0.222222
49877 -55.563 -19.741 16.510 0.222222
49878 -57.233 -20.978 15.648 0.111111
49879 -56.640 -20.166 16.214 0.111111
50590 -52.596 -18.628 21.751 0.222222
50591 -53.698 -18.645 22.433 0.222222
50592 -54.788 -18.580 23.000 0.222222
50593 -55.856 -18.786 22.314 0.222222
50598 -52.042 -19.299 21.444 0.222222
50599 -56.218 -18.509 21.796 0.222222
50605 -55.651 -19.078 20.972 0.222222
50614 -53.671 -19.261 18.604 0.333333
50615 -53.956 -19.346 19.372 0.333333
50620 -53.403 -19.564 17.955 0.333333
50622 -54.088 -19.263 17.308 0.222222
50624 -55.013 -19.014 16.770 0.222222
50625 -56.267 -19.314 16.705 0.222222
51365 -53.068 -17.906 22.022 0.222222
51366 -54.259 -17.754 22.680 0.111111
51367 -55.137 -17.105 23.012 0.111111
51368 -55.824 -17.468 22.741 0.111111
51369 -56.230 -18.036 22.315 0.222222
51370 -56.252 -17.386 22.282 0.111111
51375 -53.478 -17.284 22.075 0.222222
51376 -56.399 -17.587 21.856 0.222222
51382 -55.215 -17.598 20.139 0.333333
51383 -55.796 -18.109 20.999 0.333333
51391 -54.102 -18.621 18.968 0.333333
51392 -54.606 -17.829 19.271 0.333333
51397 -54.008 -18.876 18.097 0.333333
51398 -54.610 -18.028 18.404 0.333333
51400 -54.695 -18.498 17.486 0.333333
51401 -55.209 -17.918 17.833 0.333333
51402 -55.792 -18.421 17.196 0.222222
51403 -56.014 -17.656 17.736 0.333333
51404 -56.624 -18.082 17.228 0.222222
51406 -57.364 -18.203 16.853 0.222222
51407 -58.146 -18.228 16.253 0.111111
52125 -54.291 -16.840 22.419 0.111111
52126 -55.191 -16.328 22.536 0.111111
52127 -55.660 -16.748 22.658 0.111111
52128 -56.033 -16.764 22.448 0.222222
52129 -56.237 -16.759 22.099 0.222222
52133 -53.432 -16.613 21.661 0.222222
52134 -56.108 -16.609 21.433 0.222222
52140 -55.693 -16.797 20.410 0.333333
52148 -55.215 -17.110 19.403 0.333333
52149 -55.765 -16.409 19.906 0.333333
52157 -55.431 -17.246 18.556 0.333333
52158 -56.335 -16.254 18.816 0.222222
52159 -56.963 -16.670 18.177 0.222222
52164 -56.948 -17.403 17.518 0.222222
52165 -57.417 -16.523 17.571 0.222222
52167 -57.842 -16.675 16.640 0.111111
52179 -58.803 -18.011 15.465 0.111111
52180 -59.225 -17.571 14.698 0.111111
52930 -55.331 -15.421 22.104 0.111111
52931 -55.787 -16.045 22.266 0.111111
52932 -55.903 -15.604 21.984 0.222222
52935 -53.437 -15.783 21.054 0.111111
52936 -54.320 -15.964 22.034 0.111111
52937 -56.037 -15.774 21.762 0.333333
52943 -56.126 -15.815 20.826 0.333333
52944 -56.433 -15.026 21.149 0.222222
52950 -55.680 -16.493 19.203 0.333333
52951 -56.273 -15.751 19.785 0.222222
52957 -57.213 -15.757 18.501 0.222222
52958 -57.650 -15.577 17.921 0.222222
52964 -57.777 -15.703 17.149 0.222222
52974 -58.421 -17.000 15.762 0.111111
52975 -58.597 -16.495 15.192 0.111111
53698 -55.837 -15.357 21.918 0.111111
53704 -54.517 -15.142 21.606 0.111111
53705 -55.037 -14.350 21.430 0.222222
53706 -55.628 -14.775 21.746 0.111111
53707 -56.096 -14.815 21.522 0.222222
53712 -56.539 -14.363 20.663 0.333333
53717 -56.696 -14.935 20.408 0.222222
53718 -57.119 -13.944 19.227 0.222222
53725 -57.137 -14.678 18.958 0.222222
53726 -57.851 -14.682 17.735 0.222222
53735 -58.117 -14.862 16.929 0.222222
53746 -58.233 -15.783 16.206 0.111111
53747 -58.525 -15.461 15.290 0.111111
53754 -58.790 -15.262 14.432 0.111111
53760 -59.068 -14.925 13.658 0.111111
54473 -55.744 -14.244 21.366 0.222222
54476 -54.586 -13.989 20.567 0.111111
54478 -56.148 -13.907 20.767 0.222222
54479 -56.406 -13.383 20.048 0.111111
54485 -56.622 -13.775 20.238 0.222222
54486 -56.784 -13.602 19.674 0.111111
54491 -57.464 -14.192 18.505 0.222222
54492 -57.073 -13.551 18.722 0.222222
54498 -57.671 -13.769 17.852 0.111111
54499 -58.224 -14.011 17.106 0.111111
54514 -58.473 -14.519 16.320 0.111111
54515 -58.341 -13.711 16.337 0.111111
54529 -58.550 -14.263 15.511 0.111111
54530 -58.607 -14.081 14.606 0.111111
54537 -58.716 -13.721 13.765 0.111111
54542 -59.033 -13.416 12.654 0.111111
54558 -59.500 -13.866 10.526 0.111111
55210 -56.642 -13.109 17.189 0.111111
55211 -57.742 -13.292 17.028 0.111111
55219 -56.986 -13.141 16.134 0.111111
55220 -57.968 -13.202 16.134 0.111111
55237 -57.657 -13.101 15.378 0.111111
55247 -57.133 -13.020 14.441 0.111111
55248 -58.105 -13.201 14.375 0.111111
55258 -58.614 -12.941 13.318 0.111111
55259 -58.731 -12.811 12.431 0.111111
55263 -59.145 -13.618 11.628 0.111111
55264 -58.881 -12.970 12.073 0.111111
55268 -58.806 -13.010 11.387 0.111111
55277 -59.302 -13.639 9.812 0.111111
55289 -57.673 -13.361 8.722 0.111111
55290 -58.480 -13.458 8.825 0.111111
55291 -58.739 -13.087 8.904 0.111111
55308 -58.102 -12.873 8.593 0.111111
55954 -57.529 -12.799 13.339 0.111111
55967 -57.340 -12.314 12.219 0.111111
55968 -58.237 -12.661 12.675 0.111111
55976 -58.260 -12.361 12.026 0.111111
55983 -58.601 -11.992 10.627 0.111111
55984 -58.816 -13.006 10.580 0.111111
55995 -58.883 -12.715 9.690 0.111111
56002 -58.702 -12.082 8.855 0.111111
56019 -58.348 -12.379 8.639 0.111111
56655 -56.860 -11.473 11.691 0.111111
56657 -57.843 -11.743 11.616 0.111111
56658 -58.305 -12.071 11.450 0.111111
56666 -58.306 -11.169 11.302 0.111111
56688 -58.576 -11.216 8.772 0.111111
56700 -57.497 -10.515 8.215 0.111111
56701 -58.028 -11.477 8.418 0.111111
57339 -58.215 -10.105 11.471 0.111111
57340 -58.540 -10.312 11.207 0.111111
57350 -58.653 -10.239 10.141 0.111111
57361 -58.616 -9.639 8.955 0.111111
57367 -57.269 -9.554 8.018 0.111111
57368 -58.174 -10.349 8.476 0.111111
57373 -55.934 -9.536 7.699 0.111111
57374 -56.538 -9.269 7.692 0.111111
58052 -58.700 -9.459 11.057 0.111111
58065 -58.576 -9.086 9.977 0.111111
58074 -58.232 -8.561 8.828 0.111111
58079 -57.430 -8.676 8.112 0.111111
58080 -57.940 -9.347 8.433 0.111111
58085 -56.753 -8.667 7.723 0.111111
58783 -58.013 -7.858 8.986 0.111111
58789 -56.945 -8.130 7.862 0.111111
88840 -35.969 -46.722 40.040 0.444444
88874 -51.659 -29.197 29.652 0.777778
88875 -44.486 -30.321 23.515 0.111111
88989 -52.131 -28.858 29.617 0.888889
89013 -55.765 -23.695 20.874 0.222222
89024 -22.396 -52.371 40.680 0.222222
89079 -41.963 -41.577 37.545 0.777778
89163 -54.336 -28.765 21.787 0.222222
89188 -53.198 -29.812 26.636 0.777778
89243 -45.108 -30.764 24.745 0.111111
89273 -43.870 -39.736 36.806 0.777778
89292 -14.650 -57.962 48.826 0.111111
89437 -44.471 -36.406 35.626 0.444444
89548 -54.594 -30.185 24.819 0.777778
89555 -55.369 -19.182 22.738 0.111111
89569 -37.529 -46.420 39.809 0.222222
89829 -45.026 -34.323 34.367 0.444444
89953 -44.497 -30.606 33.827 0.333333
89998 -28.422 -54.269 44.189 0.555556
90028 -28.717 -54.410 43.486 0.555556
90029 -52.694 -30.160 25.589 0.777778
90033 -35.801 -46.605 40.857 0.555556
90046 -40.304 -45.166 39.165 0.888889
90067 -53.944 -25.364 27.716 0.555556
90076 -32.453 -49.439 43.257 0.777778
90103 -50.874 -26.428 31.938 0.777778
90109 -45.161 -32.728 34.781 0.555556
90113 -56.961 -18.837 16.901 0.222222
90136 -24.929 -54.564 45.495 0.666667
90137 -45.119 -33.508 34.596 0.555556
90193 -21.064 -53.556 45.653 0.555556
90200 -20.712 -53.140 44.556 0.444444
90286 -38.570 -46.858 37.956 0.111111
90308 -47.293 -38.785 35.789 1.000000
90315 -34.487 -47.087 42.413 0.888889
90316 -41.779 -45.414 38.133 0.888889
90319 -56.267 -26.942 18.742 0.111111
90363 -44.757 -35.617 32.236 0.111111
90385 -27.078 -53.656 41.620 0.444444
90398 -53.279 -30.269 25.965 0.777778
90494 -34.972 -46.448 42.454 0.777778
90495 -55.403 -21.918 21.381 0.333333
90524 -54.870 -22.729 24.285 0.333333
90559 -21.817 -53.052 43.575 0.333333
90689 -45.007 -34.552 33.371 0.222222
90693 -48.072 -29.581 26.528 0.111111
90726 -44.147 -26.763 31.765 0.111111
90742 -20.509 -52.936 43.860 0.444444
90751 -48.001 -37.398 33.557 0.888889
90765 -47.349 -38.556 35.079 1.000000
90801 -45.316 -27.085 32.683 0.333333
90811 -20.835 -52.144 40.416 0.111111
90904 -57.015 -23.318 13.455 0.111111
90985 -37.237 -46.925 38.261 0.111111
90996 -19.754 -53.173 45.367 0.333333
91053 -29.205 -54.327 43.183 0.666667
91091 -46.168 -30.507 25.718 0.111111
91092 -47.246 -39.901 32.773 0.666667
91120 -34.391 -43.052 40.429 0.333333
91122 -51.697 -22.358 22.243 0.222222
91199 -39.507 -40.752 34.174 0.111111
91291 -58.661 -11.181 10.851 0.111111
91293 -30.012 -51.810 43.340 0.444444
91301 -36.206 -44.973 42.040 0.888889
91325 -48.556 -29.121 25.276 0.111111
91459 -44.693 -31.677 32.430 0.222222
91466 -31.818 -48.248 38.671 0.111111
91498 -44.876 -38.144 36.637 0.777778
91577 -47.754 -29.191 25.141 0.111111
91618 -36.531 -47.012 38.051 0.111111
91670 -44.533 -39.431 36.726 0.777778
91681 -27.058 -54.527 43.846 0.444444
91682 -25.251 -54.213 46.554 0.666667
91738 -24.464 -53.532 43.044 0.444444
91781 -58.535 -12.644 11.775 0.111111
91799 -44.857 -35.416 33.123 0.111111
91834 -27.539 -54.309 45.497 0.666667
91872 -52.789 -29.935 24.889 0.666667
91893 -57.602 -17.452 16.855 0.111111
91918 -56.363 -21.494 15.408 0.111111
91924 -32.610 -46.597 42.945 0.666667
91995 -15.365 -50.832 50.458 0.111111
92001 -17.686 -50.791 49.712 0.111111
92008 -20.594 -52.339 41.513 0.111111
92017 -32.028 -46.706 43.132 0.666667
92033 -33.102 -48.968 42.833 0.888889
92041 -53.106 -20.443 22.380 0.111111
92215 -27.021 -48.585 30.306 0.111111
92234 -45.355 -27.222 33.461 0.555556
92271 -52.854 -28.307 22.114 0.444444
92301 -55.536 -18.430 22.818 0.111111
92338 -53.723 -26.268 28.324 0.666667
92427 -51.493 -29.772 26.227 0.555556
92441 -46.063 -40.040 30.750 0.555556
92466 -52.270 -23.923 26.013 0.333333
92515 -29.924 -53.318 42.992 0.666667
92582 -32.786 -43.211 37.429 0.111111
92610 -23.793 -54.199 46.253 0.666667
92678 -21.532 -53.424 48.330 0.444444
92783 -33.184 -51.387 39.944 0.222222
92832 -43.978 -40.753 29.490 0.111111
92933 -29.062 -53.088 43.582 0.444444
92940 -57.205 -13.259 17.849 0.111111
92977 -46.447 -27.191 31.661 0.333333
93005 -53.627 -29.488 26.919 0.888889
93106 -50.172 -35.519 30.024 0.444444
93111 -35.819 -43.167 40.859 0.444444
93113 -19.119 -52.363 41.989 0.111111
93150 -20.707 -51.881 39.498 0.111111
93158 -30.200 -48.320 43.383 0.222222
93193 -37.602 -42.005 34.994 0.111111
93245 -55.198 -17.848 23.078 0.222222
93275 -54.609 -25.069 18.873 0.111111
93336 -55.487 -13.862 20.998 0.222222
93380 -42.341 -39.926 35.782 0.222222
93429 -33.450 -43.044 41.345 0.555556
93446 -32.327 -43.424 41.696 0.666667
93539 -52.589 -17.243 21.357 0.111111
93595 -39.182 -46.323 38.688 0.555556
93635 -16.101 -51.045 52.058 0.111111
93636 -18.453 -51.329 50.906 0.333333
93814 -23.686 -53.315 42.773 0.222222
93867 -32.384 -47.675 43.197 0.666667
93980 -30.461 -53.519 39.115 0.333333
94075 -16.922 -55.450 48.045 0.444444
94126 -21.833 -53.001 48.572 0.444444
94222 -45.163 -39.262 36.745 0.777778
94234 -33.053 -50.303 40.328 0.222222
94256 -44.009 -37.496 33.093 0.111111
94321 -45.522 -30.569 35.740 0.666667
94446 -45.803 -40.993 31.818 0.666667
94449 -41.642 -42.250 38.052 0.888889
94467 -17.933 -54.350 49.053 0.444444
94488 -55.757 -28.541 19.799 0.111111
94533 -32.256 -43.189 40.201 0.333333
94629 -20.409 -51.326 49.674 0.111111
94633 -45.494 -38.560 28.364 0.111111
94653 -47.723 -31.218 35.777 0.666667
94691 -46.475 -37.684 36.883 1.000000
94707 -56.962 -14.214 19.923 0.222222
94748 -26.540 -52.236 39.594 0.333333
94760 -23.555 -49.280 35.002 0.111111
94767 -54.431 -25.578 18.186 0.111111
94850 -23.817 -53.817 47.164 0.666667
94874 -43.548 -29.046 33.529 0.222222
94878 -13.743 -51.551 52.500 0.111111
95049 -48.576 -37.684 31.598 0.666667
95113 -48.763 -34.852 33.440 0.888889
95134 -17.042 -56.082 49.394 0.222222
95171 -32.299 -53.331 41.199 0.333333
95188 -12.787 -57.110 50.297 0.111111
95469 -25.737 -53.305 41.852 0.444444
95519 -42.394 -43.272 32.376 0.333333
95552 -45.919 -34.597 36.691 0.777778
95569 -29.691 -52.496 43.288 0.444444
95721 -49.878 -28.946 24.725 0.111111
95799 -17.078 -57.877 47.869 0.111111
95816 -15.576 -54.739 43.125 0.222222
95851 -53.118 -19.527 22.181 0.222222
95857 -48.001 -27.203 33.548 0.666667
95936 -50.453 -30.575 31.868 1.000000
95960 -34.776 -49.135 42.660 0.333333
95971 -33.958 -50.788 42.044 0.333333
95996 -52.812 -28.833 14.911 0.111111
96030 -46.234 -34.635 36.602 0.777778
96208 -58.288 -13.509 15.372 0.111111
96215 -18.603 -52.511 42.425 0.111111
96370 -56.286 -28.243 19.894 0.222222
96372 -47.646 -27.887 29.766 0.111111
96433 -42.745 -42.386 31.225 0.111111
96466 -25.409 -53.434 46.890 0.666667
96507 -55.409 -22.602 21.440 0.222222
96548 -51.572 -28.690 15.385 0.111111
96567 -44.349 -44.100 35.510 0.888889
96579 -29.597 -51.666 35.123 0.111111
96728 -46.325 -40.875 32.484 0.666667
96732 -42.976 -41.021 37.257 0.888889
96874 -16.987 -57.912 48.198 0.111111
96890 -29.454 -52.551 38.232 0.333333
96896 -48.253 -26.777 32.144 0.444444
96987 -31.602 -51.790 35.564 0.111111
97005 -45.571 -34.550 26.990 0.111111
97011 -43.814 -30.277 32.093 0.111111
97047 -44.002 -35.307 26.933 0.111111
97102 -27.918 -53.829 41.398 0.444444
97159 -17.153 -54.457 50.609 0.333333
97169 -36.302 -43.371 36.004 0.111111
97207 -19.886 -53.390 46.857 0.666667
97227 -33.453 -42.736 35.228 0.111111
97241 -30.073 -52.690 43.109 0.444444
97287 -50.674 -27.201 20.708 0.111111
97362 -40.355 -46.940 35.095 0.222222
97368 -51.599 -27.269 18.330 0.111111
97417 -42.425 -39.231 34.374 0.222222
97427 -17.961 -53.435 47.608 0.555556
97529 -23.744 -52.387 40.375 0.222222
97537 -50.141 -32.959 30.492 0.666667
97583 -41.242 -42.556 38.332 1.000000
97619 -49.775 -28.074 22.488 0.111111
97623 -44.844 -34.111 26.595 0.111111
97663 -23.418 -48.305 33.352 0.111111
97804 -57.554 -15.000 18.356 0.222222
97805 -56.005 -16.163 22.180 0.111111
97922 -26.837 -51.362 38.144 0.333333
97959 -46.130 -35.770 27.701 0.111111
98019 -46.686 -29.209 22.358 0.111111
98096 -55.263 -29.010 18.658 0.111111
98130 -30.609 -53.594 39.819 0.333333
98148 -48.037 -27.863 33.904 0.666667
98157 -36.629 -46.884 38.868 0.111111
98208 -49.768 -28.812 24.244 0.111111
98287 -55.976 -25.230 19.797 0.111111
98310 -14.860 -59.828 48.214 0.111111
98467 -54.143 -28.354 18.596 0.111111
98628 -17.866 -52.838 44.530 0.222222
98777 -25.968 -53.730 42.644 0.444444
98785 -45.484 -29.567 22.578 0.111111
98800 -44.658 -36.215 36.392 0.555556
98847 -21.937 -51.284 48.308 0.111111
98869 -24.167 -50.754 37.139 0.111111
98899 -55.850 -27.092 22.262 0.333333
98989 -46.075 -33.184 36.382 0.666667
98991 -30.198 -46.583 42.698 0.111111
99014 -56.799 -15.177 19.395 0.222222
99059 -15.430 -55.552 43.206 0.111111
99097 -58.298 -22.672 12.691 0.111111
99116 -18.451 -50.778 49.666 0.111111
99127 -58.946 -13.800 9.020 0.111111
99144 -44.469 -29.542 21.694 0.111111
99164 -55.197 -25.823 18.546 0.111111
99304 -16.036 -50.931 51.855 0.111111
99308 -45.044 -32.957 33.351 0.222222
99312 -48.775 -29.339 26.072 0.111111
99514 -36.505 -40.939 33.499 0.111111
99540 -50.000 -35.071 32.071 0.888889
99609 -53.036 -28.836 22.814 0.444444
99655 -43.596 -44.404 34.233 0.555556
99670 -50.589 -26.857 32.778 0.777778
99696 -24.421 -52.840 41.745 0.333333
99768 -58.743 -10.573 9.011 0.111111
99811 -16.922 -57.691 47.363 0.111111
99841 -49.412 -27.545 28.421 0.333333
99919 -43.823 -38.162 35.563 0.444444
99927 -49.868 -29.126 32.703 0.888889
99930 -57.773 -12.242 8.423 0.111111
99941 -35.273 -41.979 34.500 0.111111
99969 -34.492 -48.750 41.608 0.222222
100064 -31.642 -53.447 38.759 0.222222
100070 -37.285 -43.447 39.505 0.555556
100081 -35.754 -43.896 37.346 0.222222
100083 -32.980 -50.839 42.837 0.777778
100166 -46.488 -41.057 33.794 0.777778
100180 -54.033 -27.034 23.780 0.222222
100224 -23.928 -53.558 43.465 0.444444
100340 -26.785 -49.886 35.641 0.111111
100384 -46.490 -32.863 26.668 0.111111
100388 -23.061 -51.859 38.944 0.222222
100573 -56.944 -26.671 20.851 0.333333
100729 -53.623 -25.422 14.667 0.111111
100749 -53.498 -25.000 18.078 0.111111
100808 -16.347 -54.416 37.843 0.111111
100816 -16.236 -53.701 51.085 0.333333
101032 -23.916 -52.541 41.170 0.222222
101062 -35.992 -43.836 36.646 0.111111
101103 -54.845 -22.901 25.460 0.222222
101122 -56.394 -27.009 21.691 0.333333
101221 -47.630 -32.450 35.985 0.888889
101245 -45.952 -28.306 34.700 0.666667
101334 -48.373 -35.969 28.790 0.222222
101388 -14.782 -60.477 47.762 0.111111
101424 -50.593 -30.744 30.889 0.666667
101820 -33.338 -43.207 40.372 0.222222
101880 -16.363 -53.858 45.676 0.222222
101896 -15.974 -54.448 45.220 0.222222
101905 -27.377 -51.769 38.587 0.333333
102048 -49.155 -26.407 32.515 0.666667
102058 -46.365 -36.427 36.924 0.888889
102062 -23.092 -48.515 29.652 0.111111
102174 -30.745 -53.605 40.843 0.333333
102199 -31.569 -47.672 37.919 0.111111
102225 -15.638 -54.720 42.308 0.222222
102240 -58.508 -12.381 11.192 0.111111
102265 -29.562 -50.515 42.747 0.222222
102357 -48.014 -28.251 28.115 0.222222
102449 -32.826 -53.018 39.637 0.111111
102484 -52.704 -31.582 12.768 0.111111
102492 -30.211 -53.504 39.772 0.333333
102518 -48.136 -27.243 31.105 0.444444
102545 -58.141 -17.496 16.255 0.111111
102614 -34.888 -45.137 42.702 0.888889
102677 -47.538 -31.842 35.980 0.777778
102699 -49.328 -35.212 32.626 0.888889
102712 -35.271 -47.064 40.222 0.222222
102769 -44.927 -33.787 31.470 0.111111
102831 -45.394 -42.401 35.230 1.000000
102837 -55.876 -17.303 20.984 0.333333
102874 -43.166 -44.951 34.633 0.666667
102899 -49.759 -29.413 27.194 0.555556
102903 -56.292 -25.184 20.846 0.333333
102929 -22.483 -53.224 43.705 0.333333
102931 -46.598 -40.843 33.123 0.777778
102952 -26.528 -52.204 45.712 0.222222
102968 -31.790 -53.508 39.359 0.333333
103004 -32.211 -47.088 37.914 0.111111
103065 -52.554 -28.411 16.777 0.111111
103078 -17.926 -52.754 43.810 0.111111
103079 -39.977 -46.516 37.772 0.444444
103082 -23.698 -53.383 47.588 0.666667
103090 -53.069 -27.687 29.370 0.777778
103146 -35.658 -43.107 41.568 0.555556
103304 -19.714 -52.163 41.559 0.111111
103397 -25.587 -53.861 46.593 0.666667
103428 -47.825 -28.528 34.355 0.666667
103515 -31.829 -49.811 43.545 0.555556
103567 -18.796 -53.283 50.868 0.555556
103664 -58.775 -11.437 9.660 0.111111
103665 -49.290 -25.288 24.362 0.111111
103756 -24.203 -52.007 39.278 0.222222
103794 -47.404 -37.530 36.076 1.000000
103803 -25.065 -54.448 44.766 0.555556
103870 -22.914 -52.330 40.083 0.222222
103878 -25.270 -47.905 32.526 0.111111
104017 -31.221 -52.359 42.755 0.666667
104024 -16.876 -50.890 49.688 0.111111
104050 -11.435 -54.772 51.561 0.111111
104059 -50.189 -35.746 31.171 0.777778
104116 -24.079 -48.863 34.539 0.111111
104185 -53.785 -24.437 18.769 0.222222
104254 -18.495 -52.625 43.189 0.222222
104301 -22.335 -52.945 43.104 0.333333
104366 -19.208 -53.631 49.664 0.444444
104370 -36.750 -41.349 34.129 0.111111
104405 -15.650 -59.588 47.515 0.111111
104457 -56.018 -27.269 16.804 0.111111
104496 -52.198 -17.934 21.443 0.111111
104532 -44.272 -26.933 32.435 0.111111
104549 -54.014 -29.966 26.112 0.888889
104641 -49.172 -36.505 30.096 0.555556
104689 -46.223 -39.856 36.277 1.000000
104723 -41.628 -46.505 36.295 0.333333
104740 -54.030 -30.218 24.818 0.666667
104779 -56.371 -17.058 18.178 0.222222
104787 -55.194 -28.690 19.730 0.111111
104804 -17.301 -55.009 50.241 0.333333
104842 -44.693 -39.990 36.785 1.000000
104907 -39.604 -41.623 35.293 0.111111
104909 -26.411 -47.964 30.674 0.111111
104922 -20.722 -53.021 49.534 0.444444
104992 -25.422 -51.889 46.614 0.111111
105024 -42.971 -38.913 34.719 0.333333
105029 -27.787 -54.532 43.659 0.666667
105251 -49.830 -35.215 29.551 0.333333
105297 -36.303 -46.113 41.019 0.666667
105352 -31.184 -49.120 37.293 0.111111
105460 -34.588 -47.084 42.425 0.777778
105467 -15.761 -58.932 48.310 0.111111
105522 -16.621 -52.909 41.089 0.111111
105543 -25.262 -47.631 31.753 0.111111
105590 -36.521 -44.105 41.936 0.888889
105609 -54.662 -18.543 20.029 0.333333
105832 -15.699 -54.546 43.919 0.222222
105919 -55.394 -21.971 21.972 0.222222
105973 -49.442 -36.026 32.292 0.888889
106017 -44.726 -30.502 34.664 0.444444
106073 -31.288 -42.955 40.859 0.111111
106101 -50.261 -30.672 32.162 1.000000
106142 -33.303 -43.222 41.799 0.666667
106246 -45.683 -41.863 33.244 0.777778
106377 -39.155 -45.514 39.548 0.555556
106500 -22.592 -50.222 35.934 0.111111
106588 -58.645 -12.489 10.605 0.111111
106708 -11.681 -55.264 51.314 0.111111
106766 -56.878 -21.900 15.124 0.111111
106835 -33.993 -43.982 42.898 0.777778
106839 -49.200 -33.653 33.152 1.000000
106855 -58.434 -11.784 11.175 0.111111
106873 -37.590 -43.623 40.876 0.888889
106881 -58.382 -13.581 14.584 0.111111
106907 -58.470 -22.242 8.877 0.111111
106918 -16.208 -58.870 48.027 0.111111
106971 -49.484 -30.005 29.213 0.444444
106978 -28.399 -54.517 43.423 0.666667
107008 -40.423 -42.599 38.648 0.888889
107014 -51.360 -24.128 23.157 0.222222
107042 -38.781 -43.488 40.123 0.888889
107073 -50.020 -25.198 24.552 0.222222
107084 -55.559 -26.266 18.310 0.111111
107110 -18.898 -52.697 51.132 0.555556
107124 -33.986 -43.636 42.564 0.666667
107192 -52.993 -28.398 17.350 0.111111
107237 -45.546 -30.252 24.462 0.111111
107257 -42.525 -45.401 34.705 0.444444
107264 -16.710 -52.629 39.138 0.111111
107282 -33.871 -42.943 40.901 0.333333
107283 -54.798 -17.485 18.861 0.333333
107284 -36.305 -46.759 39.393 0.111111
107354 -59.071 -24.579 10.249 0.111111
107379 -32.704 -43.064 40.964 0.333333
107445 -30.745 -49.935 43.543 0.444444
107468 -44.507 -35.399 27.215 0.111111
107484 -52.608 -23.863 16.381 0.111111
107504 -19.776 -51.369 50.268 0.111111
107524 -27.078 -54.250 45.834 0.666667
107540 -53.556 -29.177 27.663 0.777778
107698 -52.779 -28.641 28.981 0.888889
107705 -44.898 -27.057 31.818 0.111111
107718 -21.283 -52.429 41.099 0.111111
107734 -55.170 -14.839 21.812 0.111111
107737 -46.727 -40.575 34.511 1.000000
107740 -31.034 -50.647 43.501 0.444444
107768 -32.193 -47.978 39.062 0.111111
107793 -48.370 -34.950 34.539 1.000000
107875 -43.905 -37.877 34.954 0.222222
107943 -45.706 -27.079 31.932 0.333333
107981 -46.656 -34.610 36.408 0.888889
108012 -33.316 -43.137 36.246 0.111111
108019 -30.669 -44.799 42.311 0.111111
108080 -56.854 -27.015 21.238 0.333333
108138 -48.062 -27.491 30.332 0.333333
108145 -47.421 -38.212 35.829 1.000000
108173 -30.805 -42.687 40.036 0.111111
108229 -48.014 -26.648 32.784 0.666667
108322 -58.039 -29.758 17.679 0.111111
108430 -58.787 -22.129 9.903 0.111111
108472 -56.189 -26.499 19.089 0.111111
108474 -16.532 -57.369 46.680 0.111111
108506 -50.738 -30.369 31.163 1.000000
108549 -56.882 -27.114 20.442 0.222222
108570 -39.825 -41.256 35.035 0.111111
108668 -37.598 -42.727 35.584 0.111111
108698 -45.100 -40.210 36.670 1.000000
108750 -33.204 -43.355 37.060 0.111111
108755 -50.559 -33.823 31.973 0.888889
108991 -47.936 -38.804 32.269 0.555556
109097 -58.231 -22.377 13.980 0.111111
109101 -45.086 -35.183 36.535 0.666667
109112 -45.099 -33.405 33.046 0.222222
109151 -37.263 -41.498 34.406 0.111111
