#!ascii label  , from subject OAS1_0001-3 vox2ras=TkReg 
2081
26051 -7.609 -50.533 52.710 0.222222
26052 -8.032 -50.586 52.940 0.111111
26056 -7.067 -50.855 52.381 0.111111
26061 -6.038 -50.519 51.300 0.111111
26827 -6.951 -50.375 52.255 0.222222
26828 -8.128 -50.240 53.006 0.111111
26837 -6.461 -50.531 51.792 0.111111
26838 -5.853 -50.215 51.158 0.111111
26845 -5.105 -50.016 50.734 0.333333
26855 -4.484 -50.017 50.124 0.222222
26856 -11.945 -50.293 49.634 0.111111
26870 -12.336 -50.583 48.863 0.111111
26871 -11.519 -50.350 48.896 0.222222
26872 -13.191 -50.756 48.977 0.111111
26886 -11.923 -50.435 48.152 0.222222
26887 -12.888 -50.811 48.033 0.111111
26888 -12.342 -50.194 47.398 0.333333
26900 -13.128 -50.400 47.140 0.222222
26901 -13.914 -50.572 46.651 0.222222
26902 -13.172 -50.007 46.383 0.222222
26903 -15.154 -51.056 47.193 0.111111
26913 -14.762 -50.771 46.543 0.111111
27646 -7.500 -50.164 52.650 0.222222
27647 -7.974 -49.879 53.036 0.111111
27651 -6.290 -50.145 51.624 0.444444
27652 -6.788 -49.876 52.083 0.333333
27653 -7.358 -49.606 52.389 0.333333
27654 -8.218 -49.438 52.358 0.111111
27655 -7.453 -49.092 51.763 0.333333
27656 -9.238 -49.514 52.373 0.111111
27660 -5.502 -49.920 50.920 0.444444
27661 -6.078 -49.765 51.229 0.444444
27662 -8.172 -48.972 51.239 0.222222
27663 -9.044 -49.253 50.638 0.111111
27664 -9.796 -49.462 51.298 0.111111
27665 -10.636 -49.858 50.607 0.111111
27667 -3.972 -49.561 49.672 0.333333
27668 -3.285 -49.150 49.433 0.111111
27669 -3.824 -48.920 49.579 0.222222
27670 -4.714 -49.627 49.952 0.333333
27671 -9.081 -49.378 49.677 0.555556
27672 -8.265 -49.003 50.094 0.444444
27673 -9.755 -49.667 49.362 0.555556
27674 -11.030 -50.098 49.606 0.222222
27675 -2.826 -49.089 49.200 0.111111
27676 -9.107 -49.438 48.844 0.777778
27677 -8.380 -49.143 49.098 0.666667
27678 -9.813 -49.654 48.597 0.666667
27679 -10.491 -49.861 48.432 0.666667
27682 -9.204 -49.232 47.977 0.777778
27683 -8.123 -48.565 47.617 0.666667
27684 -10.003 -49.542 47.834 0.777778
27685 -10.696 -49.768 47.819 0.555556
27686 -11.416 -49.852 47.461 0.555556
27692 -8.780 -48.724 47.308 0.777778
27693 -9.549 -48.952 47.222 0.777778
27694 -10.717 -48.756 46.300 0.777778
27695 -11.977 -49.626 46.774 0.444444
27696 -12.628 -49.917 46.760 0.222222
27697 -17.727 -50.373 46.354 0.111111
27705 -11.624 -48.954 46.244 0.666667
27706 -12.475 -49.405 46.127 0.555556
27707 -11.943 -48.663 45.515 0.777778
27708 -13.753 -50.110 45.858 0.222222
27709 -15.090 -50.436 45.853 0.111111
27711 -17.105 -50.196 45.624 0.111111
27712 -18.012 -49.984 45.649 0.111111
27713 -18.915 -49.951 45.703 0.111111
27720 -13.625 -49.540 45.120 0.444444
27721 -15.312 -49.864 45.015 0.222222
27722 -14.442 -49.539 44.796 0.333333
27723 -16.433 -49.924 44.780 0.222222
27724 -17.467 -49.926 44.829 0.222222
27725 -18.374 -49.814 44.845 0.111111
27726 -19.252 -49.753 44.824 0.111111
27727 -20.113 -49.828 44.762 0.111111
27736 -15.751 -49.511 44.296 0.222222
27737 -17.040 -49.569 44.131 0.555556
27738 -17.864 -49.560 44.165 0.222222
27739 -17.462 -49.254 43.546 0.333333
27740 -20.447 -49.695 44.022 0.111111
27756 -18.525 -49.196 43.329 0.333333
27757 -20.059 -49.422 43.324 0.222222
27759 -20.684 -49.337 42.625 0.111111
28370 -6.750 -49.222 51.624 0.333333
28371 -5.257 -49.381 50.088 0.555556
28372 -6.107 -49.190 50.412 0.555556
28373 -7.213 -48.891 50.620 0.444444
28374 -2.806 -48.524 49.444 0.111111
28375 -3.227 -48.317 49.670 0.222222
28376 -4.442 -48.658 49.589 0.333333
28377 -3.862 -48.019 49.683 0.222222
28378 -5.624 -48.635 49.541 0.555556
28379 -6.530 -48.739 49.464 0.666667
28380 -7.492 -48.862 49.312 0.666667
28381 -2.576 -48.612 48.996 0.111111
28382 -2.576 -47.730 49.118 0.111111
28383 -2.615 -47.998 49.485 0.111111
28384 -4.758 -47.729 49.544 0.555556
28385 -5.612 -47.828 49.095 0.666667
28386 -6.908 -48.318 48.474 0.666667
28387 -6.363 -47.624 48.453 0.666667
28390 -7.099 -47.592 47.853 0.666667
28391 -7.796 -48.717 48.400 0.666667
28393 -7.676 -47.943 47.297 0.777778
28394 -9.016 -48.367 46.652 0.777778
28395 -8.301 -48.179 46.914 0.777778
28396 -9.821 -48.588 46.439 0.666667
28399 -8.727 -47.620 46.506 0.777778
28400 -9.388 -47.765 46.114 0.777778
28401 -9.704 -47.168 45.455 0.888889
28402 -10.492 -47.357 44.971 0.777778
28403 -11.443 -47.862 44.932 0.777778
28404 -11.086 -47.257 44.336 0.777778
28405 -12.753 -49.095 45.326 0.555556
28406 -13.914 -49.066 44.360 0.444444
28408 -11.836 -47.574 44.263 0.777778
28409 -12.669 -47.962 44.139 0.777778
28410 -13.423 -48.413 43.883 0.777778
28411 -12.941 -47.580 43.340 0.888889
28412 -15.712 -49.095 43.490 0.666667
28413 -16.651 -49.214 43.458 0.666667
28423 -13.800 -48.187 43.176 0.777778
28424 -14.686 -48.689 43.049 0.777778
28425 -14.120 -47.930 42.436 0.777778
28426 -16.227 -48.902 42.718 0.666667
28427 -17.125 -48.949 42.829 0.555556
28428 -17.941 -49.016 43.036 0.333333
28429 -18.658 -48.945 42.610 0.222222
28430 -19.645 -49.046 42.498 0.222222
28439 -14.929 -48.239 42.180 0.777778
28440 -15.809 -48.381 42.071 0.666667
28441 -16.725 -48.509 42.104 0.555556
28442 -17.733 -48.662 42.185 0.333333
28443 -17.981 -48.391 41.329 0.444444
28444 -19.050 -48.809 41.979 0.222222
28445 -19.536 -48.860 41.704 0.222222
28446 -20.249 -48.974 41.800 0.111111
28447 -21.861 -49.187 41.621 0.111111
28448 -22.664 -49.162 41.446 0.111111
28455 -18.883 -48.679 41.121 0.222222
28456 -19.831 -48.814 41.048 0.222222
28457 -19.403 -48.512 40.368 0.333333
28458 -20.653 -48.992 41.018 0.111111
28459 -22.040 -48.964 40.829 0.111111
28471 -20.249 -48.683 40.282 0.333333
28472 -21.236 -48.807 40.251 0.111111
28473 -20.616 -48.466 39.464 0.333333
28474 -22.281 -48.747 39.888 0.111111
28479 -26.432 -48.027 39.309 0.111111
28488 -21.494 -48.539 39.295 0.111111
28489 -22.189 -48.500 39.097 0.222222
29109 -2.846 -47.736 49.808 0.222222
29110 -2.696 -47.180 49.745 0.222222
29111 -3.060 -46.795 50.140 0.111111
29112 -4.203 -47.104 49.844 0.333333
29113 -5.056 -46.844 49.728 0.444444
29125 -2.808 -46.783 49.209 0.111111
29126 -5.457 -47.226 49.259 0.777778
29127 -6.024 -47.134 48.715 0.666667
29138 -2.814 -47.232 48.358 0.111111
29139 -6.638 -47.050 48.184 0.666667
29145 -3.052 -47.639 47.471 0.111111
29146 -7.216 -46.976 47.747 0.666667
29147 -8.098 -47.428 46.941 0.888889
29148 -7.571 -47.377 47.425 0.777778
29151 -8.623 -47.020 46.563 0.777778
29152 -9.140 -46.877 46.031 0.888889
29154 -10.112 -46.565 45.038 0.777778
29155 -10.753 -46.594 44.377 0.888889
29156 -12.186 -47.343 43.712 0.888889
29164 -11.477 -46.879 43.794 0.888889
29165 -12.219 -46.766 43.266 0.888889
29166 -12.921 -46.702 42.653 0.888889
29174 -13.604 -47.052 42.095 0.777778
29175 -15.310 -47.717 41.532 0.777778
29176 -14.389 -47.417 41.714 0.777778
29177 -16.232 -47.935 41.451 0.666667
29178 -17.146 -48.160 41.448 0.555556
29188 -14.816 -46.824 41.124 0.888889
29189 -15.733 -47.197 40.939 0.777778
29190 -16.688 -47.529 40.713 0.666667
29191 -16.086 -46.700 40.298 0.777778
29192 -17.479 -47.959 40.822 0.555556
29193 -18.879 -47.992 39.787 0.444444
29194 -28.860 -46.532 40.594 0.111111
29202 -16.838 -46.985 39.948 0.777778
29203 -18.022 -47.542 39.640 0.666667
29204 -17.088 -46.548 39.334 0.777778
29205 -19.753 -48.284 39.616 0.555556
29206 -28.307 -47.081 39.906 0.111111
29215 -17.746 -46.923 39.076 0.666667
29216 -18.557 -47.370 38.877 0.666667
29217 -18.081 -46.581 38.455 0.777778
29218 -20.060 -48.035 38.819 0.444444
29219 -20.928 -48.196 38.656 0.222222
29220 -21.770 -48.252 38.564 0.333333
29221 -22.578 -48.275 38.593 0.222222
29222 -23.987 -48.139 38.686 0.222222
29223 -24.901 -47.919 38.685 0.222222
29224 -25.922 -47.655 38.647 0.111111
29225 -26.741 -47.035 38.500 0.111111
29226 -27.489 -46.715 38.769 0.111111
29237 -18.696 -46.865 38.207 0.666667
29238 -19.423 -47.392 38.278 0.666667
29239 -21.302 -47.776 37.975 0.666667
29240 -19.969 -46.945 37.536 0.666667
29241 -22.199 -47.874 37.951 0.222222
29242 -23.227 -47.909 38.091 0.333333
29243 -24.263 -47.687 38.063 0.222222
29244 -25.154 -47.416 38.089 0.222222
29245 -25.315 -47.025 37.534 0.222222
29246 -25.900 -46.989 38.021 0.111111
29258 -20.828 -47.247 37.345 0.666667
29259 -21.699 -47.416 37.254 0.777778
29260 -22.655 -47.460 37.301 0.666667
29261 -23.661 -47.393 37.380 0.222222
29262 -24.606 -47.239 37.444 0.333333
29858 -6.638 -44.939 51.221 0.111111
29867 -4.906 -46.154 50.303 0.333333
29868 -4.757 -45.521 50.471 0.111111
29869 -5.697 -45.215 50.685 0.222222
29870 -5.968 -45.461 50.594 0.222222
29871 -6.500 -45.764 50.365 0.111111
29878 -2.839 -45.676 50.025 0.111111
29879 -2.909 -46.113 50.207 0.111111
29880 -3.705 -45.716 50.391 0.111111
29881 -5.867 -46.542 49.398 0.555556
29882 -6.837 -46.210 49.565 0.444444
29883 -7.900 -46.247 49.752 0.111111
29884 -8.864 -46.459 49.357 0.111111
29890 -3.103 -45.749 49.356 0.111111
29891 -6.534 -46.662 48.735 0.555556
29892 -7.880 -46.323 48.740 0.444444
29893 -8.537 -46.348 48.299 0.111111
29894 -9.462 -46.414 48.640 0.111111
29902 -3.081 -46.243 48.461 0.111111
29903 -7.734 -46.541 47.917 0.555556
29904 -8.256 -46.490 47.580 0.444444
29905 -8.995 -46.234 47.585 0.666667
29906 -10.744 -46.046 48.058 0.111111
29918 -7.809 -46.913 47.349 0.777778
29919 -8.367 -46.674 46.992 0.777778
29920 -8.999 -46.400 46.652 0.666667
29921 -10.690 -45.793 46.861 0.222222
29922 -11.853 -45.605 46.907 0.111111
29923 -10.992 -45.461 46.129 0.222222
29926 -14.945 -45.167 47.627 0.111111
29933 -9.953 -45.911 45.329 0.666667
29934 -9.528 -45.953 46.067 0.777778
29936 -13.515 -45.251 46.796 0.111111
29937 -14.322 -44.961 46.755 0.111111
29938 -15.280 -44.823 47.092 0.111111
29940 -10.382 -46.077 44.783 0.777778
29941 -11.257 -46.191 43.867 0.888889
29950 -11.784 -46.310 43.492 0.888889
29951 -12.292 -45.933 42.950 0.888889
29957 -12.878 -45.835 42.421 0.888889
29958 -13.248 -46.237 42.040 0.888889
29966 -13.850 -46.296 41.454 0.888889
29967 -14.531 -45.732 41.015 0.888889
29968 -15.280 -46.270 40.614 0.888889
29979 -15.730 -45.716 40.105 0.888889
29980 -16.426 -46.181 39.695 0.888889
29981 -28.529 -46.194 39.899 0.111111
29994 -16.795 -45.685 39.125 0.777778
29995 -17.419 -46.161 38.731 0.888889
29996 -27.224 -46.207 38.297 0.111111
29997 -27.944 -46.068 38.747 0.111111
29998 -28.044 -46.629 39.256 0.111111
30009 -17.810 -45.715 38.196 0.777778
30010 -19.120 -46.589 37.683 0.666667
30011 -18.426 -46.157 37.908 0.777778
30012 -25.800 -46.487 37.264 0.333333
30013 -26.512 -46.400 37.866 0.222222
30025 -18.824 -45.680 37.388 0.888889
30026 -19.572 -46.108 37.062 0.888889
30027 -21.223 -46.818 36.654 0.777778
30028 -20.415 -46.500 36.851 0.777778
30029 -22.110 -46.951 36.607 0.777778
30030 -23.089 -46.936 36.680 0.777778
30031 -24.078 -46.854 36.813 0.333333
30032 -24.990 -46.768 36.924 0.333333
30033 -25.325 -46.177 36.501 0.333333
30046 -20.815 -46.035 36.200 0.888889
30047 -21.623 -46.268 36.066 0.777778
30048 -22.533 -46.349 36.044 0.777778
30049 -23.514 -46.338 36.140 0.777778
30050 -24.480 -46.293 36.291 0.666667
30619 -3.946 -44.642 50.424 0.111111
30623 -3.320 -44.795 49.773 0.111111
30624 -3.314 -45.263 50.196 0.111111
30627 -3.471 -44.674 49.044 0.111111
30637 -3.844 -44.407 47.267 0.111111
30639 -10.200 -45.619 45.952 0.555556
30648 -10.712 -45.524 45.219 0.555556
30649 -11.882 -45.314 45.811 0.111111
30650 -13.021 -45.268 46.017 0.111111
30651 -14.138 -44.846 45.951 0.111111
30652 -14.881 -44.713 46.307 0.111111
30653 -15.675 -44.493 46.601 0.111111
30662 -10.856 -45.857 44.377 0.888889
30663 -11.485 -45.344 44.749 0.666667
30664 -12.454 -45.046 45.124 0.333333
30665 -13.870 -44.580 45.152 0.333333
30666 -14.641 -44.529 45.546 0.222222
30667 -15.299 -44.406 45.894 0.111111
30668 -16.083 -43.900 45.912 0.111111
30674 -11.788 -45.764 43.569 0.666667
30675 -12.992 -44.770 44.481 0.444444
30676 -13.137 -44.602 43.537 0.444444
30677 -13.633 -44.435 44.319 0.444444
30678 -14.288 -44.186 44.693 0.444444
30679 -15.207 -43.911 45.078 0.111111
30688 -12.819 -45.148 42.751 0.555556
30696 -13.370 -45.318 42.021 0.777778
30697 -13.457 -44.463 42.738 0.555556
30698 -13.982 -44.374 41.926 0.666667
30704 -14.397 -44.667 41.116 0.666667
30705 -15.030 -45.142 40.574 0.777778
30714 -15.594 -44.576 40.162 0.777778
30715 -16.172 -45.164 39.585 0.777778
30716 -28.656 -45.258 39.854 0.111111
30722 -16.657 -44.601 39.095 0.777778
30723 -17.206 -45.185 38.570 0.777778
30724 -28.304 -44.480 38.701 0.111111
30725 -28.363 -45.321 38.981 0.111111
30730 -17.690 -44.685 38.108 0.777778
30731 -18.194 -45.225 37.723 0.888889
30732 -27.032 -45.640 37.705 0.111111
30733 -27.764 -45.340 38.280 0.111111
30738 -19.201 -44.946 36.791 0.888889
30739 -19.877 -44.612 36.208 0.888889
30740 -25.999 -45.832 36.725 0.333333
30741 -26.680 -45.424 36.901 0.333333
30742 -27.386 -44.966 37.240 0.222222
30748 -21.188 -45.563 35.613 0.777778
30749 -20.496 -45.215 35.851 0.888889
30750 -21.999 -45.719 35.467 0.777778
30751 -22.946 -45.778 35.446 0.777778
30752 -23.954 -45.758 35.608 0.666667
30753 -24.901 -45.747 35.798 0.555556
30754 -25.468 -45.153 35.386 0.555556
30755 -26.186 -45.268 36.144 0.444444
30765 -20.912 -44.882 35.426 0.888889
30766 -21.578 -44.980 35.154 0.777778
30767 -22.463 -45.048 34.994 0.777778
30768 -23.431 -45.119 34.941 0.777778
30769 -24.451 -45.195 35.072 0.555556
31355 -3.749 -43.701 49.821 0.111111
31361 -3.912 -43.579 47.693 0.111111
31372 -16.784 -43.481 45.385 0.111111
31381 -13.890 -44.197 43.680 0.444444
31382 -14.665 -43.772 43.991 0.444444
31383 -15.516 -43.442 44.131 0.333333
31400 -14.242 -43.934 42.943 0.555556
31401 -15.037 -43.508 43.221 0.444444
31402 -15.733 -43.198 43.395 0.444444
31403 -16.312 -43.035 44.059 0.444444
31417 -14.545 -43.970 41.481 0.666667
31418 -14.676 -43.697 42.257 0.666667
31428 -14.996 -43.993 40.816 0.666667
31435 -16.211 -44.047 39.767 0.777778
31441 -17.225 -44.054 38.656 0.666667
31442 -28.234 -43.446 38.524 0.111111
31443 -28.567 -43.758 39.328 0.111111
31447 -18.214 -44.208 37.752 0.777778
31448 -27.898 -44.447 37.885 0.111111
31453 -19.378 -43.877 36.647 0.777778
31454 -26.957 -44.632 36.375 0.222222
31455 -27.776 -44.156 37.028 0.222222
31460 -20.486 -44.343 35.738 0.888889
31461 -26.256 -44.653 35.519 0.444444
31462 -26.849 -43.963 35.643 0.333333
31463 -27.461 -43.667 36.368 0.222222
31469 -22.001 -44.275 34.688 0.888889
31470 -22.194 -43.540 34.578 0.888889
31471 -22.919 -44.337 34.343 0.888889
31472 -23.964 -44.523 34.374 0.777778
31473 -24.954 -44.605 34.566 0.666667
31474 -25.483 -43.914 34.252 0.555556
31475 -26.231 -44.026 34.933 0.444444
31484 -23.640 -43.702 33.991 0.888889
31485 -24.521 -43.896 34.026 0.666667
32054 -15.433 -43.252 42.539 0.444444
32055 -17.093 -42.246 42.896 0.222222
32056 -18.118 -42.101 42.959 0.222222
32067 -15.126 -43.506 41.642 0.666667
32068 -15.806 -42.935 41.874 0.555556
32069 -16.587 -42.343 42.013 0.333333
32070 -18.165 -41.903 41.818 0.111111
32084 -15.767 -43.575 40.481 0.666667
32085 -18.170 -42.116 40.847 0.222222
32086 -19.060 -42.166 40.763 0.111111
32087 -19.876 -42.406 40.953 0.111111
32101 -16.867 -43.461 39.418 0.777778
32102 -19.370 -42.357 39.829 0.222222
32103 -20.128 -42.432 40.336 0.222222
32107 -28.889 -43.197 39.841 0.111111
32117 -17.913 -43.653 38.332 0.666667
32118 -18.985 -43.038 38.031 0.444444
32119 -20.042 -42.604 39.479 0.333333
32120 -20.428 -42.425 39.089 0.111111
32121 -20.865 -42.088 39.134 0.222222
32122 -21.316 -41.760 39.127 0.222222
32123 -28.572 -43.092 39.188 0.111111
32135 -18.797 -43.754 37.311 0.777778
32136 -19.577 -42.999 37.270 0.555556
32137 -20.492 -42.428 38.115 0.444444
32138 -21.051 -42.205 37.507 0.555556
32139 -21.066 -42.024 38.417 0.333333
32140 -28.001 -42.733 37.950 0.111111
32141 -28.415 -42.847 38.757 0.111111
32155 -20.385 -42.709 36.889 0.555556
32156 -21.073 -42.672 36.388 0.666667
32157 -27.869 -43.211 37.126 0.222222
32167 -20.702 -43.464 35.812 0.777778
32168 -21.285 -43.113 35.431 0.777778
32169 -27.341 -43.055 35.695 0.222222
32178 -26.293 -43.374 34.436 0.555556
32179 -26.887 -42.778 34.899 0.333333
32188 -22.863 -43.449 34.184 0.888889
32189 -24.224 -43.112 33.664 0.888889
32190 -23.560 -42.836 33.789 0.888889
32191 -24.927 -43.351 33.806 0.888889
32192 -25.652 -43.079 33.833 0.666667
32193 -26.431 -42.575 34.109 0.555556
32198 -24.249 -42.303 33.462 0.888889
32199 -24.922 -42.662 33.495 0.666667
32838 -22.311 -40.992 39.312 0.333333
32839 -28.905 -42.616 39.365 0.111111
32852 -21.514 -41.889 38.161 0.555556
32853 -22.068 -41.751 37.883 0.555556
32854 -22.501 -40.916 38.404 0.333333
32855 -28.275 -42.452 37.491 0.111111
32856 -28.411 -42.345 38.215 0.111111
32868 -21.725 -42.144 37.188 0.555556
32869 -22.278 -41.860 36.951 0.666667
32870 -28.000 -42.636 37.034 0.222222
32879 -21.908 -42.375 36.025 0.777778
32880 -22.475 -42.203 35.138 0.888889
32881 -27.846 -42.333 36.087 0.222222
32894 -22.430 -42.909 34.557 0.888889
32895 -23.059 -41.634 34.644 0.888889
32896 -26.990 -42.084 34.678 0.444444
32897 -27.422 -42.279 35.370 0.333333
32898 -32.028 -42.558 35.584 0.111111
32899 -32.775 -42.479 35.030 0.111111
32900 -31.988 -41.959 34.771 0.222222
32916 -23.544 -41.840 33.835 0.888889
32917 -25.769 -42.229 33.519 0.666667
32918 -26.483 -41.726 33.896 0.666667
32919 -32.792 -42.026 34.438 0.111111
32920 -33.568 -42.255 34.555 0.111111
32927 -24.337 -41.385 33.400 0.888889
32928 -25.016 -41.837 33.203 0.888889
33534 -22.574 -40.759 40.192 0.111111
33539 -22.608 -40.324 39.581 0.111111
33540 -29.126 -42.248 38.976 0.111111
33541 -29.582 -42.232 38.851 0.111111
33545 -22.509 -41.226 37.619 0.444444
33546 -22.571 -40.388 38.757 0.333333
33547 -28.542 -42.210 37.717 0.111111
33548 -29.058 -41.873 37.996 0.111111
33549 -29.595 -42.095 38.075 0.111111
33557 -22.720 -40.485 37.040 0.555556
33558 -28.405 -42.382 36.786 0.222222
33559 -28.736 -42.268 36.915 0.111111
33560 -29.626 -42.103 37.227 0.111111
33561 -29.104 -41.953 36.627 0.111111
33562 -30.388 -42.271 36.895 0.111111
33573 -22.660 -41.287 36.595 0.777778
33574 -23.012 -40.572 36.036 0.777778
33575 -27.928 -42.216 35.773 0.222222
33576 -29.645 -41.940 36.387 0.111111
33577 -30.411 -42.089 36.163 0.222222
33578 -29.918 -41.679 35.697 0.222222
33586 -26.851 -41.206 34.286 0.444444
33587 -27.729 -41.460 34.954 0.333333
33588 -31.146 -41.657 34.703 0.222222
33589 -30.292 -41.508 34.978 0.222222
33591 -36.695 -41.850 34.655 0.111111
33605 -23.731 -40.952 34.013 0.888889
33606 -26.580 -40.918 33.856 0.444444
33607 -30.653 -41.244 34.253 0.222222
33608 -31.583 -41.505 34.083 0.222222
33609 -31.214 -40.981 33.423 0.222222
33610 -32.391 -41.680 33.984 0.222222
33620 -24.267 -40.315 33.517 0.888889
33621 -25.065 -40.905 33.125 0.888889
33622 -25.831 -41.343 33.423 0.666667
33623 -32.015 -41.318 33.513 0.222222
33624 -32.745 -41.338 33.369 0.333333
33625 -33.607 -41.343 33.317 0.222222
33626 -34.508 -41.249 33.356 0.222222
34232 -22.670 -39.656 40.019 0.111111
34234 -22.650 -39.624 39.002 0.222222
34243 -23.015 -39.709 36.517 0.555556
34244 -28.333 -42.173 36.113 0.222222
34245 -28.512 -41.987 35.933 0.222222
34255 -23.197 -39.765 35.445 0.777778
34256 -28.061 -41.810 35.326 0.222222
34257 -28.179 -41.604 35.091 0.222222
34258 -29.123 -41.640 35.676 0.222222
34267 -23.417 -39.811 34.616 0.888889
34268 -27.291 -40.528 34.053 0.444444
34269 -27.597 -40.997 34.443 0.444444
34270 -27.973 -41.089 34.745 0.333333
34271 -28.269 -40.916 34.602 0.444444
34272 -28.662 -41.197 34.765 0.222222
34273 -28.279 -40.526 34.204 0.333333
34287 -23.738 -39.396 33.962 0.888889
34288 -26.824 -40.229 33.795 0.555556
34289 -29.076 -40.533 34.104 0.444444
34290 -30.091 -40.721 33.753 0.444444
34291 -37.318 -41.030 33.904 0.111111
34292 -38.092 -40.758 33.713 0.111111
34293 -38.903 -40.466 33.655 0.111111
34299 -24.440 -39.431 33.422 0.888889
34300 -25.107 -39.935 33.171 0.888889
34301 -25.919 -40.446 33.398 0.777778
34302 -31.361 -40.581 32.717 0.444444
34303 -30.581 -40.478 32.904 0.666667
34304 -32.144 -40.854 32.879 0.444444
34305 -33.136 -40.892 32.779 0.333333
34306 -34.052 -40.897 32.734 0.333333
34307 -34.989 -40.826 32.737 0.222222
34308 -35.919 -40.637 32.814 0.222222
34309 -37.384 -40.613 33.151 0.222222
34310 -38.300 -40.213 32.893 0.111111
34316 -31.032 -40.079 32.327 0.555556
34317 -31.847 -40.238 32.266 0.444444
34318 -32.697 -40.414 32.214 0.444444
34319 -33.595 -40.476 32.141 0.444444
34320 -34.497 -40.421 32.145 0.222222
34321 -35.416 -40.280 32.182 0.333333
34322 -36.336 -40.239 32.184 0.333333
34323 -37.352 -40.209 32.242 0.333333
35021 -22.622 -38.567 40.395 0.111111
35025 -22.670 -38.762 39.326 0.111111
35030 -22.679 -38.556 38.436 0.222222
35034 -23.020 -38.909 37.039 0.555556
35043 -23.220 -38.809 35.940 0.666667
35051 -23.370 -39.051 34.864 0.888889
35052 -27.639 -40.579 34.098 0.444444
35053 -28.064 -40.345 34.091 0.444444
35068 -27.196 -39.847 33.776 0.555556
35069 -27.630 -39.855 33.832 0.444444
35070 -28.018 -39.822 33.940 0.444444
35071 -29.617 -40.021 33.238 0.444444
35072 -28.680 -39.863 33.777 0.444444
35079 -24.224 -38.632 33.600 0.888889
35080 -25.210 -38.913 33.212 0.888889
35081 -26.050 -39.649 33.357 0.888889
35082 -29.035 -39.394 33.163 0.555556
35083 -38.980 -39.764 32.253 0.222222
35090 -29.633 -39.280 32.379 0.777778
35091 -31.483 -39.617 31.734 0.555556
35092 -30.596 -39.430 31.942 0.777778
35093 -32.364 -39.780 31.680 0.444444
35094 -33.180 -39.924 31.634 0.444444
35095 -34.028 -40.017 31.523 0.444444
35096 -34.921 -39.970 31.536 0.222222
35097 -35.824 -39.943 31.525 0.333333
35098 -36.760 -39.949 31.466 0.333333
35099 -37.678 -39.815 31.350 0.333333
35100 -39.598 -39.251 31.750 0.222222
35101 -40.384 -39.066 32.182 0.111111
35106 -31.022 -38.916 31.146 0.777778
35107 -32.064 -39.004 31.052 0.666667
35108 -32.831 -39.429 31.154 0.444444
35109 -32.933 -38.901 30.484 0.666667
35110 -34.423 -39.648 30.863 0.444444
35111 -35.318 -39.701 30.820 0.444444
35112 -36.222 -39.660 30.822 0.333333
35113 -37.096 -39.608 30.757 0.333333
35114 -37.895 -39.335 30.629 0.222222
35115 -38.655 -39.425 31.291 0.222222
35119 -33.895 -39.057 30.331 0.444444
35120 -34.818 -39.120 30.337 0.444444
35121 -35.714 -39.196 30.285 0.444444
35122 -36.578 -39.196 30.261 0.333333
35746 -22.693 -37.977 39.752 0.111111
35756 -22.663 -37.848 39.034 0.111111
35768 -22.953 -38.133 37.596 0.222222
35779 -23.266 -38.102 36.694 0.444444
35790 -23.385 -37.970 35.957 0.666667
35795 -23.441 -38.189 35.188 0.888889
35807 -23.686 -38.420 34.316 0.888889
35808 -24.165 -37.787 33.937 0.888889
35809 -27.237 -38.986 33.546 0.444444
35810 -27.818 -39.030 33.615 0.444444
35811 -28.397 -39.187 33.475 0.666667
35818 -24.772 -37.952 33.338 0.888889
35819 -26.625 -38.055 33.350 0.888889
35820 -27.416 -37.967 33.269 0.888889
35821 -28.157 -38.359 33.099 0.777778
35822 -27.826 -37.527 32.552 0.777778
35827 -28.437 -38.042 32.100 0.777778
35828 -30.058 -38.762 31.421 0.777778
35829 -29.208 -38.455 31.762 0.777778
35830 -40.233 -38.885 31.405 0.222222
35832 -41.892 -38.367 31.381 0.111111
35836 -30.528 -38.195 30.629 0.777778
35837 -29.732 -37.938 30.924 0.777778
35838 -31.462 -38.300 30.349 0.777778
35839 -32.210 -38.535 30.310 0.666667
35840 -37.301 -39.124 30.275 0.333333
35841 -38.615 -38.863 30.445 0.222222
35842 -40.562 -38.554 30.781 0.222222
35843 -41.449 -38.249 30.735 0.111111
35849 -30.281 -37.473 30.458 0.777778
35850 -30.929 -37.560 30.164 0.777778
35851 -32.053 -38.068 29.936 0.888889
35852 -31.622 -37.574 29.816 0.888889
35853 -32.591 -38.332 29.937 0.777778
35854 -34.317 -38.571 29.772 0.555556
35855 -35.207 -38.609 29.796 0.555556
35856 -36.096 -38.686 29.729 0.555556
35857 -36.975 -38.671 29.783 0.444444
35858 -37.899 -38.681 29.971 0.333333
35859 -38.440 -37.937 29.554 0.222222
35860 -39.116 -38.294 30.090 0.222222
35861 -40.008 -38.132 30.246 0.222222
35866 -32.481 -37.610 29.480 0.888889
35867 -33.382 -37.577 29.165 0.888889
35868 -34.697 -38.019 29.310 0.666667
35869 -35.556 -38.045 29.261 0.666667
35870 -36.472 -38.052 29.261 0.555556
35871 -37.424 -38.030 29.379 0.444444
36513 -22.872 -37.055 38.727 0.222222
36523 -23.211 -37.265 37.909 0.333333
36532 -23.410 -37.331 36.375 0.444444
36533 -32.364 -35.897 37.864 0.111111
36549 -23.556 -37.383 35.532 0.555556
36551 -32.518 -35.497 36.521 0.111111
36562 -23.944 -36.716 35.090 0.777778
36584 -24.325 -36.930 34.276 0.888889
36598 -24.770 -36.687 33.805 0.888889
36599 -25.244 -37.176 33.357 0.888889
36600 -26.666 -37.058 33.056 0.888889
36601 -27.301 -37.069 32.725 0.888889
36602 -27.066 -36.319 32.496 0.777778
36609 -27.635 -36.645 32.127 0.777778
36610 -28.975 -37.548 31.335 0.777778
36611 -28.225 -37.096 31.700 0.666667
36618 -28.910 -36.525 31.129 0.777778
36624 -30.606 -36.889 30.186 0.888889
36625 -31.202 -37.044 29.830 0.888889
36626 -39.525 -37.503 29.584 0.222222
36627 -40.540 -37.519 29.917 0.222222
36628 -41.214 -36.949 29.739 0.111111
36634 -31.767 -36.945 29.496 0.888889
36635 -32.410 -36.830 29.240 0.888889
36636 -32.921 -37.057 29.047 0.888889
36637 -33.104 -36.534 28.885 0.888889
36638 -34.138 -37.485 28.886 0.888889
36639 -34.963 -37.463 28.728 0.888889
36640 -35.858 -37.468 28.671 0.777778
36641 -36.845 -37.363 28.721 0.555556
36642 -37.808 -37.304 29.013 0.555556
36643 -38.696 -37.048 29.089 0.555556
36644 -39.509 -36.596 29.093 0.333333
36645 -40.345 -36.762 29.450 0.222222
36648 -33.566 -36.958 28.727 0.888889
36649 -34.382 -36.842 28.443 0.888889
36650 -35.249 -36.837 28.253 0.888889
36651 -36.796 -36.692 28.269 0.888889
36652 -38.073 -36.641 28.556 0.555556
37333 -24.501 -34.935 42.605 0.111111
37364 -24.138 -35.256 41.181 0.111111
37365 -25.657 -34.463 41.560 0.111111
37366 -26.694 -34.584 41.963 0.111111
37385 -23.056 -36.109 39.187 0.111111
37386 -30.907 -34.975 38.765 0.111111
37390 -23.315 -36.400 38.234 0.222222
37391 -23.811 -35.853 37.592 0.222222
37392 -30.776 -34.692 37.895 0.111111
37393 -29.925 -34.716 38.532 0.111111
37400 -23.640 -36.643 36.882 0.444444
37401 -24.074 -35.846 36.587 0.333333
37402 -31.136 -34.161 36.990 0.222222
37403 -30.178 -34.018 37.178 0.222222
37404 -31.774 -35.032 37.492 0.111111
37415 -23.686 -36.598 35.988 0.444444
37416 -24.204 -35.897 35.570 0.555556
37417 -31.911 -34.727 36.609 0.222222
37418 -31.123 -34.279 36.174 0.222222
37424 -24.524 -36.041 34.651 0.777778
37425 -32.089 -34.899 35.884 0.222222
37426 -31.398 -34.331 35.478 0.222222
37446 -24.924 -36.026 34.025 0.777778
37447 -25.010 -35.234 34.384 0.777778
37448 -32.057 -34.476 35.032 0.222222
37449 -32.640 -34.678 34.672 0.111111
37450 -32.001 -34.504 33.909 0.111111
37464 -25.673 -35.503 33.689 0.888889
37465 -26.414 -35.963 32.967 0.777778
37466 -32.679 -34.653 33.555 0.111111
37468 -32.647 -34.852 32.680 0.333333
37479 -27.144 -35.387 32.490 0.777778
37480 -27.543 -35.920 32.055 0.777778
37481 -33.421 -34.786 32.212 0.111111
37482 -32.933 -34.897 32.174 0.333333
37483 -33.970 -34.705 32.477 0.222222
37484 -34.458 -34.767 32.929 0.222222
37493 -28.167 -36.036 31.556 0.777778
37494 -28.942 -35.757 31.234 0.888889
37495 -29.616 -35.969 30.904 0.888889
37496 -32.793 -34.801 31.189 0.555556
37497 -33.514 -34.707 31.430 0.222222
37498 -34.053 -34.509 31.893 0.222222
37499 -34.643 -34.485 32.466 0.111111
37504 -30.405 -36.166 30.451 0.888889
37505 -31.280 -36.372 29.974 0.888889
37506 -41.138 -35.999 29.347 0.111111
37512 -32.062 -36.278 29.492 0.888889
37513 -32.638 -36.314 29.128 0.888889
37514 -33.065 -35.937 28.878 0.888889
37515 -38.881 -36.322 28.577 0.555556
37516 -39.516 -35.925 28.714 0.555556
37517 -40.164 -35.930 29.139 0.222222
37522 -33.781 -36.206 28.586 0.888889
37523 -36.324 -36.089 27.857 0.888889
37524 -35.582 -35.620 27.770 0.888889
37525 -37.321 -36.186 28.132 0.888889
37526 -38.235 -35.878 28.219 0.777778
37527 -39.067 -35.530 28.292 0.777778
37539 -36.270 -35.272 27.667 0.888889
37540 -36.859 -35.577 27.796 0.888889
38176 -24.337 -34.887 40.620 0.111111
38177 -26.552 -34.269 41.103 0.111111
38183 -23.635 -35.157 39.751 0.111111
38184 -24.707 -34.396 39.988 0.111111
38185 -25.917 -33.937 40.182 0.111111
38194 -23.641 -35.442 38.651 0.111111
38195 -24.266 -34.569 39.003 0.111111
38196 -25.289 -33.896 39.253 0.111111
38205 -24.824 -34.168 38.288 0.111111
38206 -25.421 -33.973 37.607 0.222222
38207 -26.019 -33.752 38.538 0.111111
38209 -26.485 -33.684 37.829 0.222222
38210 -29.165 -34.211 38.226 0.222222
38214 -24.521 -34.793 37.283 0.222222
38215 -25.274 -34.321 36.669 0.222222
38216 -27.547 -33.588 37.878 0.111111
38217 -28.521 -33.742 37.720 0.222222
38218 -27.862 -33.505 37.105 0.111111
38219 -29.343 -33.868 37.410 0.333333
38228 -24.676 -35.137 36.149 0.444444
38229 -25.302 -34.560 35.683 0.333333
38230 -28.730 -33.583 36.876 0.333333
38231 -29.505 -33.713 36.610 0.333333
38232 -28.778 -33.660 36.121 0.444444
38233 -30.341 -33.874 36.384 0.333333
38240 -24.727 -35.192 35.140 0.777778
38241 -25.229 -34.683 34.867 0.666667
38242 -29.638 -33.664 35.953 0.444444
38243 -30.547 -33.948 35.735 0.444444
38244 -29.884 -33.632 35.093 0.444444
38252 -25.646 -34.629 34.358 0.777778
38253 -30.514 -34.299 33.716 0.555556
38254 -29.989 -33.953 34.202 0.555556
38255 -31.376 -34.321 34.345 0.444444
38269 -27.296 -34.509 33.038 0.777778
38270 -31.147 -34.623 33.089 0.555556
38271 -30.100 -34.453 32.621 0.666667
38272 -32.035 -34.828 32.877 0.333333
38281 -27.885 -35.344 32.004 0.777778
38282 -27.705 -34.793 32.438 0.777778
38283 -28.436 -34.626 32.256 0.777778
38284 -31.229 -34.778 31.170 0.777778
38285 -30.533 -34.566 31.822 0.888889
38286 -32.185 -34.857 31.795 0.444444
38287 -35.841 -34.224 33.226 0.111111
38288 -35.998 -33.958 33.163 0.111111
38289 -36.816 -33.800 33.965 0.111111
38294 -28.654 -35.199 31.672 0.888889
38295 -30.369 -35.316 30.975 0.888889
38296 -29.583 -35.113 31.457 0.888889
38297 -31.114 -35.563 30.455 0.888889
38298 -31.845 -35.057 30.602 0.666667
38299 -33.841 -34.692 30.580 0.555556
38300 -34.352 -34.438 31.168 0.555556
38301 -34.717 -34.126 31.728 0.222222
38302 -35.091 -33.705 31.831 0.444444
38303 -35.609 -34.061 32.857 0.222222
38310 -31.834 -35.680 29.935 0.888889
38311 -33.693 -35.080 29.417 0.666667
38312 -34.255 -34.622 29.780 0.666667
38313 -34.813 -34.386 29.067 0.666667
38314 -34.796 -34.208 30.609 0.444444
38321 -33.530 -35.619 28.817 0.777778
38322 -34.226 -35.324 28.616 0.777778
38323 -35.016 -35.108 27.977 0.777778
38324 -39.918 -35.156 28.600 0.666667
38325 -40.678 -34.537 28.806 0.333333
38330 -35.756 -34.860 27.726 0.888889
38331 -37.567 -35.369 27.895 0.888889
38332 -38.395 -35.030 27.986 0.777778
38333 -39.234 -34.646 28.065 0.777778
38344 -36.443 -34.531 27.648 0.888889
38345 -36.955 -34.924 27.616 0.888889
38346 -37.701 -34.578 27.634 0.888889
38937 -25.985 -33.809 37.108 0.222222
38938 -26.875 -33.580 37.141 0.111111
38946 -26.172 -33.823 36.266 0.444444
38947 -27.180 -33.534 36.496 0.555556
38948 -27.964 -33.531 36.312 0.333333
38955 -25.883 -34.154 35.161 0.666667
38956 -26.990 -33.692 35.599 0.666667
38957 -27.984 -33.614 35.622 0.555556
38958 -28.682 -33.619 35.157 0.666667
38968 -26.859 -34.159 33.816 0.777778
38969 -27.897 -33.785 33.939 0.777778
38970 -29.045 -33.775 34.110 0.666667
38982 -28.258 -34.298 33.104 0.777778
38983 -29.373 -34.306 33.158 0.777778
38993 -29.282 -34.549 32.062 0.777778
38994 -36.515 -33.148 33.236 0.222222
38995 -36.866 -33.226 33.654 0.111111
39001 -35.765 -33.332 32.656 0.333333
39002 -36.004 -33.164 32.686 0.222222
39006 -35.135 -33.732 30.463 0.444444
39007 -35.349 -33.166 30.772 0.555556
39008 -35.331 -33.063 31.827 0.444444
39015 -35.428 -34.281 28.151 0.666667
39016 -35.324 -33.529 29.194 0.666667
39017 -40.738 -33.610 28.637 0.444444
39018 -41.394 -34.031 29.088 0.333333
39023 -35.833 -33.513 28.084 0.777778
39024 -38.502 -34.182 27.676 0.777778
39025 -39.267 -33.697 27.864 0.777778
39026 -40.006 -34.142 28.312 0.666667
39037 -36.529 -33.626 27.581 0.888889
39038 -37.080 -34.163 27.444 0.888889
39039 -37.768 -33.773 27.396 0.888889
39613 -38.037 -33.131 35.253 0.111111
39621 -37.121 -33.061 34.016 0.111111
39622 -37.411 -33.427 34.475 0.111111
39629 -36.940 -32.942 33.404 0.111111
39634 -36.147 -32.949 32.791 0.222222
39635 -36.706 -33.138 33.276 0.222222
39640 -35.325 -32.867 31.328 0.555556
39641 -35.526 -33.200 31.945 0.333333
39642 -42.796 -32.996 29.935 0.111111
39649 -35.685 -32.888 28.712 0.777778
39650 -35.360 -32.918 29.946 0.777778
39651 -40.744 -32.681 28.655 0.666667
39652 -41.420 -33.105 29.060 0.222222
39653 -42.087 -33.513 29.489 0.111111
39661 -36.173 -32.668 27.737 0.777778
39662 -39.172 -32.764 27.713 0.888889
39663 -39.984 -33.086 28.201 0.888889
39673 -36.900 -32.775 27.315 0.888889
39674 -37.687 -32.945 27.255 0.888889
39675 -38.483 -33.277 27.486 0.888889
40308 -36.730 -32.939 33.513 0.111111
40309 -37.364 -32.920 34.400 0.111111
40315 -36.899 -33.116 33.016 0.222222
40316 -36.069 -32.524 33.089 0.222222
40317 -36.399 -32.710 33.263 0.111111
40322 -35.621 -33.053 31.998 0.333333
40323 -35.274 -32.643 31.803 0.555556
40324 -35.582 -32.227 32.630 0.444444
40325 -44.373 -32.397 31.116 0.111111
40328 -35.245 -32.649 30.527 0.666667
40329 -35.134 -32.260 29.867 0.666667
40330 -35.158 -32.488 30.853 0.666667
40331 -42.743 -32.140 30.024 0.111111
40332 -43.597 -32.458 30.457 0.111111
40336 -35.381 -31.915 28.743 0.777778
40337 -40.653 -31.811 28.749 0.555556
40338 -41.385 -32.192 29.096 0.444444
40339 -42.081 -32.607 29.511 0.111111
40348 -35.839 -31.701 27.804 1.000000
40349 -36.616 -31.962 27.352 1.000000
40350 -38.386 -32.395 27.378 0.888889
40351 -39.090 -31.924 27.705 0.888889
40352 -39.792 -31.572 28.322 0.888889
40361 -37.485 -32.124 27.190 1.000000
41076 -36.496 -32.659 33.397 0.222222
41077 -36.172 -32.060 33.421 0.111111
41078 -36.772 -32.169 34.188 0.222222
41083 -35.938 -32.065 32.940 0.222222
41084 -35.874 -31.898 33.043 0.666667
41085 -35.982 -32.006 33.172 0.333333
41091 -35.164 -32.419 31.546 0.555556
41092 -34.885 -32.001 30.597 0.777778
41093 -35.101 -31.985 31.861 0.666667
41094 -43.321 -31.629 30.545 0.111111
41099 -34.788 -31.534 29.312 0.888889
41100 -34.065 -30.875 29.446 1.000000
41101 -34.342 -31.374 30.076 0.777778
41102 -41.232 -31.392 29.384 0.444444
41103 -40.488 -30.171 29.853 0.444444
41104 -42.004 -31.758 29.689 0.222222
41105 -41.887 -30.834 30.226 0.111111
41113 -34.513 -30.863 28.754 1.000000
41114 -40.391 -30.922 29.064 0.555556
41115 -39.512 -30.718 28.559 1.000000
41127 -35.097 -31.150 28.219 0.888889
41128 -35.653 -30.837 27.790 1.000000
41129 -36.415 -31.112 27.527 1.000000
41130 -38.277 -31.506 27.460 0.888889
41131 -37.294 -31.318 27.343 1.000000
41132 -37.975 -30.784 27.688 1.000000
41133 -38.664 -30.497 28.235 0.888889
41927 -36.627 -31.113 34.818 0.111111
41933 -36.120 -31.888 33.483 0.333333
41934 -35.751 -31.299 33.684 0.222222
41935 -36.119 -31.235 34.195 0.222222
41941 -34.548 -31.158 32.064 0.777778
41942 -34.035 -30.410 32.558 0.666667
41943 -34.809 -30.966 33.042 0.555556
41944 -35.321 -31.635 32.681 0.777778
41945 -35.446 -31.341 33.276 0.555556
41951 -33.607 -30.512 31.386 0.888889
41952 -32.939 -29.537 31.372 0.888889
41953 -34.350 -31.351 31.000 0.888889
41954 -42.458 -30.206 31.067 0.111111
41955 -41.528 -29.900 30.942 0.111111
41958 -33.640 -30.843 30.291 0.777778
41959 -32.907 -30.132 30.472 1.000000
41960 -39.769 -30.124 29.320 0.444444
41961 -39.077 -29.344 29.574 0.444444
41962 -39.842 -29.466 30.150 0.333333
41963 -40.622 -29.508 30.753 0.333333
41976 -33.292 -30.356 29.579 1.000000
41977 -33.980 -30.282 28.773 1.000000
41978 -39.114 -30.087 28.906 0.777778
41979 -38.423 -29.670 28.935 0.888889
41988 -34.636 -29.664 28.185 1.000000
41989 -35.395 -30.057 27.899 1.000000
41990 -36.247 -30.219 27.740 1.000000
41991 -37.814 -30.024 28.259 0.888889
42755 -37.253 -30.148 36.229 0.111111
42762 -36.032 -30.460 34.984 0.222222
42763 -35.537 -29.673 34.975 0.111111
42764 -35.997 -29.487 35.630 0.111111
42770 -34.430 -30.101 33.472 0.333333
42771 -33.769 -29.461 32.958 0.555556
42772 -34.190 -29.002 33.858 0.111111
42773 -35.221 -30.598 33.793 0.333333
42782 -33.509 -29.729 32.116 0.666667
42783 -33.285 -28.746 32.245 0.666667
42785 -41.783 -28.309 32.051 0.111111
42787 -32.456 -29.188 30.559 0.888889
42788 -41.150 -29.008 31.497 0.111111
42789 -40.451 -28.708 31.325 0.111111
42801 -32.664 -29.554 29.646 1.000000
42802 -32.364 -28.702 29.880 0.888889
42803 -38.773 -28.238 29.990 0.444444
42804 -39.230 -28.634 30.324 0.333333
42805 -39.786 -28.873 31.000 0.333333
42815 -33.313 -29.807 29.061 1.000000
42816 -33.102 -29.144 28.877 1.000000
42817 -36.675 -28.546 28.320 1.000000
42818 -37.548 -28.645 29.014 1.000000
42819 -38.247 -28.804 29.543 0.777778
42820 -38.300 -28.201 29.488 0.555556
42837 -33.860 -29.403 28.505 1.000000
42838 -34.606 -28.737 27.948 1.000000
42839 -35.531 -29.011 27.944 1.000000
43632 -33.662 -28.599 33.133 0.333333
43633 -33.384 -27.792 32.938 0.444444
43634 -33.812 -28.120 33.673 0.222222
43639 -32.981 -27.754 31.984 0.555556
43640 -40.824 -28.132 31.688 0.111111
43641 -40.590 -27.483 31.460 0.111111
43642 -41.422 -27.559 31.874 0.111111
43643 -42.349 -27.636 32.432 0.111111
43648 -32.460 -28.256 30.542 0.888889
43649 -32.703 -28.534 31.332 0.555556
43650 -39.142 -28.057 30.638 0.333333
43651 -39.549 -27.671 31.044 0.222222
43652 -39.962 -28.027 31.301 0.222222
43653 -39.880 -27.247 31.214 0.222222
43663 -32.435 -28.014 29.936 1.000000
43673 -32.607 -28.820 29.282 1.000000
43674 -32.539 -28.185 29.358 1.000000
43675 -36.872 -28.056 28.351 1.000000
43676 -37.598 -28.140 28.866 0.888889
43683 -32.884 -28.419 28.747 1.000000
43684 -33.591 -28.678 28.301 1.000000
43685 -33.268 -27.931 28.207 1.000000
43686 -35.975 -28.483 27.853 1.000000
43696 -33.703 -27.488 27.669 1.000000
43697 -34.398 -27.951 27.422 1.000000
43698 -40.570 -28.663 26.666 0.333333
43699 -41.146 -28.422 27.412 0.111111
43700 -41.469 -28.760 26.590 0.111111
43701 -41.894 -28.575 27.252 0.111111
43702 -42.398 -28.761 26.624 0.222222
43704 -44.126 -28.608 27.111 0.111111
43711 -40.095 -28.667 25.914 0.333333
43712 -39.438 -28.603 25.233 0.666667
43713 -39.518 -28.472 26.716 0.666667
43714 -40.949 -28.877 25.848 0.333333
43715 -41.844 -28.861 25.809 0.333333
43716 -42.738 -28.730 25.748 0.222222
43717 -44.290 -28.511 26.327 0.222222
43718 -45.005 -28.326 26.347 0.111111
43719 -45.569 -27.962 26.069 0.111111
43723 -40.426 -28.656 25.153 0.333333
43724 -41.325 -28.686 25.112 0.333333
43725 -42.197 -28.623 25.093 0.333333
43734 -39.901 -28.212 24.503 0.777778
43735 -40.815 -28.226 24.493 0.666667
43736 -41.711 -28.206 24.496 0.333333
44514 -34.161 -26.828 34.287 0.111111
44523 -33.136 -27.014 32.516 0.444444
44531 -32.946 -26.900 31.666 0.444444
44532 -41.140 -27.273 31.518 0.111111
44533 -42.033 -27.253 31.976 0.111111
44539 -32.531 -27.432 30.336 0.777778
44540 -32.666 -27.592 31.140 0.666667
44541 -39.389 -27.458 30.626 0.222222
44542 -39.505 -27.143 30.937 0.222222
44543 -40.418 -27.111 31.279 0.111111
44554 -32.574 -27.450 29.575 0.777778
44555 -39.240 -27.604 30.143 0.222222
44556 -39.495 -27.194 30.761 0.222222
44572 -32.796 -27.647 28.824 1.000000
44573 -32.859 -26.844 29.084 0.777778
44574 -38.278 -27.649 28.728 0.666667
44575 -38.953 -27.557 29.457 0.555556
44576 -39.555 -27.407 29.364 0.222222
44577 -40.162 -27.172 29.952 0.222222
44578 -40.455 -27.433 29.099 0.111111
44595 -33.161 -27.096 28.264 1.000000
44596 -35.194 -28.284 27.341 1.000000
44597 -36.725 -27.896 27.543 0.888889
44598 -37.522 -27.677 28.156 0.777778
44599 -38.901 -27.496 28.700 0.555556
44600 -39.832 -27.744 28.493 0.333333
44611 -34.194 -27.118 27.068 1.000000
44612 -34.872 -27.634 26.771 1.000000
44613 -35.767 -27.847 26.782 1.000000
44614 -36.781 -27.820 26.296 1.000000
44615 -37.501 -27.917 27.156 0.777778
44616 -38.462 -28.158 26.955 0.777778
44624 -34.736 -26.728 26.521 1.000000
44625 -35.418 -27.144 26.241 1.000000
44626 -36.601 -27.518 25.569 1.000000
44627 -36.295 -26.926 25.358 1.000000
44628 -37.811 -28.118 25.942 0.777778
44629 -38.835 -28.437 25.975 0.666667
44643 -36.970 -27.177 24.993 1.000000
44644 -37.724 -27.787 25.008 1.000000
44645 -38.505 -28.303 25.072 1.000000
44646 -43.383 -28.052 24.711 0.333333
44647 -44.089 -27.895 24.973 0.222222
44648 -44.698 -28.043 25.615 0.222222
44649 -45.521 -27.395 25.335 0.111111
44654 -37.678 -27.014 24.401 1.000000
44655 -38.434 -27.647 24.252 1.000000
44656 -40.292 -27.590 23.959 0.777778
44657 -39.354 -27.650 23.958 1.000000
44658 -41.223 -27.609 23.941 0.666667
44659 -42.133 -27.613 23.931 0.555556
44660 -43.027 -27.539 24.043 0.333333
44661 -43.472 -27.010 23.541 0.666667
44662 -44.700 -26.899 23.889 0.111111
44663 -44.708 -27.325 24.830 0.111111
44668 -39.740 -26.996 23.402 1.000000
44669 -40.715 -27.002 23.364 0.666667
44670 -41.658 -27.041 23.345 0.666667
44671 -42.589 -27.041 23.396 0.666667
45321 -34.105 -25.945 33.964 0.111111
45326 -33.413 -26.373 32.939 0.333333
45327 -33.762 -25.895 33.326 0.222222
45335 -33.274 -26.237 32.153 0.444444
45336 -33.614 -25.631 32.657 0.333333
45337 -41.469 -27.087 31.577 0.111111
45338 -42.882 -26.730 31.554 0.111111
45347 -32.749 -26.753 30.813 0.666667
45348 -33.116 -26.098 31.303 0.555556
45349 -39.837 -26.936 31.078 0.222222
45350 -40.464 -26.860 31.096 0.111111
45351 -41.344 -26.858 31.155 0.111111
45375 -32.675 -26.718 29.955 0.777778
45376 -33.077 -26.078 29.506 0.666667
45377 -39.964 -26.906 30.679 0.222222
45378 -40.807 -26.927 30.482 0.111111
45389 -33.230 -26.238 28.563 0.888889
45390 -39.648 -27.332 29.950 0.222222
45397 -33.635 -26.507 27.682 0.888889
45401 -34.166 -26.129 27.033 1.000000
45412 -35.309 -26.222 25.989 1.000000
45413 -36.011 -26.098 25.317 1.000000
45420 -36.569 -26.473 24.934 1.000000
45421 -45.471 -26.820 24.562 0.111111
45428 -37.116 -26.363 24.494 1.000000
45429 -37.751 -26.212 23.993 1.000000
45430 -38.846 -26.958 23.557 1.000000
45431 -38.369 -26.081 23.378 0.888889
45432 -45.448 -26.523 23.807 0.111111
45433 -46.111 -26.239 24.206 0.111111
45434 -47.015 -26.097 24.474 0.111111
45440 -39.253 -26.266 23.042 0.888889
45441 -40.194 -26.363 22.873 1.000000
45442 -41.159 -26.419 22.832 0.777778
45443 -40.653 -25.762 22.372 0.888889
45444 -42.113 -26.530 22.758 0.555556
45445 -43.103 -26.628 22.799 0.555556
45446 -44.110 -26.689 23.032 0.444444
45447 -45.064 -26.473 23.073 0.111111
45448 -45.893 -26.154 23.277 0.111111
45456 -41.592 -25.923 22.260 0.888889
45457 -42.636 -25.979 22.138 0.888889
45458 -43.674 -26.198 22.246 0.444444
45459 -44.621 -26.214 22.316 0.333333
46053 -35.692 -24.702 35.708 0.111111
46061 -34.524 -25.274 34.188 0.111111
46062 -34.987 -24.673 34.457 0.111111
46063 -35.306 -25.083 35.177 0.111111
46070 -34.077 -25.152 33.282 0.222222
46071 -34.593 -24.417 33.634 0.222222
46074 -33.485 -25.457 31.819 0.333333
46075 -33.887 -24.897 32.310 0.333333
46089 -33.391 -25.377 30.941 0.555556
46090 -33.855 -24.676 30.567 0.444444
46095 -33.373 -25.343 30.003 0.555556
46096 -33.830 -24.607 29.585 0.555556
46099 -33.379 -25.368 29.005 0.666667
46100 -33.938 -24.716 28.466 0.666667
46103 -33.613 -25.673 28.092 0.888889
46106 -34.558 -25.255 26.884 0.888889
46118 -35.114 -25.298 26.246 1.000000
46119 -35.609 -25.461 25.685 1.000000
46125 -36.216 -24.944 25.173 1.000000
46134 -38.185 -25.056 23.289 0.888889
46135 -46.712 -25.827 23.603 0.111111
46136 -47.585 -25.616 23.883 0.111111
46145 -39.728 -25.627 22.517 0.888889
46146 -38.880 -25.404 22.825 0.888889
46147 -45.526 -26.057 22.399 0.111111
46148 -46.459 -25.757 22.578 0.111111
46149 -47.276 -25.340 23.048 0.111111
46155 -39.387 -24.742 22.372 0.888889
46156 -40.197 -24.989 22.104 0.888889
46157 -41.129 -25.089 21.931 0.888889
46158 -41.947 -25.431 21.861 0.888889
46159 -43.363 -25.614 21.671 0.777778
46160 -42.578 -25.262 21.552 0.888889
46161 -44.199 -25.766 21.725 0.777778
46162 -45.084 -25.808 21.663 0.555556
46163 -46.015 -25.711 21.663 0.222222
46164 -46.703 -25.335 21.340 0.222222
46165 -47.090 -25.325 22.156 0.222222
46170 -43.213 -24.895 21.243 0.888889
46171 -43.874 -25.251 21.340 0.888889
46172 -44.600 -25.280 21.209 0.666667
46173 -45.505 -25.313 21.052 0.555556
46775 -35.098 -23.755 34.020 0.111111
46776 -35.514 -24.213 34.840 0.111111
46785 -34.878 -23.604 33.020 0.333333
46794 -34.344 -24.293 32.690 0.333333
46795 -34.722 -23.617 31.901 0.333333
46800 -34.225 -24.043 31.145 0.333333
46801 -34.697 -23.269 30.800 0.222222
46803 -34.324 -23.968 30.205 0.444444
46804 -34.670 -23.109 29.796 0.222222
46806 -34.264 -23.829 29.199 0.555556
46809 -34.494 -23.959 28.337 0.555556
46810 -35.082 -23.676 27.711 0.444444
46812 -35.163 -24.263 26.771 1.000000
46817 -35.693 -24.559 25.921 1.000000
46818 -35.985 -23.583 26.301 0.888889
46819 -36.386 -23.829 25.547 1.000000
46825 -36.740 -24.076 24.950 1.000000
46834 -37.224 -23.868 24.492 0.888889
46835 -37.540 -24.664 23.886 0.888889
46845 -38.050 -24.048 23.402 0.777778
46846 -38.619 -24.404 22.790 0.888889
46858 -39.155 -23.749 22.425 0.888889
46859 -39.911 -24.123 22.036 0.888889
46860 -41.160 -24.274 21.533 0.888889
46861 -40.531 -23.572 21.660 0.888889
46862 -41.830 -24.786 21.519 0.888889
46863 -47.591 -24.997 21.520 0.111111
46868 -41.364 -23.545 21.360 0.888889
46869 -42.427 -24.489 21.223 0.888889
46870 -42.997 -24.083 20.915 0.777778
46871 -43.974 -24.509 21.026 0.777778
46872 -44.885 -24.707 20.788 0.777778
46873 -44.489 -23.946 20.545 0.777778
46874 -46.219 -24.983 20.653 0.333333
46875 -47.148 -24.842 20.698 0.333333
46876 -48.029 -24.604 20.864 0.222222
46877 -48.323 -24.000 20.406 0.222222
46882 -45.139 -23.507 20.120 0.777778
46883 -45.792 -24.298 20.211 0.444444
46884 -46.631 -24.296 20.137 0.333333
46885 -47.506 -24.193 20.193 0.222222
47486 -36.340 -22.463 33.688 0.111111
47487 -37.081 -22.068 34.037 0.111111
47490 -35.550 -22.990 33.391 0.111111
47491 -36.211 -22.439 32.757 0.111111
47493 -35.551 -23.046 32.342 0.333333
47494 -36.194 -22.495 31.803 0.111111
47497 -35.419 -22.853 31.355 0.222222
47498 -36.075 -22.243 30.913 0.222222
47501 -35.405 -22.600 30.291 0.222222
47502 -36.271 -22.196 30.061 0.222222
47504 -34.970 -23.186 28.766 0.444444
47505 -35.857 -22.651 28.855 0.333333
47506 -36.573 -22.413 28.205 0.333333
47518 -35.849 -23.034 28.003 0.333333
47519 -36.498 -22.578 27.272 0.555556
47521 -42.365 -21.812 27.704 0.222222
47523 -43.317 -22.223 27.847 0.111111
47535 -35.745 -23.257 27.064 0.777778
47536 -42.506 -22.064 27.068 0.111111
47537 -43.406 -22.184 27.270 0.111111
47538 -44.164 -22.296 27.353 0.111111
47539 -44.933 -22.195 27.603 0.111111
47545 -36.770 -22.947 25.961 0.555556
47546 -37.659 -22.525 25.775 0.444444
47547 -43.049 -22.036 26.701 0.111111
47548 -43.727 -22.153 26.886 0.111111
47549 -44.493 -22.090 27.208 0.111111
47550 -45.653 -22.049 27.437 0.111111
47553 -37.139 -23.168 25.185 0.777778
47554 -37.827 -22.557 25.168 0.666667
47563 -37.654 -23.688 24.010 0.777778
47564 -37.679 -23.063 24.588 0.777778
47565 -38.211 -23.013 23.969 0.777778
47574 -38.483 -23.367 22.972 0.777778
47582 -39.090 -22.816 22.665 0.888889
47583 -39.763 -23.185 22.133 0.888889
47591 -40.939 -22.907 21.472 0.888889
47592 -41.723 -22.741 21.228 0.888889
47593 -42.723 -23.144 20.941 0.888889
47594 -43.602 -23.578 20.669 0.777778
47595 -43.330 -22.604 20.645 0.777778
47596 -49.121 -23.753 20.776 0.111111
47600 -44.187 -23.079 20.300 0.777778
47601 -46.084 -23.576 19.803 0.333333
47602 -47.014 -23.517 19.675 0.333333
47603 -46.411 -22.913 19.482 0.555556
47604 -47.838 -23.568 19.789 0.222222
47605 -48.667 -23.431 19.988 0.111111
47609 -47.132 -22.672 19.265 0.555556
47610 -48.037 -22.906 19.395 0.222222
48245 -38.220 -21.792 34.993 0.111111
48253 -37.714 -21.634 33.746 0.222222
48254 -38.188 -21.475 34.242 0.111111
48256 -37.075 -21.940 33.135 0.222222
48257 -37.627 -21.621 32.387 0.111111
48259 -36.894 -22.055 32.154 0.222222
48260 -37.447 -21.646 31.567 0.222222
48262 -36.756 -21.971 31.326 0.222222
48263 -37.488 -21.565 30.319 0.222222
48290 -37.331 -21.974 28.411 0.444444
48291 -38.024 -21.602 28.767 0.333333
48292 -37.775 -21.546 29.601 0.111111
48293 -38.763 -21.370 29.372 0.222222
48294 -40.677 -21.479 28.250 0.222222
48295 -39.730 -21.570 28.805 0.222222
48296 -40.673 -21.352 29.210 0.111111
48297 -41.644 -21.218 29.137 0.111111
48304 -37.398 -22.133 27.505 0.444444
48305 -38.187 -21.721 27.873 0.333333
48306 -39.774 -21.542 27.810 0.222222
48307 -38.880 -21.460 28.295 0.333333
48308 -40.695 -21.655 27.392 0.222222
48309 -41.615 -21.598 27.784 0.222222
48318 -37.321 -22.369 26.575 0.444444
48319 -38.445 -21.987 26.948 0.333333
48320 -39.732 -21.713 26.914 0.222222
48321 -40.722 -21.789 26.715 0.333333
48322 -41.609 -22.015 26.692 0.333333
48327 -38.554 -22.168 25.583 0.555556
48328 -39.560 -21.781 25.827 0.444444
48329 -40.635 -21.800 26.165 0.333333
48330 -41.501 -22.003 26.285 0.444444
48331 -42.240 -22.065 26.495 0.222222
48332 -43.325 -22.003 26.601 0.111111
48333 -44.337 -21.972 26.954 0.111111
48334 -45.260 -21.830 27.207 0.111111
48343 -38.300 -22.385 24.795 0.777778
48344 -38.998 -21.872 25.080 0.555556
48345 -39.875 -21.547 25.504 0.444444
48346 -40.164 -21.341 25.099 0.555556
48347 -40.857 -21.731 25.846 0.444444
48348 -41.892 -21.965 26.060 0.111111
48349 -42.846 -21.838 26.212 0.111111
48350 -44.337 -21.470 26.516 0.111111
48351 -44.994 -21.546 26.866 0.111111
48352 -45.806 -21.494 26.785 0.111111
48359 -38.677 -22.255 24.360 0.666667
48360 -39.312 -21.798 24.418 0.555556
48361 -39.853 -21.401 23.973 0.555556
48368 -38.739 -22.491 23.538 0.777778
48369 -39.350 -22.038 23.264 0.666667
48378 -39.739 -22.324 22.380 0.666667
48379 -40.324 -22.639 21.790 0.888889
48385 -40.918 -22.168 21.525 0.888889
48386 -41.584 -21.725 21.329 0.888889
48387 -42.441 -22.151 21.024 0.777778
48388 -50.137 -22.642 21.071 0.111111
48392 -44.031 -22.019 20.333 0.777778
48393 -45.548 -22.654 19.651 0.777778
48394 -49.005 -22.812 19.614 0.111111
48395 -49.829 -22.539 20.045 0.111111
48396 -50.477 -22.068 20.584 0.111111
48402 -46.276 -22.076 19.260 0.666667
48403 -47.048 -21.929 18.956 0.666667
48404 -47.758 -22.167 18.990 0.333333
48405 -49.371 -22.131 19.212 0.111111
49047 -38.580 -21.187 33.568 0.111111
49048 -39.708 -20.794 34.258 0.111111
49057 -38.389 -21.264 32.586 0.111111
49058 -39.217 -20.998 32.755 0.111111
49059 -40.091 -20.821 32.817 0.111111
49070 -38.204 -21.319 31.731 0.111111
49071 -38.984 -20.888 31.890 0.111111
49088 -38.022 -21.270 30.861 0.111111
49089 -38.783 -21.035 31.150 0.111111
49097 -38.202 -21.301 30.099 0.111111
49099 -40.100 -21.335 30.204 0.111111
49104 -39.789 -21.461 29.647 0.111111
49127 -41.063 -21.366 25.455 0.333333
49128 -41.933 -21.208 25.642 0.222222
49129 -43.568 -21.304 26.203 0.111111
49130 -44.345 -20.723 26.034 0.111111
49131 -45.198 -20.963 26.359 0.111111
49132 -46.113 -20.845 26.444 0.111111
49133 -46.886 -20.617 26.522 0.111111
49134 -48.353 -20.262 26.450 0.111111
49141 -40.535 -21.002 24.557 0.444444
49142 -41.002 -20.589 24.006 0.444444
49143 -41.876 -20.299 24.811 0.444444
49144 -42.768 -20.782 25.770 0.111111
49145 -43.643 -20.388 25.666 0.222222
49148 -39.907 -21.549 22.846 0.777778
49149 -40.344 -20.952 23.459 0.555556
49156 -40.319 -21.827 22.010 0.888889
49157 -40.556 -21.154 22.492 0.888889
49158 -41.094 -20.688 22.152 0.888889
49166 -42.652 -20.471 20.850 0.888889
49167 -43.575 -20.978 20.361 0.777778
49168 -50.863 -21.410 20.762 0.111111
49172 -44.199 -20.512 20.034 0.777778
49173 -44.962 -21.067 19.633 0.777778
49174 -45.766 -21.225 19.279 0.777778
49175 -50.114 -22.021 19.698 0.111111
49176 -50.503 -21.439 19.862 0.111111
49180 -46.016 -20.524 19.118 0.777778
49181 -46.580 -21.267 19.017 0.666667
49182 -47.540 -21.271 18.799 0.444444
49183 -49.262 -21.288 18.849 0.111111
49184 -49.943 -21.579 19.253 0.111111
49817 -44.972 -20.254 25.766 0.111111
49818 -46.341 -20.195 25.976 0.111111
49819 -47.246 -19.956 25.937 0.111111
49820 -48.485 -19.645 26.032 0.111111
49827 -41.405 -20.049 23.486 0.444444
49828 -42.137 -19.671 23.994 0.333333
49829 -42.835 -19.882 25.090 0.222222
49830 -43.839 -19.554 25.184 0.222222
49831 -44.701 -19.759 25.395 0.222222
49832 -45.522 -19.709 25.535 0.111111
49833 -46.478 -19.401 25.533 0.111111
49834 -47.877 -19.391 25.701 0.111111
49836 -40.835 -20.486 22.972 0.555556
49837 -41.362 -20.040 22.558 0.666667
49842 -41.562 -20.181 21.814 0.777778
49848 -42.091 -19.763 21.405 0.888889
49849 -43.376 -19.999 20.360 0.777778
49854 -44.074 -19.634 20.022 0.888889
49855 -44.765 -20.151 19.598 0.777778
49856 -45.407 -19.884 19.292 0.777778
49857 -50.526 -19.942 19.456 0.111111
49858 -51.008 -19.760 20.410 0.111111
49861 -46.238 -19.662 19.011 0.555556
49862 -46.860 -20.456 18.836 0.555556
49863 -47.837 -20.222 18.577 0.555556
49864 -48.420 -20.969 18.698 0.444444
49865 -49.069 -20.325 18.604 0.333333
49866 -50.121 -20.771 19.136 0.111111
49870 -48.464 -19.483 18.410 0.444444
49871 -49.312 -19.501 18.484 0.222222
50575 -42.853 -19.163 24.395 0.222222
50576 -43.640 -18.826 24.590 0.111111
50577 -45.775 -18.787 25.149 0.111111
50578 -46.698 -18.518 25.117 0.111111
50579 -47.696 -18.477 25.200 0.111111
50583 -41.723 -19.418 23.045 0.444444
50584 -42.108 -18.746 22.691 0.444444
50585 -42.908 -18.327 23.579 0.222222
50586 -44.059 -18.221 24.318 0.222222
50589 -41.765 -19.442 22.157 0.888889
50596 -43.388 -19.085 20.406 0.888889
50601 -44.027 -18.873 20.096 0.888889
50602 -44.721 -19.203 19.639 0.888889
50603 -50.838 -19.338 19.670 0.111111
50604 -51.192 -18.927 20.340 0.111111
50607 -45.505 -19.082 19.281 0.888889
50608 -46.102 -18.864 19.046 0.666667
50609 -46.755 -19.035 18.778 0.666667
50610 -47.550 -19.276 18.485 0.555556
50611 -49.958 -19.834 18.738 0.222222
50612 -50.504 -19.219 18.905 0.111111
50613 -51.020 -18.683 19.424 0.111111
50617 -48.045 -18.690 18.251 0.666667
50618 -48.966 -18.830 18.258 0.222222
50619 -49.948 -18.927 18.354 0.222222
51348 -45.170 -18.225 24.567 0.111111
51349 -46.106 -18.133 24.689 0.222222
51350 -47.101 -17.929 24.705 0.111111
51355 -43.152 -17.676 22.864 0.555556
51356 -43.601 -17.722 23.547 0.333333
51357 -44.502 -17.548 23.942 0.444444
51358 -45.650 -17.600 24.156 0.333333
51359 -47.234 -17.253 24.247 0.111111
51360 -47.907 -17.580 24.667 0.111111
51364 -42.627 -18.078 22.270 0.555556
51372 -42.931 -17.925 21.598 0.666667
51373 -43.401 -17.543 21.132 0.666667
51378 -43.949 -17.490 20.456 0.888889
51379 -44.388 -18.211 19.979 0.888889
51380 -51.318 -18.113 20.217 0.111111
51385 -45.012 -17.760 19.631 0.888889
51386 -45.623 -18.306 19.250 0.888889
51387 -46.383 -18.255 18.895 0.777778
51388 -47.203 -18.465 18.530 0.666667
51389 -50.737 -18.302 18.538 0.222222
51390 -51.354 -17.906 19.214 0.111111
51394 -47.644 -17.980 18.275 0.666667
51395 -48.504 -17.974 18.038 0.555556
51396 -50.101 -18.079 18.016 0.333333
52112 -43.776 -17.126 22.971 0.555556
52113 -44.980 -16.879 23.559 0.444444
52114 -46.334 -16.987 23.748 0.111111
52115 -47.377 -16.544 23.817 0.111111
52121 -43.185 -17.312 22.083 0.555556
52122 -44.302 -16.380 22.546 0.444444
52123 -45.479 -16.213 23.187 0.444444
52124 -46.630 -16.121 23.361 0.111111
52131 -43.851 -16.937 20.849 0.555556
52136 -44.269 -16.817 20.370 0.777778
52137 -44.466 -17.392 20.037 0.888889
52138 -51.547 -17.314 19.985 0.111111
52142 -44.889 -16.790 19.779 0.888889
52143 -45.764 -17.368 19.192 0.888889
52144 -46.864 -17.506 18.697 0.777778
52145 -46.268 -16.732 18.970 0.777778
52146 -51.706 -17.222 19.085 0.111111
52147 -51.902 -16.577 19.672 0.111111
52151 -46.888 -16.517 18.583 0.777778
52152 -47.693 -17.165 18.166 0.555556
52153 -49.340 -17.638 17.841 0.444444
52154 -48.520 -17.084 17.848 0.444444
52155 -50.689 -17.547 17.955 0.111111
52156 -51.368 -17.462 18.433 0.111111
52161 -49.336 -16.779 17.557 0.444444
52162 -50.361 -16.887 17.516 0.222222
52163 -51.207 -16.884 17.767 0.111111
52923 -43.732 -16.681 21.574 0.555556
52924 -44.397 -15.805 21.640 0.555556
52925 -45.079 -15.328 22.088 0.444444
52926 -45.807 -15.604 22.716 0.444444
52927 -46.849 -15.419 22.919 0.111111
52928 -47.787 -15.561 23.294 0.111111
52934 -44.160 -16.308 20.896 0.555556
52939 -44.587 -16.102 20.339 0.888889
52940 -44.515 -15.616 20.924 0.555556
52941 -45.075 -15.248 20.459 0.555556
52946 -45.581 -15.405 19.600 0.888889
52947 -46.155 -15.849 18.975 0.888889
52948 -51.960 -16.460 18.494 0.111111
52949 -52.506 -15.625 18.599 0.111111
52953 -46.822 -15.519 18.474 0.777778
52954 -47.537 -16.250 18.127 0.777778
52955 -48.271 -16.214 17.674 0.444444
52956 -52.223 -15.891 17.973 0.111111
52960 -48.960 -15.901 17.238 0.444444
52961 -49.847 -16.199 17.205 0.444444
52962 -50.724 -16.269 17.276 0.222222
52963 -51.579 -16.162 17.535 0.111111
53693 -45.853 -14.920 22.122 0.444444
53694 -47.279 -14.892 22.690 0.222222
53699 -44.891 -15.075 21.361 0.555556
53700 -45.535 -14.530 21.123 0.444444
53701 -46.514 -14.415 21.891 0.333333
53702 -47.494 -14.226 22.173 0.111111
53703 -48.596 -14.321 22.670 0.111111
53709 -45.747 -14.418 20.084 0.666667
53714 -46.159 -14.717 19.033 0.666667
53715 -52.867 -15.163 19.373 0.111111
53716 -53.297 -14.692 18.810 0.111111
53720 -46.953 -14.564 18.428 0.777778
53721 -47.559 -15.366 18.007 0.666667
53722 -47.589 -14.425 17.795 0.666667
53723 -52.788 -15.338 17.870 0.111111
53724 -53.520 -14.767 17.774 0.111111
53728 -48.186 -15.259 17.401 0.444444
53729 -48.817 -15.155 16.919 0.444444
53730 -50.170 -15.647 16.885 0.222222
53731 -49.489 -14.953 16.631 0.444444
53732 -51.054 -15.693 16.874 0.111111
53733 -52.023 -15.549 17.094 0.111111
53734 -52.790 -15.060 17.023 0.111111
53743 -50.467 -15.028 16.354 0.222222
53744 -51.403 -15.186 16.384 0.111111
53745 -52.141 -15.121 16.450 0.111111
54465 -49.464 -13.988 22.884 0.111111
54467 -46.072 -14.024 21.003 0.444444
54468 -46.756 -13.910 21.424 0.444444
54469 -47.277 -13.619 21.274 0.333333
54470 -47.783 -13.247 20.983 0.444444
54471 -48.624 -13.658 22.024 0.111111
54472 -49.068 -13.805 22.467 0.111111
54474 -46.461 -13.772 20.550 0.555556
54475 -47.041 -13.492 20.217 0.444444
54481 -46.652 -14.025 18.869 0.666667
54482 -46.368 -13.933 19.548 0.666667
54488 -47.174 -13.621 18.384 0.666667
54489 -54.094 -14.012 18.534 0.111111
54490 -54.816 -13.618 18.266 0.111111
54494 -47.713 -13.508 17.602 0.777778
54495 -48.267 -13.344 16.940 0.777778
54496 -53.661 -14.758 16.806 0.111111
54497 -54.922 -14.161 16.304 0.111111
54507 -48.939 -14.127 16.669 0.444444
54508 -49.757 -14.181 16.164 0.444444
54509 -51.042 -14.642 15.888 0.222222
54510 -51.889 -14.854 15.849 0.111111
54511 -52.884 -14.974 15.991 0.111111
54512 -54.099 -14.681 15.863 0.111111
54524 -50.516 -13.895 15.593 0.444444
54525 -51.537 -14.210 15.240 0.444444
54526 -53.210 -14.528 15.149 0.111111
54527 -52.366 -13.982 14.794 0.222222
54528 -54.181 -14.209 14.972 0.111111
54536 -53.264 -13.626 14.407 0.111111
55191 -49.750 -12.919 22.866 0.111111
55192 -49.832 -13.212 23.560 0.111111
55194 -48.382 -12.863 20.645 0.111111
55195 -48.909 -13.170 21.633 0.111111
55198 -47.572 -13.098 19.913 0.444444
55200 -46.927 -13.457 19.213 0.555556
55201 -47.451 -12.857 18.866 0.555556
55202 -47.988 -12.642 19.654 0.111111
55205 -47.484 -12.916 18.065 0.666667
55207 -56.447 -13.208 18.209 0.111111
55208 -47.961 -12.670 17.534 0.666667
55209 -55.354 -13.541 17.390 0.111111
55215 -48.966 -13.261 16.375 0.555556
55216 -49.699 -13.178 15.874 0.555556
55217 -49.150 -12.383 16.228 0.666667
55218 -55.800 -13.518 16.320 0.111111
55232 -50.275 -12.875 15.380 0.444444
55233 -50.998 -13.318 14.992 0.444444
55234 -51.686 -13.486 14.716 0.333333
55235 -55.012 -13.659 14.819 0.111111
55242 -52.208 -13.028 14.218 0.111111
55243 -52.927 -12.862 13.830 0.111111
55245 -53.211 -12.404 13.266 0.111111
55913 -49.223 -12.492 20.868 0.111111
55917 -48.695 -12.205 19.816 0.333333
55918 -49.548 -11.759 20.313 0.111111
55920 -48.004 -12.314 19.031 0.444444
55921 -48.506 -11.823 18.758 0.444444
55922 -49.208 -11.580 19.442 0.333333
55924 -47.863 -12.359 18.264 0.555556
55926 -48.476 -12.427 16.839 0.777778
55927 -48.970 -11.684 16.741 0.777778
55929 -49.600 -11.764 16.050 0.777778
55939 -50.110 -11.998 15.366 0.444444
55940 -50.729 -12.417 14.888 0.444444
55941 -50.745 -11.517 14.963 0.555556
55950 -51.382 -12.743 14.513 0.444444
55951 -51.707 -12.126 14.058 0.222222
55952 -52.435 -12.242 13.619 0.111111
55953 -52.128 -11.344 13.686 0.222222
55962 -52.889 -11.597 13.144 0.222222
55964 -53.637 -11.885 12.682 0.222222
56613 -49.328 -11.231 18.500 0.333333
56614 -50.275 -10.697 18.756 0.111111
56618 -49.757 -11.062 16.671 0.777778
56619 -49.938 -10.801 17.725 0.777778
56621 -50.196 -11.285 15.747 0.555556
56622 -50.414 -10.698 16.201 0.666667
56630 -50.762 -10.720 15.482 0.555556
56631 -51.155 -10.849 14.778 0.333333
56642 -51.369 -11.387 14.288 0.222222
56648 -52.727 -10.929 13.229 0.222222
56649 -53.422 -10.883 12.649 0.222222
56653 -54.243 -10.530 12.313 0.222222
56654 -55.160 -10.684 11.956 0.333333
56656 -56.468 -10.445 11.637 0.111111
56665 -57.620 -10.792 11.461 0.111111
56700 -57.497 -10.515 8.215 0.111111
56708 -56.618 -10.213 7.954 0.111111
57272 -52.403 -10.037 20.123 0.111111
57275 -51.199 -10.537 18.934 0.111111
57276 -52.197 -10.276 19.229 0.111111
57277 -52.948 -9.890 19.513 0.111111
57279 -53.519 -9.511 19.351 0.111111
57281 -50.830 -10.462 17.968 0.222222
57282 -51.867 -10.338 18.253 0.111111
57283 -53.024 -10.048 18.670 0.222222
57284 -54.128 -9.614 18.500 0.111111
57286 -50.503 -10.438 16.989 0.555556
57287 -51.502 -10.101 17.167 0.333333
57288 -52.601 -10.159 17.702 0.222222
57289 -54.262 -9.821 17.596 0.333333
57291 -51.020 -10.226 16.207 0.555556
57292 -51.840 -9.871 16.248 0.444444
57293 -52.853 -9.779 16.383 0.555556
57299 -51.802 -10.593 14.232 0.222222
57300 -51.507 -10.163 15.278 0.555556
57301 -52.375 -9.810 14.751 0.333333
57313 -52.388 -10.648 13.636 0.222222
57314 -52.523 -10.138 13.985 0.333333
57315 -53.085 -10.187 13.337 0.333333
57325 -53.932 -9.953 12.742 0.222222
57332 -54.834 -9.871 12.377 0.333333
57333 -55.845 -9.720 12.037 0.222222
57334 -56.853 -9.560 12.077 0.222222
57361 -58.616 -9.639 8.955 0.111111
57367 -57.269 -9.554 8.018 0.111111
57368 -58.174 -10.349 8.476 0.111111
57988 -53.949 -9.048 19.246 0.111111
57991 -54.811 -9.463 17.819 0.222222
57992 -54.564 -9.097 18.425 0.111111
57994 -53.980 -9.725 16.702 0.444444
57995 -54.801 -9.693 16.995 0.333333
57996 -55.135 -9.252 17.258 0.222222
57997 -55.275 -8.708 16.777 0.222222
57999 -52.320 -9.700 15.627 0.444444
58000 -53.430 -9.506 15.592 0.444444
58001 -54.714 -9.655 16.207 0.444444
58002 -55.091 -9.482 16.532 0.222222
58003 -55.232 -9.073 16.163 0.222222
58010 -54.333 -9.275 15.249 0.444444
58011 -55.021 -9.310 15.760 0.333333
58012 -55.172 -8.702 15.582 0.333333
58019 -53.375 -9.538 14.336 0.333333
58020 -55.255 -8.888 14.168 0.444444
58021 -55.858 -8.300 14.268 0.444444
58033 -53.968 -9.473 13.557 0.444444
58034 -54.819 -9.290 13.233 0.444444
58035 -56.688 -8.882 13.040 0.222222
58036 -56.626 -8.313 13.695 0.111111
58037 -57.085 -8.394 13.213 0.111111
58038 -57.511 -8.295 12.862 0.111111
58044 -57.614 -8.915 12.608 0.222222
58045 -58.272 -9.302 12.008 0.111111
58046 -58.166 -8.566 12.349 0.111111
58047 -58.527 -8.965 11.749 0.111111
58052 -58.700 -9.459 11.057 0.111111
58065 -58.576 -9.086 9.977 0.111111
58074 -58.232 -8.561 8.828 0.111111
58079 -57.430 -8.676 8.112 0.111111
58080 -57.940 -9.347 8.433 0.111111
58085 -56.753 -8.667 7.723 0.111111
58711 -54.219 -8.602 18.637 0.111111
58712 -54.929 -8.702 17.895 0.222222
58715 -55.043 -7.962 17.312 0.222222
58717 -55.168 -8.406 16.074 0.222222
58725 -55.210 -8.124 15.305 0.333333
58731 -55.729 -7.917 14.504 0.444444
58739 -56.443 -8.025 13.980 0.111111
58740 -56.915 -8.177 13.429 0.111111
58755 -58.030 -7.912 12.377 0.111111
58760 -58.334 -8.239 11.757 0.111111
58761 -58.549 -8.623 10.942 0.111111
58770 -58.310 -8.216 9.828 0.111111
58782 -57.516 -7.947 8.331 0.111111
58783 -58.013 -7.858 8.986 0.111111
58789 -56.945 -8.130 7.862 0.111111
58790 -56.761 -7.605 7.996 0.111111
59402 -53.197 -7.748 18.712 0.111111
59406 -53.308 -7.453 17.913 0.111111
59407 -52.620 -6.798 18.263 0.111111
59408 -54.220 -8.077 17.956 0.111111
59410 -53.819 -7.514 17.198 0.111111
59412 -54.583 -7.655 16.591 0.111111
59413 -53.581 -7.336 16.432 0.111111
59414 -54.772 -7.840 15.819 0.111111
59421 -54.388 -7.508 15.150 0.111111
59423 -55.082 -7.712 14.946 0.111111
59428 -54.459 -7.350 14.453 0.111111
59430 -55.361 -7.469 14.234 0.111111
59438 -56.576 -7.759 13.447 0.111111
59439 -57.336 -7.911 12.854 0.111111
59455 -57.645 -7.608 12.050 0.111111
59473 -58.012 -8.039 10.697 0.111111
59490 -57.885 -7.813 9.573 0.111111
59501 -57.313 -7.497 8.774 0.111111
60171 -52.286 -5.672 18.479 0.111111
60174 -52.969 -6.831 16.820 0.111111
60175 -52.334 -6.163 17.221 0.111111
60177 -52.878 -6.935 15.999 0.111111
60178 -52.192 -6.262 16.443 0.111111
60940 -52.524 -4.564 18.070 0.111111
60942 -51.819 -5.458 16.906 0.111111
60943 -52.029 -4.546 17.301 0.111111
60945 -51.612 -5.568 16.043 0.111111
60946 -51.657 -4.594 16.483 0.111111
60953 -51.531 -5.641 15.141 0.111111
60954 -51.376 -4.709 15.629 0.111111
60960 -51.536 -5.525 14.226 0.111111
60961 -51.325 -4.480 14.023 0.111111
61727 -52.195 -3.666 16.829 0.111111
61728 -52.676 -3.656 17.590 0.111111
61730 -51.804 -3.720 16.034 0.111111
61738 -51.361 -3.839 15.143 0.111111
61744 -51.273 -3.471 14.359 0.111111
62410 -52.772 -2.934 17.143 0.111111
62420 -52.524 -2.692 16.381 0.111111
88841 -55.984 -8.794 13.710 0.333333
89045 -36.989 -32.614 34.158 0.111111
89089 -35.201 -34.186 32.533 0.222222
89095 -43.354 -28.715 26.533 0.222222
89156 -23.338 -37.377 37.160 0.444444
89233 -35.657 -30.549 34.356 0.222222
89236 -49.395 -12.543 21.911 0.111111
89306 -14.436 -50.026 45.428 0.333333
89311 -48.514 -18.841 25.592 0.111111
89334 -35.839 -31.861 33.120 0.444444
89361 -30.727 -33.997 34.808 0.444444
89404 -9.871 -46.206 48.101 0.222222
89547 -42.600 -31.454 30.208 0.222222
89821 -36.519 -31.853 34.078 0.222222
89868 -18.489 -43.488 38.047 0.666667
89869 -18.565 -42.845 38.831 0.444444
89870 -17.666 -43.007 39.131 0.666667
89871 -18.345 -42.320 39.852 0.333333
89875 -26.405 -45.977 37.302 0.222222
89932 -17.423 -47.580 40.176 0.666667
89987 -28.805 -38.789 32.699 0.777778
90013 -31.448 -34.619 32.083 0.333333
90017 -33.093 -35.006 30.083 0.666667
90100 -20.063 -43.558 36.335 0.777778
90122 -39.554 -38.803 30.825 0.222222
90169 -27.447 -33.767 34.792 0.666667
90229 -22.652 -39.284 38.300 0.222222
90238 -25.597 -45.654 36.106 0.444444
90258 -31.042 -41.972 35.478 0.222222
90333 -36.555 -34.204 33.719 0.111111
90365 -36.585 -30.299 35.603 0.111111
90614 -36.103 -32.098 33.150 0.222222
90646 -17.399 -42.547 40.046 0.444444
90777 -54.508 -9.164 14.425 0.444444
90778 -25.883 -36.579 33.294 0.888889
90857 -25.687 -44.521 34.881 0.555556
90912 -35.623 -31.988 32.434 0.555556
90999 -38.241 -27.572 28.002 0.666667
91033 -13.102 -48.772 44.594 0.777778
91043 -23.206 -40.685 34.823 0.888889
91093 -26.743 -43.467 35.103 0.444444
91177 -48.106 -13.803 21.888 0.111111
91189 -47.678 -20.437 26.552 0.111111
91274 -16.557 -43.078 40.279 0.777778
91279 -10.381 -49.902 49.114 0.333333
91342 -11.387 -45.654 44.048 0.777778
91448 -37.123 -30.483 27.710 0.888889
91472 -11.029 -48.267 45.595 0.777778
91547 -36.289 -28.080 27.795 1.000000
91600 -18.877 -42.077 41.497 0.111111
91616 -41.238 -20.576 33.759 0.111111
91636 -37.679 -21.830 34.367 0.111111
91668 -3.607 -44.493 48.151 0.111111
91702 -40.341 -20.668 33.640 0.111111
91762 -38.211 -39.929 31.987 0.333333
91778 -12.433 -45.167 43.488 0.555556
91900 -36.103 -27.394 25.973 1.000000
92068 -34.086 -25.359 27.586 0.888889
92204 -35.423 -32.517 29.342 0.666667
92280 -13.810 -50.969 47.567 0.111111
92358 -16.136 -43.464 44.918 0.111111
92546 -37.000 -29.447 28.232 1.000000
92577 -22.832 -37.771 38.325 0.222222
92591 -43.615 -18.248 20.464 0.888889
92613 -40.177 -28.269 27.587 0.333333
92620 -48.463 -21.730 18.850 0.222222
92645 -38.258 -22.234 26.210 0.333333
92690 -17.189 -42.332 41.151 0.333333
92738 -37.160 -27.776 25.539 1.000000
92821 -42.107 -26.921 31.640 0.111111
92824 -39.156 -27.822 27.773 0.444444
92837 -39.170 -21.981 26.250 0.333333
92838 -50.769 -10.731 19.534 0.111111
92842 -41.200 -20.743 25.038 0.444444
92886 -19.797 -50.028 45.552 0.111111
93043 -39.017 -31.186 27.931 1.000000
93058 -54.292 -13.528 14.307 0.111111
93067 -22.833 -41.399 35.581 0.888889
93130 -40.954 -21.386 21.779 0.888889
93290 -37.643 -27.860 28.609 0.777778
93300 -20.761 -49.585 43.415 0.111111
93427 -26.448 -33.731 39.382 0.111111
93453 -36.141 -29.375 27.902 1.000000
93565 -55.138 -8.733 14.941 0.444444
93648 -22.765 -39.675 37.560 0.333333
93769 -37.278 -25.542 24.192 1.000000
93778 -35.262 -29.896 34.422 0.111111
93781 -7.124 -46.616 48.287 0.666667
93888 -42.743 -22.003 26.402 0.111111
93916 -9.758 -46.015 47.062 0.333333
93923 -55.106 -7.959 16.572 0.333333
93954 -36.661 -25.706 24.740 1.000000
93992 -26.433 -34.107 34.556 0.777778
94008 -40.965 -27.051 31.332 0.111111
94056 -27.379 -47.463 39.261 0.111111
94171 -48.506 -22.369 19.151 0.222222
94279 -43.626 -21.946 26.614 0.111111
94330 -15.444 -48.736 42.652 0.666667
94354 -11.159 -50.093 48.290 0.222222
94418 -36.095 -36.802 28.252 0.888889
94428 -45.582 -16.345 19.366 0.888889
94436 -33.822 -24.776 31.462 0.555556
94477 -35.575 -36.283 27.967 0.888889
94505 -44.341 -20.126 25.573 0.222222
94506 -8.557 -49.010 48.315 0.666667
94519 -21.824 -41.529 38.870 0.555556
94613 -25.716 -38.048 33.228 0.888889
94639 -28.723 -42.125 38.377 0.111111
94705 -18.467 -48.676 41.864 0.333333
94759 -33.195 -41.765 33.893 0.111111
94857 -52.373 -14.608 15.352 0.111111
94888 -26.028 -37.387 33.218 0.888889
95018 -58.056 -7.825 11.712 0.111111
95037 -52.894 -6.817 17.526 0.111111
95088 -29.894 -34.215 37.903 0.111111
95093 -34.875 -25.415 34.843 0.111111
95109 -33.033 -26.040 30.426 0.555556
95210 -13.907 -45.225 41.386 0.888889
95286 -20.407 -47.656 38.067 0.666667
95334 -36.793 -21.894 30.566 0.222222
95483 -42.967 -18.473 21.056 0.888889
95530 -7.551 -45.539 51.170 0.111111
95581 -26.452 -38.983 33.400 0.888889
95621 -8.913 -49.319 51.554 0.111111
95632 -55.607 -9.280 12.767 0.444444
95663 -45.086 -15.976 19.870 0.888889
95672 -33.920 -34.869 32.922 0.111111
95708 -9.794 -49.574 50.201 0.333333
95870 -12.292 -48.333 44.807 0.777778
95909 -29.131 -41.976 37.432 0.111111
95916 -46.529 -17.697 24.364 0.111111
95974 -51.948 -2.987 15.705 0.111111
96014 -33.347 -38.362 29.710 0.666667
96117 -18.708 -49.487 44.026 0.222222
96124 -27.654 -41.780 35.306 0.333333
96146 -54.312 -14.242 17.570 0.111111
96202 -25.312 -34.356 40.852 0.111111
96319 -35.302 -22.725 29.451 0.222222
96364 -52.164 -5.441 17.653 0.111111
96373 -11.262 -49.328 46.754 0.555556
96555 -40.164 -32.279 28.385 0.666667
96589 -35.681 -32.327 28.325 0.777778
96735 -33.557 -39.498 30.994 0.444444
96752 -13.384 -44.919 45.554 0.333333
96816 -32.378 -35.428 37.173 0.111111
96840 -42.197 -21.201 21.168 0.888889
96931 -20.025 -45.620 36.416 0.888889
97085 -30.303 -39.896 32.525 0.666667
97095 -34.764 -30.470 28.248 1.000000
97141 -37.383 -36.877 28.512 0.777778
97158 -29.646 -41.036 34.575 0.333333
97240 -16.302 -42.759 42.987 0.444444
97273 -6.126 -48.213 48.896 0.777778
97313 -2.627 -46.360 49.919 0.111111
97390 -3.417 -47.426 49.932 0.222222
97399 -45.368 -20.573 19.356 0.777778
97402 -16.881 -50.571 46.371 0.111111
97504 -39.425 -28.172 30.949 0.222222
97587 -28.553 -44.588 39.420 0.111111
97642 -5.289 -50.268 50.750 0.222222
97644 -12.069 -45.222 44.205 0.444444
97813 -19.205 -49.277 43.311 0.222222
97839 -47.043 -19.728 18.716 0.666667
97989 -44.717 -22.661 19.977 0.777778
98011 -33.740 -26.538 33.618 0.222222
98201 -22.689 -40.471 37.945 0.222222
98285 -17.383 -41.998 42.166 0.222222
98333 -33.133 -35.442 29.224 0.777778
98340 -50.791 -20.631 20.086 0.111111
98440 -40.552 -24.420 21.792 0.888889
98472 -10.114 -47.988 45.745 0.777778
98550 -41.435 -21.283 28.582 0.222222
98683 -15.530 -43.350 41.133 0.555556
98722 -25.279 -36.386 33.625 0.888889
98753 -34.481 -24.517 27.583 0.777778
98806 -39.000 -21.653 27.537 0.222222
98826 -21.888 -42.895 35.006 0.777778
98876 -19.802 -42.707 38.446 0.555556
99037 -49.453 -15.579 16.963 0.333333
99063 -40.008 -21.693 26.323 0.333333
99096 -22.661 -37.615 40.310 0.111111
99104 -18.203 -48.105 40.460 0.555556
99151 -42.150 -21.504 28.380 0.111111
99265 -42.176 -23.694 21.143 0.888889
99278 -43.981 -22.396 27.769 0.111111
99301 -24.607 -37.299 33.699 0.888889
99315 -39.485 -20.874 33.510 0.111111
99359 -37.011 -21.865 29.823 0.222222
99400 -34.825 -36.061 28.132 0.777778
99514 -36.505 -40.939 33.499 0.111111
99530 -29.429 -41.428 35.169 0.222222
99581 -27.965 -43.528 37.736 0.111111
99674 -29.726 -36.908 30.629 0.777778
99713 -48.275 -14.359 17.095 0.666667
99767 -3.702 -43.982 49.392 0.111111
99780 -33.752 -27.346 33.743 0.444444
99832 -41.781 -24.156 21.312 0.888889
99943 -42.561 -28.129 24.551 0.333333
99995 -5.022 -48.392 49.576 0.555556
100030 -41.131 -30.229 30.264 0.222222
100034 -16.243 -42.956 41.131 0.444444
100078 -24.781 -34.775 41.725 0.111111
100133 -43.937 -27.395 24.228 0.333333
100295 -49.222 -11.274 17.430 0.666667
100333 -17.418 -47.133 39.620 0.777778
100344 -34.711 -25.941 26.461 1.000000
100508 -36.570 -22.179 29.170 0.333333
100521 -43.027 -21.572 20.722 0.888889
100531 -56.066 -7.718 14.013 0.111111
100604 -28.722 -42.369 38.734 0.111111
100631 -49.398 -18.319 18.078 0.444444
100661 -13.656 -45.088 46.244 0.111111
100787 -43.823 -22.126 26.841 0.111111
100812 -27.124 -41.486 34.942 0.333333
100832 -34.821 -29.723 34.099 0.222222
100907 -48.736 -24.283 21.034 0.111111
100921 -50.028 -17.441 17.696 0.333333
100977 -44.703 -19.035 24.988 0.111111
101005 -44.335 -21.299 20.072 0.777778
101070 -8.675 -48.890 47.802 0.777778
101076 -26.898 -41.354 34.356 0.444444
101121 -34.521 -26.184 34.804 0.111111
101246 -28.382 -45.938 39.297 0.111111
101363 -22.872 -48.536 39.244 0.222222
101847 -38.998 -27.825 30.050 0.333333
101865 -38.450 -27.801 29.359 0.555556
101892 -35.867 -22.437 29.557 0.222222
101997 -35.814 -26.761 25.751 1.000000
102056 -44.916 -15.769 22.490 0.555556
102169 -45.477 -21.793 19.514 0.777778
102183 -22.685 -39.900 38.302 0.222222
102207 -53.293 -9.962 17.241 0.333333
102211 -22.728 -38.912 37.777 0.222222
102221 -14.896 -49.084 44.176 0.444444
102297 -39.637 -32.313 28.056 0.777778
102310 -3.338 -45.349 48.557 0.111111
102341 -31.606 -34.595 36.030 0.222222
102358 -16.331 -49.430 44.045 0.444444
102562 -23.795 -37.560 34.693 0.777778
102666 -39.081 -28.220 24.520 0.888889
102693 -45.174 -24.261 20.445 0.666667
102701 -42.304 -18.834 21.635 0.888889
102797 -44.835 -21.927 19.831 0.777778
102923 -36.400 -22.858 26.601 0.666667
102934 -40.640 -35.316 29.065 0.111111
102987 -21.063 -49.165 41.759 0.111111
103016 -39.475 -28.593 25.964 0.444444
103023 -37.722 -29.252 28.940 1.000000
103153 -42.780 -26.971 32.217 0.111111
103203 -42.716 -19.410 20.869 0.888889
103269 -10.495 -49.254 47.121 0.666667
103316 -45.518 -24.771 20.566 0.555556
103348 -32.540 -35.640 29.451 0.888889
103460 -14.385 -50.441 46.038 0.222222
103502 -32.361 -35.187 30.131 0.777778
103519 -40.815 -38.090 30.336 0.222222
103544 -36.715 -40.519 32.775 0.333333
103661 -19.624 -49.611 44.037 0.222222
103722 -28.160 -42.393 36.672 0.222222
103765 -37.852 -21.511 33.099 0.222222
103906 -38.527 -38.466 29.997 0.222222
103924 -27.766 -42.919 36.497 0.222222
103993 -49.746 -12.414 15.773 0.666667
104228 -41.521 -20.912 21.586 0.777778
104331 -13.455 -47.528 42.704 0.777778
104370 -36.750 -41.349 34.129 0.111111
104443 -45.041 -18.520 19.553 0.888889
104493 -9.623 -46.456 45.518 0.777778
104592 -18.104 -49.284 43.628 0.333333
104653 -29.854 -34.569 31.934 0.777778
104659 -3.902 -46.510 50.243 0.111111
104670 -22.947 -42.479 34.256 0.888889
104717 -23.471 -36.726 37.528 0.444444
104873 -38.213 -26.787 23.879 1.000000
105092 -37.323 -21.844 29.165 0.333333
105112 -47.967 -19.985 26.171 0.111111
105116 -13.135 -49.662 45.753 0.555556
105169 -35.196 -30.651 27.951 1.000000
105172 -7.214 -46.333 48.962 0.444444
105216 -43.661 -28.463 25.528 0.222222
105219 -55.418 -8.268 14.926 0.444444
105292 -52.390 -6.184 17.844 0.111111
105411 -36.947 -24.798 24.573 1.000000
105431 -48.417 -13.334 21.452 0.222222
105527 -51.256 -4.880 14.834 0.111111
105663 -3.672 -44.306 50.104 0.111111
105744 -45.651 -20.389 25.982 0.111111
105813 -37.270 -21.636 30.928 0.222222
105886 -21.354 -49.058 41.084 0.111111
105892 -33.966 -38.033 29.324 0.777778
105914 -41.431 -21.878 27.117 0.333333
106019 -22.467 -41.879 36.109 0.777778
106069 -21.126 -44.107 35.178 0.888889
106087 -10.904 -50.116 48.876 0.333333
106129 -26.143 -34.604 33.858 0.777778
106162 -37.182 -33.441 27.348 0.888889
106215 -23.611 -40.222 34.140 0.888889
106232 -26.655 -47.593 38.874 0.111111
106242 -40.368 -21.461 29.784 0.111111
106254 -46.605 -18.059 24.722 0.111111
106308 -52.383 -9.978 16.938 0.333333
106376 -48.859 -14.675 16.780 0.444444
106426 -3.991 -44.007 50.331 0.111111
106507 -23.372 -41.267 34.336 0.888889
106511 -38.799 -28.691 29.876 0.444444
106515 -10.327 -49.828 49.765 0.444444
106518 -46.667 -14.894 22.434 0.333333
106549 -43.609 -16.825 22.242 0.555556
106655 -26.709 -39.625 33.580 0.555556
106770 -55.174 -8.644 17.330 0.222222
106824 -33.878 -28.215 27.841 1.000000
106844 -20.545 -43.087 36.316 0.777778
106857 -22.660 -39.059 38.753 0.111111
106941 -51.125 -12.024 14.470 0.444444
106962 -44.057 -26.960 23.694 0.444444
106988 -37.012 -27.844 28.198 0.888889
107146 -39.129 -20.912 33.979 0.111111
107182 -47.495 -23.158 19.515 0.333333
107185 -18.600 -44.751 37.350 0.888889
107278 -24.843 -34.708 41.233 0.111111
107281 -18.835 -48.356 40.426 0.333333
107386 -38.508 -31.002 27.789 1.000000
107475 -54.612 -9.207 13.809 0.444444
107482 -42.227 -18.997 23.528 0.333333
107490 -24.629 -36.422 34.174 0.777778
107491 -53.555 -10.075 17.984 0.222222
107495 -7.456 -48.237 47.831 0.666667
107496 -22.491 -43.960 34.391 0.888889
107506 -14.130 -48.758 43.694 0.666667
107521 -48.488 -11.828 17.668 0.555556
107565 -46.126 -25.418 21.130 0.444444
107587 -34.153 -24.290 31.907 0.333333
107627 -47.999 -16.689 17.935 0.555556
107671 -46.572 -25.569 21.917 0.111111
107672 -37.799 -25.528 23.704 1.000000
107703 -54.813 -9.083 15.122 0.444444
107708 -19.313 -47.866 39.042 0.555556
107757 -27.522 -45.132 37.780 0.111111
107759 -50.438 -14.478 15.970 0.333333
107780 -24.187 -34.965 38.149 0.111111
107915 -42.918 -28.495 25.094 0.222222
107986 -21.621 -43.588 34.888 0.888889
107999 -52.198 -15.976 18.344 0.111111
108016 -21.614 -41.553 39.471 0.222222
108031 -48.107 -14.324 22.476 0.111111
108226 -19.354 -42.703 38.890 0.444444
108254 -40.991 -30.776 29.794 0.444444
108265 -7.393 -45.955 50.373 0.444444
108419 -54.457 -14.374 16.707 0.111111
108434 -32.767 -36.704 29.087 0.888889
108515 -9.941 -45.758 46.400 0.555556
108537 -33.371 -27.009 33.209 0.444444
108559 -5.513 -46.144 50.081 0.333333
108654 -42.649 -18.300 21.587 0.888889
108713 -41.945 -21.925 27.234 0.333333
108741 -42.907 -28.725 27.012 0.222222
108785 -26.501 -34.979 33.210 0.777778
108792 -2.691 -46.632 50.077 0.222222
108804 -36.047 -34.199 27.806 0.777778
108858 -23.266 -48.310 38.759 0.222222
108868 -33.845 -25.919 27.570 1.000000
108880 -41.972 -20.473 21.369 0.888889
108992 -47.210 -19.162 25.481 0.111111
109012 -22.255 -41.337 38.410 0.555556
109151 -37.263 -41.498 34.406 0.111111
