#!ascii label  , from subject OAS1_0001-3 vox2ras=TkReg 
1586
29061 -14.532 -46.530 54.175 0.000000
29062 -13.999 -46.322 54.705 0.000000
29063 -14.087 -46.019 55.136 0.000000
29064 -15.098 -46.400 54.211 0.000000
29065 -14.837 -45.605 54.940 0.000000
29066 -15.393 -46.017 54.472 0.000000
29067 -12.226 -46.790 53.421 0.000000
29068 -11.633 -46.621 53.729 0.000000
29069 -12.291 -46.446 54.190 0.000000
29070 -13.779 -46.645 53.980 0.000000
29071 -13.273 -46.391 54.473 0.000000
29072 -14.419 -46.895 53.297 0.000000
29073 -15.220 -46.734 53.698 0.000000
29074 -15.873 -46.489 53.874 0.000000
29075 -16.132 -45.945 54.194 0.000000
29076 -16.676 -46.517 53.216 0.000000
29077 -16.538 -46.092 53.748 0.000000
29078 -17.136 -45.870 53.343 0.000000
29079 -12.244 -46.993 52.665 0.000000
29080 -11.441 -46.836 52.995 0.000000
29081 -13.458 -46.932 53.159 0.000000
29082 -13.891 -47.158 52.532 0.000000
29083 -15.231 -47.009 53.056 0.000000
29084 -15.923 -46.992 53.280 0.000000
29085 -17.257 -46.627 52.544 0.000000
29086 -17.828 -46.244 52.431 0.000000
29087 -17.511 -46.154 52.790 0.000000
29088 -18.238 -45.873 52.642 0.000000
29091 -12.362 -47.111 51.797 0.000000
29092 -13.404 -47.180 51.859 0.000000
29093 -14.282 -47.307 51.903 0.000000
29095 -16.313 -47.203 51.955 0.000000
29096 -17.085 -47.034 52.133 0.000000
29097 -17.952 -46.612 51.967 0.000000
29098 -18.299 -46.036 52.344 0.000000
29099 -18.736 -45.938 51.904 0.000000
29103 -12.964 -47.099 51.018 0.000000
29104 -15.160 -47.150 50.932 0.000000
29105 -15.796 -47.264 51.383 0.000000
29106 -18.090 -46.827 51.164 0.000000
29107 -18.717 -46.550 51.287 0.000000
29108 -19.303 -46.386 50.708 0.000000
29117 -12.668 -46.548 50.200 0.000000
29118 -14.294 -46.445 49.961 0.000000
29119 -15.090 -46.856 50.069 0.000000
29120 -15.947 -47.099 50.444 0.000000
29121 -16.877 -47.074 50.508 0.000000
29122 -17.286 -46.870 49.891 0.000000
29123 -18.584 -46.686 50.501 0.000000
29124 -19.311 -46.279 50.085 0.000000
29130 -12.652 -46.177 49.393 0.000000
29131 -14.114 -46.057 49.432 0.000000
29132 -14.936 -46.273 49.446 0.000000
29133 -15.719 -46.711 49.595 0.000000
29134 -16.519 -46.885 49.763 0.000000
29135 -16.965 -46.560 49.467 0.000000
29136 -17.668 -46.418 49.440 0.000000
29137 -18.532 -46.382 49.735 0.000000
29142 -14.968 -45.825 48.978 0.000000
29143 -15.528 -46.141 49.220 0.000000
29144 -16.304 -46.361 49.261 0.000000
29817 -11.338 -45.635 54.810 0.000000
29818 -10.829 -45.307 54.907 0.000000
29819 -11.609 -45.288 55.165 0.000000
29820 -12.212 -45.627 54.954 0.000000
29821 -12.534 -45.268 55.324 0.000000
29822 -13.172 -45.724 55.116 0.000000
29823 -13.467 -45.480 55.338 0.000000
29824 -13.895 -45.814 55.274 0.000000
29825 -14.142 -45.589 55.336 0.000000
29826 -14.608 -45.425 55.260 0.000000
29827 -15.171 -45.233 55.029 0.000000
29828 -10.669 -45.706 54.545 0.000000
29829 -9.896 -45.811 54.184 0.000000
29830 -10.130 -45.208 54.601 0.000000
29831 -11.141 -45.963 54.495 0.000000
29832 -11.827 -45.982 54.587 0.000000
29833 -13.617 -46.063 54.992 0.000000
29834 -16.746 -45.479 53.915 0.000000
29835 -16.640 -45.016 54.289 0.000000
29836 -17.486 -45.314 53.466 0.000000
29837 -17.228 -44.952 53.860 0.000000
29838 -17.779 -44.952 53.570 0.000000
29841 -9.207 -45.319 53.650 0.000000
29842 -10.190 -46.241 53.731 0.000000
29843 -11.381 -46.310 54.185 0.000000
29844 -17.935 -45.677 52.989 0.000000
29845 -18.689 -45.619 52.912 0.000000
29846 -18.234 -45.278 53.248 0.000000
29847 -18.798 -45.298 53.145 0.000000
29853 -10.578 -46.558 52.978 0.000000
29854 -18.790 -45.735 52.583 0.000000
29855 -19.811 -45.531 52.223 0.000000
29856 -19.236 -45.498 52.635 0.000000
29863 -19.515 -45.779 51.765 0.000000
29864 -20.201 -45.496 51.611 0.000000
29865 -20.390 -45.304 52.018 0.000000
29866 -20.739 -44.938 51.381 0.000000
29875 -19.862 -45.848 50.954 0.000000
29876 -20.511 -45.152 50.810 0.000000
29877 -21.117 -44.584 50.637 0.000000
29878 -2.839 -45.676 50.025 0.000000
29886 -19.990 -45.663 49.584 0.000000
29887 -20.248 -45.367 50.179 0.000000
29888 -21.060 -44.788 50.018 0.000000
29889 -21.407 -44.264 50.055 0.000000
29896 -18.318 -45.982 49.059 0.000000
29897 -19.164 -45.905 49.347 0.000000
29898 -19.764 -45.487 48.772 0.000000
29899 -20.791 -44.990 49.509 0.000000
29900 -21.262 -44.418 49.425 0.000000
29901 -21.507 -44.139 49.546 0.000000
29910 -15.439 -45.607 48.511 0.000000
29911 -16.405 -45.659 48.589 0.000000
29912 -17.321 -45.629 48.427 0.000000
29914 -18.878 -45.531 48.656 0.000000
29915 -20.599 -45.106 48.894 0.000000
29916 -21.287 -44.298 49.043 0.000000
29927 -15.862 -45.129 47.853 0.000000
29928 -16.807 -45.229 47.896 0.000000
29929 -17.672 -45.256 47.915 0.000000
29930 -18.613 -45.191 48.018 0.000000
29931 -20.233 -45.019 48.212 0.000000
30577 -11.054 -44.993 55.272 0.000000
30578 -10.690 -44.541 55.192 0.000000
30579 -11.129 -44.087 55.375 0.000000
30580 -11.859 -44.846 55.439 0.000000
30581 -12.361 -44.479 55.467 0.000000
30582 -12.916 -45.006 55.503 0.000000
30583 -12.990 -44.561 55.416 0.000000
30584 -9.613 -44.517 54.558 0.000000
30585 -9.181 -43.967 54.563 0.000000
30586 -9.560 -44.331 54.624 0.000000
30587 -10.246 -44.822 54.824 0.000000
30588 -10.219 -44.253 55.122 0.000000
30589 -13.650 -45.175 55.386 0.000000
30590 -14.387 -45.228 55.337 0.000000
30591 -15.103 -45.017 55.232 0.000000
30592 -15.712 -45.132 54.688 0.000000
30593 -8.890 -44.216 53.926 0.000000
30594 -8.722 -44.290 53.792 0.000000
30595 -8.877 -43.764 54.376 0.000000
30596 -9.440 -44.995 54.159 0.000000
30597 -16.661 -44.789 54.278 0.000000
30599 -17.620 -44.461 53.815 0.000000
30600 -18.241 -45.212 53.502 0.000000
30601 -8.315 -44.730 53.421 0.000000
30603 -8.662 -45.001 53.471 0.000000
30604 -19.135 -45.302 52.929 0.000000
30605 -18.691 -44.789 53.321 0.000000
30606 -19.515 -44.826 52.705 0.000000
30611 -20.420 -45.170 52.129 0.000000
30612 -20.431 -44.756 52.240 0.000000
30613 -21.274 -44.232 51.354 0.000000
30615 -5.715 -44.206 51.401 0.000000
30616 -21.360 -44.309 51.060 0.000000
30617 -21.879 -43.926 50.983 0.000000
30618 -4.827 -44.623 50.661 0.000000
30619 -3.946 -44.642 50.424 0.000000
30620 -21.616 -44.014 50.369 0.000000
30621 -21.970 -43.710 50.610 0.000000
30622 -22.092 -43.478 49.983 0.000000
30624 -3.314 -45.263 50.196 0.000000
30625 -21.783 -43.788 49.725 0.000000
30626 -22.360 -43.494 49.410 0.000000
30628 -21.704 -43.966 49.132 0.000000
30629 -22.037 -43.794 49.199 0.000000
30630 -22.549 -43.547 48.955 0.000000
30632 -20.898 -44.213 48.594 0.000000
30633 -21.948 -43.848 48.871 0.000000
30634 -22.243 -43.714 48.857 0.000000
30635 -22.711 -43.419 48.520 0.000000
30640 -18.199 -44.533 47.376 0.000000
30641 -19.482 -44.501 47.688 0.000000
30642 -20.494 -43.962 47.920 0.000000
30643 -21.209 -43.642 47.990 0.000000
30644 -21.740 -43.746 48.449 0.000000
30645 -22.312 -43.613 48.511 0.000000
30646 -22.537 -43.292 47.848 0.000000
30654 -16.575 -44.302 46.791 0.000000
30655 -18.099 -43.817 46.600 0.000000
30656 -19.096 -43.795 46.926 0.000000
30657 -20.151 -43.666 47.117 0.000000
30658 -21.047 -43.703 47.176 0.000000
30659 -21.684 -43.485 47.397 0.000000
30660 -22.067 -43.134 47.145 0.000000
30670 -18.844 -43.463 46.049 0.000000
30671 -19.827 -43.446 46.171 0.000000
30672 -20.795 -43.562 46.290 0.000000
31317 -10.448 -44.056 55.239 0.000000
31318 -9.762 -43.663 55.217 0.000000
31319 -10.697 -43.440 55.466 0.000000
31320 -11.540 -43.560 55.499 0.000000
31321 -12.106 -43.744 55.502 0.000000
31322 -12.530 -43.975 55.423 0.000000
31323 -13.679 -44.633 55.201 0.000000
31324 -12.914 -43.871 55.323 0.000000
31325 -13.304 -43.673 55.077 0.000000
31326 -9.111 -43.629 54.818 0.000000
31327 -9.263 -43.901 54.744 0.000000
31329 -8.552 -43.978 53.821 0.000000
31330 -15.776 -44.773 54.632 0.000000
31333 -18.109 -45.059 54.244 0.000000
31334 -7.673 -43.741 53.400 0.000000
31335 -8.334 -44.103 53.683 0.000000
31336 -18.269 -44.484 53.740 0.000000
31338 -20.379 -43.965 52.265 0.000000
31339 -6.303 -43.562 52.255 0.000000
31340 -7.099 -43.942 52.700 0.000000
31341 -21.216 -44.055 51.665 0.000000
31344 -4.902 -43.105 51.554 0.000000
31345 -5.580 -43.404 51.867 0.000000
31347 -21.924 -43.650 51.138 0.000000
31349 -3.994 -43.368 50.266 0.000000
31350 -4.438 -43.765 50.777 0.000000
31353 -23.006 -42.747 49.849 0.000000
31354 -4.028 -43.129 49.362 0.000000
31355 -3.749 -43.701 49.821 0.000000
31356 -22.676 -43.130 49.626 0.000000
31358 -3.885 -43.591 48.669 0.000000
31359 -22.931 -43.204 49.154 0.000000
31360 -23.616 -42.968 48.875 0.000000
31362 -23.021 -43.249 48.791 0.000000
31363 -23.389 -43.064 48.451 0.000000
31365 -23.088 -43.078 48.005 0.000000
31366 -23.689 -42.705 48.008 0.000000
31368 -22.374 -42.778 46.840 0.000000
31369 -22.771 -42.387 46.614 0.000000
31370 -23.236 -42.483 47.426 0.000000
31375 -20.412 -43.173 45.244 0.000000
31376 -21.361 -43.385 45.593 0.000000
31377 -22.235 -43.117 46.084 0.000000
31378 -22.566 -42.740 45.849 0.000000
31379 -22.583 -42.584 45.380 0.000000
31387 -19.016 -42.750 44.672 0.000000
31389 -19.771 -42.790 44.699 0.000000
31391 -21.755 -43.116 44.767 0.000000
31392 -22.341 -42.943 45.176 0.000000
31393 -22.389 -42.454 44.714 0.000000
31405 -20.347 -42.788 43.974 0.000000
31407 -20.994 -42.698 43.441 0.000000
31422 -21.245 -42.235 42.975 0.000000
31423 -21.418 -41.894 42.367 0.000000
31978 -9.084 -43.404 54.956 0.000000
31979 -8.923 -42.915 55.022 0.000000
31980 -9.474 -42.921 55.350 0.000000
31981 -10.384 -42.657 55.582 0.000000
31982 -11.280 -42.867 55.585 0.000000
31983 -11.940 -43.045 55.574 0.000000
31984 -12.468 -43.248 55.499 0.000000
31985 -12.782 -42.572 55.477 0.000000
31986 -8.824 -43.459 54.663 0.000000
31987 -8.410 -42.454 54.760 0.000000
31988 -8.727 -42.608 54.929 0.000000
31989 -14.446 -44.286 54.809 0.000000
31990 -13.747 -43.422 54.690 0.000000
31991 -7.987 -43.392 53.913 0.000000
31992 -7.681 -42.681 53.973 0.000000
31993 -8.244 -42.907 54.514 0.000000
31999 -6.883 -43.228 52.843 0.000000
32000 -6.482 -42.592 52.539 0.000000
32001 -7.156 -42.780 53.256 0.000000
32008 -19.201 -43.734 52.767 0.000000
32011 -5.934 -42.869 52.303 0.000000
32012 -5.364 -42.552 51.969 0.000000
32013 -5.645 -42.297 52.017 0.000000
32020 -22.369 -42.618 51.159 0.000000
32022 -4.875 -42.414 51.727 0.000000
32026 -4.057 -42.485 50.413 0.000000
32027 -4.353 -42.850 51.046 0.000000
32030 -3.988 -42.356 49.414 0.000000
32031 -3.874 -42.786 49.849 0.000000
32034 -4.085 -42.792 49.068 0.000000
32036 -24.183 -41.956 49.378 0.000000
32038 -23.894 -42.650 48.432 0.000000
32039 -24.008 -42.268 48.699 0.000000
32042 -23.822 -42.173 47.481 0.000000
32045 -23.328 -41.964 46.730 0.000000
32047 -22.748 -42.283 45.900 0.000000
32048 -23.010 -41.853 46.115 0.000000
32050 -22.688 -42.214 45.281 0.000000
32058 -22.023 -42.096 43.771 0.000000
32073 -21.647 -41.640 42.199 0.000000
32074 -21.893 -41.533 42.300 0.000000
32083 -3.914 -43.246 41.936 0.000000
32099 -5.860 -43.312 40.285 0.000000
32100 -6.360 -43.490 39.395 0.000000
32723 -9.104 -42.433 55.166 0.000000
32724 -9.683 -42.232 55.437 0.000000
32725 -10.326 -41.959 55.616 0.000000
32726 -11.064 -42.202 55.678 0.000000
32727 -11.777 -42.399 55.627 0.000000
32728 -12.705 -42.114 55.496 0.000000
32729 -13.348 -42.566 55.143 0.000000
32730 -13.273 -41.885 55.295 0.000000
32731 -14.131 -41.439 55.003 0.000000
32732 -8.266 -41.946 54.669 0.000000
32733 -8.609 -42.101 54.895 0.000000
32734 -9.302 -41.981 55.251 0.000000
32735 -14.029 -42.175 54.683 0.000000
32736 -7.530 -42.027 53.910 0.000000
32737 -7.968 -42.245 54.499 0.000000
32739 -14.533 -42.047 54.239 0.000000
32740 -6.301 -42.160 52.299 0.000000
32741 -7.092 -42.346 53.119 0.000000
32745 -5.283 -42.107 51.913 0.000000
32758 -4.949 -42.006 51.845 0.000000
32765 -4.169 -41.805 50.477 0.000000
32766 -4.412 -42.170 51.265 0.000000
32770 -3.907 -42.166 49.807 0.000000
32772 -4.088 -42.194 49.096 0.000000
32773 -4.052 -41.974 49.188 0.000000
32774 -24.354 -41.565 49.131 0.000000
32775 -4.320 -42.621 48.442 0.000000
32776 -24.063 -42.248 48.118 0.000000
32777 -24.172 -41.625 48.164 0.000000
32779 -4.698 -42.665 47.828 0.000000
32780 -5.051 -42.586 47.093 0.000000
32781 -24.167 -41.866 47.556 0.000000
32782 -24.204 -41.360 47.404 0.000000
32783 -4.756 -42.709 46.231 0.000000
32784 -23.672 -41.632 46.725 0.000000
32785 -24.152 -41.541 47.117 0.000000
32787 -23.346 -41.416 46.248 0.000000
32789 -22.663 -41.662 44.786 0.000000
32790 -22.907 -41.711 45.667 0.000000
32792 -22.025 -41.710 43.203 0.000000
32806 -5.125 -42.540 42.018 0.000000
32807 -5.300 -42.822 41.074 0.000000
32808 -6.023 -42.371 41.632 0.000000
32809 -6.419 -42.752 40.844 0.000000
32819 -6.964 -43.040 40.005 0.000000
32820 -7.375 -42.592 40.581 0.000000
32821 -7.958 -42.509 39.736 0.000000
32822 -8.219 -42.143 40.904 0.000000
32823 -8.766 -41.876 39.815 0.000000
32835 -7.798 -42.169 38.585 0.000000
32836 -8.443 -41.944 39.060 0.000000
32851 -7.237 -41.922 37.882 0.000000
33444 -9.810 -41.805 55.434 0.000000
33445 -10.275 -41.424 55.568 0.000000
33446 -10.858 -41.723 55.690 0.000000
33447 -11.609 -41.767 55.684 0.000000
33448 -13.059 -41.485 55.370 0.000000
33449 -13.954 -41.134 55.148 0.000000
33450 -15.077 -40.698 54.978 0.000000
33451 -14.705 -40.711 54.965 0.000000
33452 -15.423 -40.036 55.330 0.000000
33453 -8.715 -41.676 54.580 0.000000
33454 -9.056 -41.817 54.989 0.000000
33455 -9.601 -41.532 55.261 0.000000
33456 -14.687 -41.502 54.738 0.000000
33457 -15.336 -40.819 54.970 0.000000
33458 -15.757 -40.230 55.350 0.000000
33459 -16.041 -40.512 55.329 0.000000
33460 -7.955 -41.769 54.299 0.000000
33461 -8.287 -41.671 54.356 0.000000
33464 -7.061 -41.923 52.885 0.000000
33465 -7.651 -41.603 53.641 0.000000
33466 -8.121 -41.422 53.968 0.000000
33468 -5.503 -42.050 51.859 0.000000
33469 -6.320 -41.812 52.046 0.000000
33470 -7.189 -41.514 52.639 0.000000
33482 -5.310 -41.861 51.831 0.000000
33490 -4.651 -41.318 50.770 0.000000
33498 -4.007 -41.811 49.613 0.000000
33504 -4.353 -42.244 48.654 0.000000
33505 -5.226 -42.105 47.953 0.000000
33506 -24.301 -40.786 48.045 0.000000
33508 -5.420 -42.078 47.133 0.000000
33509 -5.279 -42.166 46.366 0.000000
33510 -23.903 -41.343 46.755 0.000000
33511 -24.184 -40.914 46.985 0.000000
33512 -4.946 -42.360 45.645 0.000000
33513 -23.734 -40.880 46.307 0.000000
33515 -4.797 -42.519 44.786 0.000000
33516 -5.172 -41.924 44.958 0.000000
33517 -22.571 -40.929 44.374 0.000000
33518 -23.117 -41.054 45.535 0.000000
33519 -4.452 -42.618 43.417 0.000000
33520 -4.976 -41.945 43.724 0.000000
33521 -5.611 -41.418 43.983 0.000000
33522 -22.335 -40.903 43.178 0.000000
33524 -5.905 -42.200 42.513 0.000000
33525 -5.839 -41.917 43.362 0.000000
33526 -6.762 -41.716 42.877 0.000000
33528 -7.039 -42.242 41.367 0.000000
33529 -7.553 -41.582 42.055 0.000000
33530 -8.669 -41.402 41.636 0.000000
33531 -9.110 -41.517 40.583 0.000000
33533 -9.207 -41.270 39.630 0.000000
33537 -8.105 -41.428 38.580 0.000000
33538 -8.702 -41.174 38.864 0.000000
33543 -7.472 -41.297 38.082 0.000000
33544 -7.837 -40.638 38.226 0.000000
34127 -11.055 -41.276 55.716 0.000000
34128 -12.366 -41.367 55.558 0.000000
34129 -13.124 -40.849 55.303 0.000000
34130 -13.909 -40.787 55.110 0.000000
34131 -15.453 -39.520 55.257 0.000000
34132 -16.090 -39.441 55.474 0.000000
34133 -16.397 -38.716 55.598 0.000000
34134 -16.665 -38.989 55.628 0.000000
34135 -9.383 -41.110 54.939 0.000000
34136 -9.905 -40.939 55.386 0.000000
34137 -10.509 -40.648 55.639 0.000000
34138 -11.389 -40.575 55.695 0.000000
34139 -12.340 -40.551 55.501 0.000000
34140 -16.411 -39.756 55.517 0.000000
34142 -8.500 -41.356 54.089 0.000000
34143 -9.061 -41.073 54.289 0.000000
34144 -9.455 -40.472 54.717 0.000000
34145 -9.895 -40.076 55.369 0.000000
34146 -16.767 -40.062 55.420 0.000000
34148 -7.840 -41.126 53.315 0.000000
34149 -8.265 -40.916 53.666 0.000000
34150 -8.663 -40.819 53.867 0.000000
34153 -6.457 -41.367 51.896 0.000000
34154 -7.404 -40.959 52.405 0.000000
34155 -7.909 -40.534 53.137 0.000000
34164 -6.036 -40.715 51.557 0.000000
34165 -6.635 -40.860 51.830 0.000000
34171 -5.726 -40.540 50.869 0.000000
34179 -4.256 -41.287 50.029 0.000000
34180 -4.738 -40.792 49.618 0.000000
34188 -4.274 -41.507 49.214 0.000000
34189 -4.978 -41.068 48.843 0.000000
34193 -4.858 -41.715 48.458 0.000000
34194 -5.404 -41.361 48.086 0.000000
34197 -5.403 -41.807 47.691 0.000000
34198 -24.507 -39.997 47.708 0.000000
34200 -5.494 -41.959 46.578 0.000000
34201 -5.701 -41.717 46.267 0.000000
34202 -5.644 -41.493 47.022 0.000000
34203 -6.036 -41.264 46.284 0.000000
34204 -24.263 -39.952 47.015 0.000000
34205 -5.327 -41.979 45.906 0.000000
34206 -5.774 -41.500 45.486 0.000000
34207 -6.252 -40.990 45.611 0.000000
34208 -23.915 -39.760 45.678 0.000000
34209 -24.089 -40.215 46.298 0.000000
34210 -5.642 -41.399 44.574 0.000000
34211 -6.298 -40.994 44.308 0.000000
34212 -6.179 -40.910 44.978 0.000000
34213 -6.813 -40.463 44.681 0.000000
34214 -22.468 -40.108 43.768 0.000000
34215 -23.080 -40.128 45.045 0.000000
34216 -6.668 -41.208 43.689 0.000000
34217 -7.106 -40.652 44.001 0.000000
34218 -7.751 -40.450 43.551 0.000000
34219 -22.379 -40.375 42.777 0.000000
34220 -7.587 -40.991 43.156 0.000000
34221 -8.282 -41.029 42.558 0.000000
34222 -8.434 -40.323 42.935 0.000000
34223 -9.034 -40.766 42.243 0.000000
34224 -9.249 -40.268 42.500 0.000000
34225 -9.757 -40.409 41.777 0.000000
34227 -9.511 -40.975 41.225 0.000000
34228 -10.112 -40.336 40.751 0.000000
34230 -9.727 -40.813 39.970 0.000000
34231 -9.786 -40.071 39.074 0.000000
34233 -9.251 -40.614 38.955 0.000000
34235 -7.070 -40.544 37.828 0.000000
34237 -7.194 -39.903 37.814 0.000000
34238 -8.251 -39.954 38.303 0.000000
34241 -5.042 -39.445 36.635 0.000000
34866 -14.731 -40.019 54.952 0.000000
34872 -10.826 -39.860 55.460 0.000000
34873 -11.795 -39.856 55.431 0.000000
34874 -12.736 -39.925 55.198 0.000000
34875 -13.809 -39.909 54.754 0.000000
34877 -17.349 -38.733 55.623 0.000000
34878 -9.109 -40.385 54.130 0.000000
34879 -9.670 -39.840 54.601 0.000000
34880 -11.320 -39.401 55.010 0.000000
34881 -12.251 -39.504 54.952 0.000000
34882 -13.199 -39.642 54.691 0.000000
34883 -14.149 -39.408 54.553 0.000000
34886 -8.417 -40.196 53.601 0.000000
34887 -9.236 -39.789 53.786 0.000000
34888 -10.091 -39.425 53.957 0.000000
34889 -10.976 -39.395 54.030 0.000000
34890 -11.861 -39.309 54.140 0.000000
34891 -12.756 -39.310 54.154 0.000000
34892 -13.414 -38.943 53.498 0.000000
34893 -14.300 -38.905 54.058 0.000000
34897 -7.431 -40.460 52.401 0.000000
34898 -7.944 -39.980 52.953 0.000000
34899 -9.706 -39.445 52.924 0.000000
34900 -10.634 -39.231 53.120 0.000000
34901 -11.477 -39.018 53.285 0.000000
34902 -12.828 -38.789 52.857 0.000000
34903 -13.665 -38.735 52.602 0.000000
34910 -6.807 -40.377 51.825 0.000000
34911 -7.617 -39.958 52.074 0.000000
34912 -8.577 -39.595 52.176 0.000000
34913 -9.600 -39.185 51.200 0.000000
34914 -10.973 -39.171 51.548 0.000000
34915 -11.877 -39.037 51.875 0.000000
34916 -12.813 -38.829 52.091 0.000000
34917 -13.622 -38.679 51.918 0.000000
34923 -6.398 -40.102 51.219 0.000000
34924 -9.710 -39.053 50.487 0.000000
34925 -11.088 -39.130 50.660 0.000000
34926 -11.896 -39.241 51.059 0.000000
34927 -12.774 -39.182 50.733 0.000000
34928 -13.597 -38.730 50.582 0.000000
34932 -5.483 -40.409 50.024 0.000000
34933 -6.194 -40.068 49.598 0.000000
34934 -6.936 -39.694 50.036 0.000000
34935 -10.019 -39.067 49.650 0.000000
34936 -11.002 -39.093 49.861 0.000000
34937 -12.021 -39.230 50.122 0.000000
34938 -13.023 -39.077 49.909 0.000000
34939 -13.648 -38.458 49.631 0.000000
34945 -5.450 -40.477 49.185 0.000000
34946 -6.072 -39.995 48.716 0.000000
34947 -6.945 -39.772 49.213 0.000000
34948 -10.030 -39.362 48.713 0.000000
34949 -10.877 -39.388 49.060 0.000000
34950 -11.774 -39.379 49.266 0.000000
34951 -12.530 -39.307 48.543 0.000000
34952 -13.223 -38.996 49.043 0.000000
34959 -5.531 -40.591 48.369 0.000000
34960 -5.954 -40.002 47.829 0.000000
34961 -6.842 -39.673 48.303 0.000000
34962 -10.483 -39.426 47.378 0.000000
34963 -10.896 -39.496 48.152 0.000000
34964 -11.957 -39.457 47.864 0.000000
34965 -12.777 -39.132 47.606 0.000000
34968 -5.654 -40.925 47.618 0.000000
34969 -6.890 -39.833 47.318 0.000000
34970 -7.925 -39.655 47.114 0.000000
34971 -10.200 -39.440 46.636 0.000000
34972 -11.097 -39.443 46.751 0.000000
34973 -12.125 -39.299 46.930 0.000000
34974 -12.960 -38.843 46.779 0.000000
34975 -24.728 -39.429 47.588 0.000000
34977 -6.452 -40.671 46.136 0.000000
34978 -7.019 -40.104 45.938 0.000000
34979 -7.431 -39.844 46.537 0.000000
34980 -8.690 -39.556 46.783 0.000000
34981 -9.566 -39.530 45.557 0.000000
34982 -10.806 -39.493 46.024 0.000000
34983 -11.729 -39.400 46.101 0.000000
34984 -12.868 -38.683 45.187 0.000000
34985 -24.502 -39.128 47.025 0.000000
34986 -6.619 -40.456 45.387 0.000000
34987 -7.283 -39.979 45.183 0.000000
34988 -8.196 -39.769 45.097 0.000000
34989 -9.077 -39.698 45.012 0.000000
34990 -9.867 -39.514 44.849 0.000000
34991 -11.069 -39.628 44.588 0.000000
34992 -12.127 -39.348 44.678 0.000000
34993 -12.732 -38.705 44.336 0.000000
34994 -24.067 -38.888 45.522 0.000000
34995 -24.418 -39.287 46.173 0.000000
34996 -7.702 -40.097 44.297 0.000000
34997 -8.683 -39.802 44.343 0.000000
34998 -9.529 -39.694 44.291 0.000000
34999 -10.319 -39.673 44.277 0.000000
35000 -10.991 -39.717 43.761 0.000000
35001 -11.711 -39.399 43.308 0.000000
35002 -12.323 -39.091 43.797 0.000000
35003 -22.900 -39.261 44.319 0.000000
35004 -23.505 -38.549 44.844 0.000000
35005 -8.407 -39.966 43.564 0.000000
35006 -9.155 -39.843 43.020 0.000000
35007 -10.043 -39.820 43.476 0.000000
35008 -10.986 -39.719 42.877 0.000000
35009 -11.734 -39.130 42.424 0.000000
35011 -22.885 -38.244 44.095 0.000000
35012 -10.102 -39.977 42.383 0.000000
35013 -11.100 -39.522 41.885 0.000000
35014 -11.740 -38.750 41.431 0.000000
35015 -22.458 -38.747 42.396 0.000000
35016 -10.498 -39.904 41.330 0.000000
35017 -11.309 -38.673 40.602 0.000000
35019 -10.684 -39.479 40.289 0.000000
35020 -10.718 -38.502 39.835 0.000000
35022 -9.153 -39.873 38.608 0.000000
35023 -9.532 -39.211 38.688 0.000000
35024 -10.222 -39.298 39.334 0.000000
35026 -6.299 -39.000 37.540 0.000000
35027 -7.168 -38.546 37.683 0.000000
35028 -8.017 -38.957 38.046 0.000000
35029 -8.737 -39.268 38.396 0.000000
35032 -4.904 -38.904 36.568 0.000000
35033 -5.578 -38.953 36.960 0.000000
35643 -14.298 -38.497 53.248 0.000000
35653 -14.214 -38.300 52.260 0.000000
35659 -13.883 -38.509 51.395 0.000000
35660 -14.286 -37.876 51.495 0.000000
35667 -14.050 -37.873 50.184 0.000000
35668 -14.090 -38.176 50.875 0.000000
35674 -13.651 -38.237 48.764 0.000000
35678 -13.227 -38.817 48.212 0.000000
35679 -13.488 -38.047 47.983 0.000000
35684 -13.219 -38.536 47.441 0.000000
35685 -13.195 -37.862 47.404 0.000000
35687 -13.106 -38.354 46.010 0.000000
35688 -13.135 -38.069 46.761 0.000000
35689 -25.047 -37.511 46.063 0.000000
35690 -25.174 -37.857 47.175 0.000000
35691 -13.045 -37.826 44.520 0.000000
35692 -24.160 -38.013 45.153 0.000000
35693 -24.617 -38.356 45.757 0.000000
35694 -33.749 -37.125 44.157 0.000000
35695 -32.999 -36.761 44.341 0.000000
35696 -33.303 -36.648 44.986 0.000000
35697 -34.616 -37.393 44.394 0.000000
35698 -34.785 -37.379 45.164 0.000000
35699 -35.293 -37.614 44.659 0.000000
35703 -12.794 -38.230 43.566 0.000000
35705 -32.640 -36.873 43.590 0.000000
35706 -31.936 -36.785 43.092 0.000000
35707 -32.116 -36.471 44.239 0.000000
35708 -33.493 -37.297 43.341 0.000000
35709 -34.420 -37.485 43.590 0.000000
35710 -35.141 -37.780 43.874 0.000000
35711 -35.772 -37.833 44.135 0.000000
35714 -12.332 -38.715 42.962 0.000000
35715 -12.663 -38.015 42.656 0.000000
35717 -32.835 -37.233 42.855 0.000000
35718 -33.492 -37.452 42.733 0.000000
35719 -34.201 -37.618 42.944 0.000000
35720 -34.957 -37.862 43.136 0.000000
35721 -36.758 -37.982 42.977 0.000000
35722 -37.481 -37.763 43.160 0.000000
35724 -38.078 -37.713 42.808 0.000000
35725 -12.271 -38.390 42.122 0.000000
35727 -32.444 -37.093 42.515 0.000000
35728 -33.136 -37.381 42.256 0.000000
35729 -34.653 -37.918 42.016 0.000000
35730 -36.042 -38.287 42.084 0.000000
35731 -36.730 -38.315 42.407 0.000000
35732 -37.401 -38.113 42.533 0.000000
35733 -38.575 -37.625 41.465 0.000000
35734 -12.114 -37.961 41.433 0.000000
35738 -34.505 -37.842 41.125 0.000000
35739 -35.243 -38.195 41.417 0.000000
35740 -36.123 -38.059 41.192 0.000000
35741 -36.983 -38.094 40.962 0.000000
35742 -37.883 -38.033 41.243 0.000000
35743 -38.476 -37.699 40.727 0.000000
35744 -10.612 -37.612 39.771 0.000000
35745 -11.292 -37.916 40.370 0.000000
35750 -36.035 -38.345 39.838 0.000000
35751 -36.858 -38.253 39.960 0.000000
35752 -37.707 -38.009 40.402 0.000000
35753 -38.360 -37.662 39.892 0.000000
35754 -9.302 -37.365 38.652 0.000000
35755 -9.971 -38.191 39.034 0.000000
35761 -35.823 -38.137 39.282 0.000000
35762 -36.418 -38.198 39.434 0.000000
35763 -37.121 -37.942 39.143 0.000000
35764 -37.872 -37.696 39.247 0.000000
35765 -7.339 -37.570 37.498 0.000000
35766 -8.096 -38.006 37.795 0.000000
35767 -8.926 -38.362 38.352 0.000000
35774 -36.954 -37.559 38.383 0.000000
35775 -37.699 -37.448 38.595 0.000000
35776 -4.696 -38.148 36.563 0.000000
35777 -5.419 -38.295 36.875 0.000000
35778 -6.260 -38.225 37.425 0.000000
35789 -4.204 -37.936 36.274 0.000000
36393 -14.413 -37.403 52.239 0.000000
36404 -14.221 -37.359 50.802 0.000000
36405 -14.212 -36.950 51.514 0.000000
36414 -14.077 -36.895 50.044 0.000000
36420 -4.552 -36.845 49.377 0.000000
36422 -6.317 -37.166 48.882 0.000000
36423 -13.488 -37.205 48.552 0.000000
36429 -4.741 -36.793 48.699 0.000000
36430 -5.389 -37.110 48.667 0.000000
36431 -13.104 -37.333 47.802 0.000000
36432 -12.446 -36.960 47.742 0.000000
36433 -12.767 -36.778 48.183 0.000000
36437 -26.972 -36.746 48.622 0.000000
36438 -12.736 -37.285 47.070 0.000000
36439 -25.881 -36.386 47.399 0.000000
36440 -26.342 -37.319 48.126 0.000000
36441 -12.957 -37.340 46.041 0.000000
36442 -25.249 -36.363 45.999 0.000000
36443 -25.285 -36.834 46.865 0.000000
36444 -32.013 -36.078 45.213 0.000000
36445 -31.484 -35.773 45.382 0.000000
36446 -32.382 -35.984 45.589 0.000000
36447 -33.022 -36.277 45.415 0.000000
36448 -33.293 -36.018 45.832 0.000000
36449 -33.791 -36.544 45.442 0.000000
36450 -34.356 -36.428 45.771 0.000000
36451 -35.038 -36.953 45.567 0.000000
36456 -12.877 -37.135 45.123 0.000000
36457 -24.132 -36.925 44.898 0.000000
36458 -24.766 -36.678 45.457 0.000000
36459 -30.259 -35.993 44.101 0.000000
36460 -29.693 -35.832 44.119 0.000000
36461 -30.210 -35.677 44.613 0.000000
36462 -31.621 -36.129 44.743 0.000000
36463 -30.829 -35.622 45.138 0.000000
36464 -32.504 -36.414 44.869 0.000000
36469 -12.598 -37.286 43.834 0.000000
36470 -23.677 -36.662 44.071 0.000000
36471 -29.892 -35.922 43.829 0.000000
36472 -29.594 -35.780 43.993 0.000000
36473 -30.460 -36.193 43.687 0.000000
36474 -31.120 -36.279 44.123 0.000000
36477 -12.322 -37.356 42.513 0.000000
36478 -11.570 -36.700 42.503 0.000000
36479 -12.129 -36.838 43.224 0.000000
36481 -23.027 -37.238 43.722 0.000000
36482 -30.141 -36.039 43.264 0.000000
36483 -31.006 -36.309 43.141 0.000000
36484 -38.690 -37.291 43.146 0.000000
36486 -39.286 -36.817 42.447 0.000000
36487 -11.862 -37.241 41.709 0.000000
36489 -30.818 -36.172 42.573 0.000000
36490 -30.084 -36.020 42.470 0.000000
36491 -31.724 -36.669 42.540 0.000000
36492 -39.088 -37.077 41.630 0.000000
36493 -39.612 -36.597 41.663 0.000000
36494 -11.404 -36.920 41.004 0.000000
36500 -39.044 -37.335 40.981 0.000000
36501 -39.333 -36.864 41.170 0.000000
36502 -39.699 -36.315 40.947 0.000000
36503 -10.367 -36.876 39.920 0.000000
36504 -11.085 -37.194 40.438 0.000000
36509 -38.931 -37.410 40.383 0.000000
36510 -39.373 -36.847 40.435 0.000000
36511 -39.919 -36.127 40.147 0.000000
36512 -9.935 -37.150 39.258 0.000000
36517 -38.518 -37.149 38.990 0.000000
36518 -39.301 -36.515 39.032 0.000000
36519 -39.826 -36.154 39.349 0.000000
36520 -7.455 -36.492 37.521 0.000000
36521 -8.147 -37.032 37.767 0.000000
36522 -8.719 -36.716 38.388 0.000000
36525 -37.405 -37.040 37.951 0.000000
36526 -38.217 -36.872 38.176 0.000000
36527 -38.885 -36.602 38.420 0.000000
36529 -5.240 -36.447 36.716 0.000000
36530 -5.928 -36.749 37.131 0.000000
36531 -6.637 -37.101 37.281 0.000000
36541 -38.751 -36.236 37.711 0.000000
37213 -13.816 -36.503 50.818 0.000000
37219 -7.349 -37.056 50.159 0.000000
37221 -8.612 -36.934 49.515 0.000000
37222 -10.223 -36.026 50.503 0.000000
37223 -10.932 -35.971 49.743 0.000000
37224 -12.092 -35.965 50.194 0.000000
37225 -13.263 -36.274 50.139 0.000000
37229 -4.376 -36.200 49.646 0.000000
37231 -8.022 -36.846 48.795 0.000000
37232 -8.840 -36.703 48.803 0.000000
37233 -10.201 -36.320 48.999 0.000000
37234 -11.122 -36.127 48.879 0.000000
37235 -11.915 -35.992 49.196 0.000000
37236 -12.783 -36.376 48.796 0.000000
37240 -27.489 -36.234 49.038 0.000000
37241 -4.729 -35.962 48.027 0.000000
37242 -4.220 -35.594 48.188 0.000000
37243 -4.380 -36.328 48.809 0.000000
37244 -5.311 -36.525 48.045 0.000000
37245 -6.230 -36.817 47.989 0.000000
37246 -7.204 -36.555 47.717 0.000000
37247 -8.437 -36.491 48.191 0.000000
37248 -9.186 -36.464 48.261 0.000000
37249 -10.000 -36.767 48.256 0.000000
37254 -4.715 -35.552 46.986 0.000000
37255 -4.206 -35.262 46.382 0.000000
37256 -5.209 -35.939 47.446 0.000000
37257 -5.747 -36.264 47.308 0.000000
37258 -7.401 -35.908 47.037 0.000000
37259 -8.315 -35.783 46.978 0.000000
37260 -9.072 -35.772 47.035 0.000000
37261 -10.399 -36.120 47.004 0.000000
37262 -11.214 -36.433 46.803 0.000000
37263 -12.167 -36.657 46.471 0.000000
37264 -26.356 -35.209 46.930 0.000000
37265 -26.419 -35.953 47.993 0.000000
37266 -33.424 -35.743 46.158 0.000000
37267 -33.955 -35.693 46.332 0.000000
37275 -4.638 -35.433 45.953 0.000000
37276 -5.017 -35.469 45.634 0.000000
37277 -5.797 -35.674 45.695 0.000000
37278 -7.409 -35.734 45.428 0.000000
37279 -8.875 -35.688 46.285 0.000000
37280 -10.528 -36.084 46.272 0.000000
37281 -11.422 -36.263 45.958 0.000000
37282 -12.301 -36.550 45.578 0.000000
37283 -25.557 -35.527 45.816 0.000000
37284 -25.657 -35.818 46.515 0.000000
37285 -30.976 -35.569 45.556 0.000000
37286 -31.787 -35.683 45.785 0.000000
37287 -32.688 -35.744 46.009 0.000000
37290 -5.031 -35.045 44.188 0.000000
37291 -4.620 -35.087 44.938 0.000000
37292 -6.042 -35.414 44.711 0.000000
37293 -6.941 -35.653 44.870 0.000000
37294 -7.691 -35.821 44.635 0.000000
37295 -9.725 -35.920 45.675 0.000000
37296 -10.359 -36.217 44.952 0.000000
37297 -11.441 -36.263 45.046 0.000000
37298 -12.312 -36.577 44.866 0.000000
37299 -24.652 -35.877 44.838 0.000000
37300 -25.188 -35.726 45.333 0.000000
37301 -28.497 -35.289 44.737 0.000000
37302 -29.406 -35.561 44.763 0.000000
37303 -30.281 -35.510 45.226 0.000000
37306 -5.307 -35.292 43.476 0.000000
37307 -4.481 -34.970 44.044 0.000000
37308 -6.051 -35.486 43.748 0.000000
37309 -7.033 -35.870 43.242 0.000000
37310 -7.773 -36.114 43.755 0.000000
37311 -9.412 -36.423 43.994 0.000000
37312 -10.319 -36.291 43.614 0.000000
37313 -10.932 -36.151 44.223 0.000000
37314 -11.918 -36.505 44.146 0.000000
37315 -24.194 -36.033 44.283 0.000000
37316 -26.077 -34.773 43.753 0.000000
37317 -25.503 -35.116 44.560 0.000000
37318 -26.627 -34.834 44.309 0.000000
37319 -29.229 -35.543 44.003 0.000000
37320 -28.469 -34.902 43.761 0.000000
37321 -28.486 -35.109 44.402 0.000000
37324 -5.533 -35.311 42.778 0.000000
37325 -4.716 -35.143 43.405 0.000000
37326 -6.320 -35.593 42.854 0.000000
37327 -7.182 -35.967 42.542 0.000000
37328 -7.858 -36.360 42.821 0.000000
37329 -9.521 -36.454 43.152 0.000000
37330 -10.504 -36.381 42.600 0.000000
37331 -11.255 -36.338 43.378 0.000000
37332 -23.500 -35.835 42.680 0.000000
37334 -25.614 -34.740 43.052 0.000000
37335 -27.927 -34.682 43.014 0.000000
37336 -27.314 -34.705 43.621 0.000000
37337 -29.120 -35.138 43.421 0.000000
37338 -29.661 -35.736 43.729 0.000000
37341 -6.208 -35.513 42.285 0.000000
37342 -5.741 -35.198 41.998 0.000000
37343 -6.897 -35.797 42.136 0.000000
37344 -8.391 -36.480 42.049 0.000000
37345 -9.158 -36.359 41.532 0.000000
37346 -10.120 -36.376 41.622 0.000000
37347 -11.082 -36.625 41.661 0.000000
37351 -26.773 -34.631 42.588 0.000000
37353 -29.594 -35.531 42.902 0.000000
37354 -40.022 -36.258 42.237 0.000000
37356 -6.447 -35.551 41.673 0.000000
37357 -7.204 -35.833 41.583 0.000000
37358 -6.707 -35.454 40.873 0.000000
37359 -8.009 -36.071 41.441 0.000000
37360 -8.905 -36.135 40.813 0.000000
37361 -9.751 -36.273 40.962 0.000000
37362 -10.602 -36.587 40.778 0.000000
37371 -40.191 -35.704 40.770 0.000000
37372 -7.498 -35.724 40.980 0.000000
37373 -8.207 -35.818 40.439 0.000000
37374 -8.318 -35.689 39.468 0.000000
37375 -9.765 -36.388 40.223 0.000000
37382 -40.081 -35.649 39.670 0.000000
37383 -9.330 -36.573 38.932 0.000000
37384 -8.646 -36.041 38.768 0.000000
37388 -39.836 -35.565 38.956 0.000000
37389 -8.150 -36.077 38.052 0.000000
37395 -39.344 -36.121 38.258 0.000000
37396 -39.601 -35.379 38.244 0.000000
37397 -5.145 -35.382 36.715 0.000000
37398 -5.860 -35.786 37.172 0.000000
37399 -6.671 -36.081 37.365 0.000000
37405 -39.344 -35.527 37.649 0.000000
37406 -39.618 -34.973 37.522 0.000000
38116 -4.227 -35.578 49.042 0.000000
38117 -4.129 -34.822 48.427 0.000000
38118 -4.329 -34.689 49.145 0.000000
38122 -28.295 -34.758 49.418 0.000000
38124 -3.950 -34.864 47.614 0.000000
38129 -27.462 -34.651 47.784 0.000000
38130 -27.749 -35.002 48.769 0.000000
38131 -33.346 -35.024 46.538 0.000000
38132 -32.519 -34.638 46.633 0.000000
38136 -3.827 -34.945 46.764 0.000000
38137 -27.142 -34.522 46.956 0.000000
38138 -31.223 -35.178 46.081 0.000000
38139 -30.491 -34.227 46.638 0.000000
38140 -31.622 -34.468 46.694 0.000000
38141 -32.147 -35.238 46.266 0.000000
38145 -4.280 -35.051 45.418 0.000000
38146 -3.963 -34.878 45.944 0.000000
38147 -26.140 -35.052 45.972 0.000000
38148 -26.908 -34.619 46.121 0.000000
38149 -28.563 -34.938 45.396 0.000000
38150 -28.807 -34.493 46.012 0.000000
38151 -30.365 -35.160 45.866 0.000000
38152 -29.563 -34.434 46.277 0.000000
38155 -4.312 -34.905 44.480 0.000000
38156 -4.100 -34.742 45.093 0.000000
38157 -26.051 -34.953 45.136 0.000000
38158 -26.872 -34.911 45.334 0.000000
38159 -27.652 -34.860 45.406 0.000000
38162 -4.204 -35.048 43.710 0.000000
38163 -3.975 -34.776 44.275 0.000000
38164 -27.255 -34.973 44.702 0.000000
38166 -4.372 -35.071 43.026 0.000000
38167 -3.983 -34.769 43.016 0.000000
38170 -4.581 -34.393 42.290 0.000000
38171 -5.038 -34.897 42.464 0.000000
38173 -4.951 -33.970 41.474 0.000000
38174 -5.224 -33.873 40.728 0.000000
38175 -5.897 -35.134 41.178 0.000000
38180 -5.577 -34.415 40.783 0.000000
38181 -6.153 -34.625 40.332 0.000000
38182 -7.566 -35.324 40.031 0.000000
38188 -40.648 -35.168 40.733 0.000000
38189 -41.093 -34.592 40.697 0.000000
38190 -6.536 -34.887 38.577 0.000000
38191 -6.063 -34.281 39.204 0.000000
38192 -7.191 -34.979 39.086 0.000000
38193 -7.943 -35.476 38.780 0.000000
38200 -40.045 -34.902 39.164 0.000000
38201 -40.530 -34.329 39.312 0.000000
38202 -6.315 -35.320 37.749 0.000000
38203 -5.837 -34.599 38.244 0.000000
38204 -7.277 -35.512 38.011 0.000000
38211 -39.845 -34.643 38.044 0.000000
38212 -40.391 -34.291 38.431 0.000000
38213 -4.905 -34.338 36.880 0.000000
38220 -39.723 -34.489 37.412 0.000000
38234 -39.182 -34.533 36.607 0.000000
38235 -39.541 -34.586 37.009 0.000000
38246 -39.385 -34.120 36.589 0.000000
38871 -4.519 -33.873 48.991 0.000000
38875 -28.784 -34.026 48.777 0.000000
38876 -29.249 -33.668 49.537 0.000000
38877 -4.037 -34.107 47.978 0.000000
38878 -4.414 -33.648 48.313 0.000000
38882 -28.207 -34.160 47.958 0.000000
38883 -29.530 -33.359 48.516 0.000000
38884 -31.082 -33.601 47.379 0.000000
38885 -31.585 -33.032 48.002 0.000000
38886 -32.051 -33.775 47.201 0.000000
38887 -32.418 -33.213 47.747 0.000000
38892 -3.851 -34.140 47.144 0.000000
38893 -27.829 -34.299 47.139 0.000000
38894 -28.662 -34.108 46.889 0.000000
38895 -29.080 -33.664 47.728 0.000000
38896 -29.537 -33.819 46.952 0.000000
38897 -30.012 -33.401 47.502 0.000000
38900 -3.992 -34.352 45.677 0.000000
38901 -27.857 -34.379 46.251 0.000000
38902 -3.946 -34.217 44.862 0.000000
38905 -3.678 -34.028 44.036 0.000000
38909 -3.590 -34.142 43.163 0.000000
38915 -4.063 -33.857 42.334 0.000000
38922 -4.919 -33.425 40.681 0.000000
38923 -4.632 -33.196 40.634 0.000000
38925 -4.727 -32.970 38.939 0.000000
38926 -4.897 -33.003 39.800 0.000000
38927 -5.527 -33.845 39.849 0.000000
38929 -4.404 -33.167 38.266 0.000000
38930 -4.202 -32.800 38.339 0.000000
38931 -5.050 -33.314 38.731 0.000000
38932 -40.947 -33.677 39.659 0.000000
38933 -4.180 -33.035 37.530 0.000000
38934 -4.626 -33.563 37.683 0.000000
38935 -40.713 -33.866 38.773 0.000000
38939 -40.161 -34.168 37.870 0.000000
38940 -40.096 -33.630 37.755 0.000000
38949 -39.716 -33.965 37.320 0.000000
38959 -38.878 -33.833 36.065 0.000000
38960 -39.304 -33.629 36.557 0.000000
39528 -5.105 -33.629 49.293 0.000000
39536 -4.920 -33.346 48.613 0.000000
39541 -30.967 -32.492 48.911 0.000000
39542 -32.000 -32.606 48.601 0.000000
39544 -32.726 -32.825 48.314 0.000000
39548 -4.305 -33.629 47.700 0.000000
39549 -4.846 -33.235 48.019 0.000000
39552 -30.518 -33.024 48.255 0.000000
39554 -4.334 -33.629 47.066 0.000000
39555 -4.900 -33.270 47.346 0.000000
39558 -4.109 -33.841 46.297 0.000000
39561 -3.943 -32.858 44.949 0.000000
39564 -3.652 -32.961 44.180 0.000000
39567 -3.437 -32.520 42.774 0.000000
39570 -3.780 -32.962 42.143 0.000000
39579 -4.280 -32.643 40.629 0.000000
39583 -4.581 -32.678 39.816 0.000000
39585 -4.060 -32.186 38.510 0.000000
39586 -41.106 -33.067 39.449 0.000000
39587 -4.076 -32.272 37.842 0.000000
39588 -40.824 -33.300 38.640 0.000000
39590 -39.867 -32.966 37.697 0.000000
39596 -39.458 -33.261 36.862 0.000000
39597 -39.691 -33.402 37.207 0.000000
39603 -39.097 -33.025 36.585 0.000000
40218 -5.365 -32.867 48.288 0.000000
40228 -5.372 -32.735 47.645 0.000000
40231 -4.785 -33.244 46.531 0.000000
40232 -5.351 -32.654 46.836 0.000000
40234 -5.083 -32.504 45.982 0.000000
40235 -5.229 -31.858 45.479 0.000000
40237 -4.574 -32.304 45.188 0.000000
40239 -4.033 -32.012 44.403 0.000000
40242 -3.844 -31.607 42.647 0.000000
40253 -4.065 -31.837 40.767 0.000000
40264 -4.189 -32.105 39.177 0.000000
40266 -40.622 -31.737 38.789 0.000000
40268 -39.796 -32.182 38.130 0.000000
40281 -39.333 -32.642 36.896 0.000000
40282 -39.545 -32.384 37.318 0.000000
40294 -38.753 -32.336 36.352 0.000000
40301 -38.111 -32.549 35.385 0.000000
40302 -38.593 -32.849 35.963 0.000000
40978 -5.826 -32.384 47.900 0.000000
40979 -6.405 -31.880 47.372 0.000000
40983 -5.829 -32.190 47.096 0.000000
40986 -5.739 -31.579 45.710 0.000000
40987 -6.115 -31.676 46.466 0.000000
40990 -4.778 -31.772 44.851 0.000000
40991 -5.288 -31.611 44.952 0.000000
40993 -4.724 -31.608 44.241 0.000000
40994 -5.205 -31.583 44.327 0.000000
40998 -4.476 -31.375 42.762 0.000000
40999 -4.757 -31.533 43.531 0.000000
41003 -4.309 -31.237 41.909 0.000000
41010 -4.254 -31.195 41.013 0.000000
41046 -39.367 -31.556 37.765 0.000000
41047 -39.880 -31.287 38.475 0.000000
41063 -38.657 -31.866 36.378 0.000000
41072 -38.217 -31.989 35.573 0.000000
41796 -5.815 -31.440 45.223 0.000000
41816 -5.269 -31.062 42.227 0.000000
41829 -4.768 -31.128 42.065 0.000000
41830 -5.157 -30.796 41.478 0.000000
41845 -4.652 -30.941 41.241 0.000000
41898 -40.351 -30.835 38.935 0.000000
41908 -38.982 -31.487 37.332 0.000000
41909 -38.728 -31.070 37.302 0.000000
41910 -39.129 -30.797 37.811 0.000000
41920 -38.491 -31.222 36.669 0.000000
42742 -39.291 -29.907 38.043 0.000000
42743 -38.984 -29.250 37.783 0.000000
42744 -39.288 -29.262 38.124 0.000000
42746 -38.392 -30.497 36.986 0.000000
42747 -37.905 -29.988 36.663 0.000000
42748 -38.371 -29.351 37.192 0.000000
43601 -39.433 -28.828 38.638 0.000000
43602 -39.429 -27.982 38.977 0.000000
43606 -39.051 -28.613 37.979 0.000000
43611 -38.573 -28.482 37.571 0.000000
44483 -39.324 -27.239 39.250 0.000000
44493 -38.951 -27.430 38.463 0.000000
44499 -38.640 -27.762 37.884 0.000000
44501 -38.472 -26.924 38.035 0.000000
45292 -39.158 -26.434 39.527 0.000000
45299 -38.314 -26.194 38.220 0.000000
45300 -38.608 -25.857 38.937 0.000000
45309 -37.992 -26.399 37.696 0.000000
45313 -37.030 -25.854 36.879 0.000000
45314 -37.629 -26.573 37.251 0.000000
46017 -38.897 -25.373 39.926 0.000000
46018 -38.480 -24.889 38.981 0.000000
46024 -37.858 -25.626 37.898 0.000000
46030 -37.574 -25.802 37.367 0.000000
46031 -37.392 -24.409 36.999 0.000000
46032 -37.536 -24.968 37.526 0.000000
46040 -36.840 -24.817 36.740 0.000000
46739 -38.359 -23.937 38.807 0.000000
46740 -38.631 -24.128 39.881 0.000000
46746 -38.157 -23.751 38.068 0.000000
46751 -37.657 -23.573 36.857 0.000000
46752 -37.786 -24.059 37.494 0.000000
46761 -37.053 -23.949 36.459 0.000000
46771 -36.666 -23.481 35.834 0.000000
47441 -38.756 -23.328 39.287 0.000000
47442 -39.214 -23.195 40.064 0.000000
47448 -38.657 -22.991 38.440 0.000000
47449 -39.323 -22.576 39.217 0.000000
47466 -37.316 -23.118 36.225 0.000000
47467 -37.985 -22.756 36.635 0.000000
47476 -37.273 -22.331 34.890 0.000000
47507 -44.614 -22.436 28.326 0.000000
47508 -43.726 -22.301 28.338 0.000000
47509 -44.333 -22.299 28.909 0.000000
47510 -45.324 -22.376 28.558 0.000000
47511 -45.574 -22.221 29.089 0.000000
47512 -46.091 -22.105 28.629 0.000000
47513 -46.352 -21.894 29.352 0.000000
47514 -46.890 -21.779 29.037 0.000000
47515 -47.372 -21.759 28.732 0.000000
47524 -44.563 -22.378 27.808 0.000000
47525 -45.146 -22.393 28.052 0.000000
47526 -45.717 -22.271 28.211 0.000000
47527 -46.343 -22.132 28.015 0.000000
47528 -47.017 -21.973 28.108 0.000000
47538 -44.164 -22.296 27.353 0.000000
47539 -44.933 -22.195 27.603 0.000000
47540 -45.713 -22.212 27.824 0.000000
47541 -46.255 -22.091 27.696 0.000000
47542 -46.769 -21.990 27.769 0.000000
48212 -40.903 -21.499 39.745 0.000000
48213 -41.475 -20.868 38.955 0.000000
48220 -39.382 -22.090 38.375 0.000000
48221 -40.248 -21.601 38.085 0.000000
48222 -40.883 -21.166 38.622 0.000000
48223 -41.465 -20.905 38.212 0.000000
48231 -39.460 -21.795 37.478 0.000000
48232 -40.317 -21.389 37.457 0.000000
48233 -41.036 -21.079 37.770 0.000000
48240 -38.659 -21.874 35.829 0.000000
48241 -39.066 -21.800 36.596 0.000000
48245 -38.220 -21.792 34.993 0.000000
48254 -38.188 -21.475 34.242 0.000000
48264 -43.441 -21.328 30.287 0.000000
48266 -42.967 -21.212 31.164 0.000000
48267 -44.381 -21.478 30.290 0.000000
48268 -44.712 -21.159 31.160 0.000000
48269 -45.301 -21.545 30.369 0.000000
48270 -45.631 -21.131 31.206 0.000000
48271 -46.157 -21.449 30.507 0.000000
48272 -46.372 -21.024 31.213 0.000000
48273 -47.563 -21.569 30.272 0.000000
48274 -47.834 -21.159 31.139 0.000000
48275 -48.442 -21.543 30.526 0.000000
48279 -42.983 -21.531 29.372 0.000000
48282 -43.976 -21.807 29.513 0.000000
48283 -44.954 -22.087 29.503 0.000000
48284 -45.849 -21.893 29.757 0.000000
48285 -47.223 -21.701 29.682 0.000000
48286 -48.390 -21.691 29.789 0.000000
48299 -43.605 -22.071 28.943 0.000000
48300 -48.153 -21.644 29.140 0.000000
48301 -48.892 -21.640 29.452 0.000000
48302 -49.617 -21.555 28.984 0.000000
48310 -47.347 -21.854 27.888 0.000000
48311 -48.715 -21.662 28.655 0.000000
48312 -49.545 -21.669 28.051 0.000000
48323 -46.519 -21.936 27.444 0.000000
48324 -48.266 -21.716 27.851 0.000000
48325 -48.952 -21.350 27.568 0.000000
48336 -46.855 -21.545 27.214 0.000000
48337 -47.513 -21.230 27.276 0.000000
48338 -48.165 -21.278 27.393 0.000000
48353 -46.532 -21.271 26.885 0.000000
48990 -41.984 -20.745 39.010 0.000000
49014 -39.900 -21.353 36.826 0.000000
49015 -41.393 -20.755 37.245 0.000000
49016 -41.954 -20.561 36.908 0.000000
49017 -42.467 -20.432 37.157 0.000000
49027 -40.329 -20.926 36.219 0.000000
49028 -41.121 -20.739 36.457 0.000000
49029 -42.156 -20.497 36.060 0.000000
49030 -42.704 -20.305 36.337 0.000000
49031 -43.311 -19.982 36.412 0.000000
49035 -38.938 -21.190 34.524 0.000000
49037 -40.865 -20.748 35.528 0.000000
49038 -42.269 -20.489 34.987 0.000000
49039 -43.447 -20.080 35.771 0.000000
49040 -44.224 -19.939 35.413 0.000000
49041 -45.131 -19.739 34.564 0.000000
49049 -40.592 -20.665 34.548 0.000000
49050 -43.913 -20.359 33.381 0.000000
49051 -44.656 -20.320 33.673 0.000000
49052 -45.284 -20.118 33.880 0.000000
49061 -41.745 -20.664 32.992 0.000000
49062 -44.666 -20.887 32.905 0.000000
49063 -45.603 -20.781 32.792 0.000000
49064 -46.599 -20.550 32.743 0.000000
49074 -41.735 -20.891 32.120 0.000000
49075 -42.673 -21.177 31.899 0.000000
49076 -44.075 -21.108 32.007 0.000000
49077 -45.124 -21.036 32.050 0.000000
49078 -46.060 -20.893 32.003 0.000000
49079 -47.046 -20.814 31.766 0.000000
49092 -42.107 -21.209 31.261 0.000000
49111 -50.428 -21.379 28.527 0.000000
49112 -50.958 -21.107 27.985 0.000000
49115 -49.736 -21.306 27.449 0.000000
49116 -50.518 -21.016 27.473 0.000000
49120 -48.120 -20.756 26.986 0.000000
49121 -48.928 -20.986 27.184 0.000000
49122 -49.703 -20.725 27.029 0.000000
49132 -46.113 -20.845 26.444 0.000000
49133 -46.886 -20.617 26.522 0.000000
49134 -48.353 -20.262 26.450 0.000000
49135 -48.924 -20.514 26.652 0.000000
49805 -51.119 -20.431 27.611 0.000000
49806 -51.495 -19.649 27.617 0.000000
49811 -50.436 -19.662 26.576 0.000000
49812 -50.957 -19.755 27.015 0.000000
49819 -47.246 -19.956 25.937 0.000000
49820 -48.485 -19.645 26.032 0.000000
49821 -48.914 -19.973 26.257 0.000000
49822 -49.679 -19.948 26.479 0.000000
49834 -47.877 -19.391 25.701 0.000000
50562 -50.814 -19.157 26.432 0.000000
50563 -51.260 -18.539 26.434 0.000000
50569 -49.233 -19.148 25.997 0.000000
50570 -50.117 -19.093 26.190 0.000000
50571 -50.613 -18.443 26.004 0.000000
50580 -49.117 -18.363 25.496 0.000000
50581 -49.776 -18.294 25.643 0.000000
51337 -51.451 -17.775 26.148 0.000000
51345 -50.267 -17.854 25.602 0.000000
51346 -50.862 -17.766 25.824 0.000000
51351 -48.568 -17.973 25.124 0.000000
51352 -49.214 -17.636 25.133 0.000000
51353 -49.736 -17.417 25.252 0.000000
51360 -47.907 -17.580 24.667 0.000000
52099 -52.122 -17.158 26.360 0.000000
52105 -51.364 -16.920 25.741 0.000000
52106 -52.374 -16.417 26.011 0.000000
52108 -49.275 -16.817 24.618 0.000000
52109 -49.879 -16.726 24.969 0.000000
52110 -50.421 -17.171 25.395 0.000000
52117 -49.106 -16.117 24.212 0.000000
52118 -49.745 -16.153 24.514 0.000000
52910 -51.598 -15.981 25.460 0.000000
52913 -50.543 -16.196 25.086 0.000000
52914 -50.827 -15.429 24.913 0.000000
52918 -49.025 -15.710 23.863 0.000000
52919 -49.587 -15.648 24.156 0.000000
52920 -50.211 -15.542 24.474 0.000000
53686 -50.890 -14.866 24.766 0.000000
53690 -49.486 -15.178 23.782 0.000000
53691 -50.410 -14.993 24.370 0.000000
53696 -48.848 -15.150 23.358 0.000000
53697 -49.289 -14.488 23.220 0.000000
54459 -51.526 -14.571 25.362 0.000000
54462 -49.928 -13.773 23.745 0.000000
54463 -50.351 -14.425 24.280 0.000000
55187 -50.127 -13.819 24.146 0.000000
55191 -49.750 -12.919 22.866 0.000000
55192 -49.832 -13.212 23.560 0.000000
55910 -49.835 -12.316 23.041 0.000000
56602 -50.021 -11.231 22.429 0.000000
88972 -44.547 -19.991 34.498 0.000000
88999 -20.836 -44.788 51.695 0.000000
89058 -38.865 -30.145 37.610 0.000000
89086 -39.566 -29.710 38.539 0.000000
89114 -14.768 -40.423 54.970 0.000000
89147 -33.957 -37.482 41.735 0.000000
89148 -5.197 -35.267 45.021 0.000000
89151 -12.300 -41.982 55.588 0.000000
89311 -48.514 -18.841 25.592 0.000000
89340 -5.490 -33.081 48.819 0.000000
89371 -8.555 -43.451 54.411 0.000000
89527 -43.894 -20.186 34.366 0.000000
89612 -39.075 -37.091 39.737 0.000000
89798 -43.086 -20.384 34.150 0.000000
89831 -8.615 -36.474 43.507 0.000000
89832 -8.564 -36.141 44.330 0.000000
89833 -6.908 -35.662 44.157 0.000000
89834 -8.517 -35.733 45.297 0.000000
89835 -9.724 -35.837 46.646 0.000000
89836 -9.704 -36.226 47.569 0.000000
89837 -9.384 -36.620 49.426 0.000000
89838 -9.407 -36.475 50.263 0.000000
89839 -35.351 -38.149 42.539 0.000000
89844 -9.422 -39.496 46.356 0.000000
89845 -9.505 -39.455 47.295 0.000000
89846 -8.609 -39.574 47.666 0.000000
89847 -9.299 -39.501 48.230 0.000000
89848 -8.512 -39.560 48.558 0.000000
89849 -9.218 -39.434 49.098 0.000000
89850 -8.433 -39.469 49.413 0.000000
89851 -7.684 -39.530 49.720 0.000000
89852 -9.093 -39.238 49.942 0.000000
89853 -8.324 -39.328 50.250 0.000000
89854 -7.552 -39.488 50.528 0.000000
89855 -10.310 -39.136 50.979 0.000000
89856 -8.969 -39.197 50.757 0.000000
89857 -8.174 -39.432 51.213 0.000000
89858 -10.367 -39.216 52.244 0.000000
89859 -9.524 -39.358 51.982 0.000000
90023 -7.575 -36.170 42.082 0.000000
90024 -16.536 -47.039 52.695 0.000000
90035 -45.919 -20.412 33.415 0.000000
90117 -8.743 -39.626 53.075 0.000000
90228 -10.733 -36.593 48.327 0.000000
90268 -11.204 -39.062 52.449 0.000000
90269 -8.715 -36.869 50.208 0.000000
90339 -19.709 -45.313 52.430 0.000000
90351 -39.857 -34.852 38.561 0.000000
90431 -3.880 -32.445 41.427 0.000000
90432 -3.902 -31.645 41.646 0.000000
90433 -3.447 -33.232 43.416 0.000000
90445 -35.608 -38.091 43.335 0.000000
90448 -14.428 -46.972 50.630 0.000000
90472 -10.436 -39.509 45.293 0.000000
90633 -7.721 -39.624 48.873 0.000000
90645 -35.600 -38.167 40.455 0.000000
90687 -15.677 -47.243 52.496 0.000000
90688 -41.486 -20.583 34.744 0.000000
90773 -34.846 -38.010 40.435 0.000000
90783 -38.747 -31.608 36.782 0.000000
90799 -3.591 -32.176 43.516 0.000000
90800 -4.176 -33.261 41.404 0.000000
90821 -14.772 -47.251 52.504 0.000000
90826 -8.760 -36.005 47.680 0.000000
90843 -4.058 -33.675 45.341 0.000000
90853 -7.547 -43.176 53.591 0.000000
90914 -4.926 -40.800 50.470 0.000000
90991 -17.408 -44.237 46.910 0.000000
91001 -12.310 -42.558 55.566 0.000000
91015 -27.161 -35.551 48.346 0.000000
91189 -47.678 -20.437 26.552 0.000000
91273 -46.708 -21.699 30.011 0.000000
91359 -47.704 -21.683 29.444 0.000000
91390 -13.602 -46.746 50.476 0.000000
91435 -26.775 -34.659 43.097 0.000000
91578 -4.862 -41.656 51.451 0.000000
91603 -7.870 -35.743 46.194 0.000000
91606 -7.753 -39.565 47.976 0.000000
91614 -13.868 -47.139 51.198 0.000000
91616 -41.238 -20.576 33.759 0.000000
91617 -43.077 -20.323 35.310 0.000000
91636 -37.679 -21.830 34.367 0.000000
91648 -19.235 -45.622 52.336 0.000000
91661 -22.761 -42.781 47.417 0.000000
91702 -40.341 -20.668 33.640 0.000000
91849 -4.474 -33.135 45.665 0.000000
91884 -11.621 -39.489 48.585 0.000000
91885 -12.353 -38.956 53.417 0.000000
91898 -13.947 -37.491 49.363 0.000000
91975 -15.810 -45.411 54.518 0.000000
92092 -36.693 -38.328 41.744 0.000000
92093 -36.157 -38.301 42.861 0.000000
92168 -5.589 -31.957 46.267 0.000000
92235 -10.398 -39.478 54.927 0.000000
92254 -9.397 -36.479 42.289 0.000000
92309 -23.474 -39.336 45.143 0.000000
92404 -8.677 -39.583 45.869 0.000000
92477 -17.695 -46.939 50.547 0.000000
92552 -12.635 -36.989 44.479 0.000000
92560 -17.127 -44.787 47.400 0.000000
92578 -34.021 -37.562 42.418 0.000000
92699 -41.587 -20.625 35.784 0.000000
92826 -39.545 -36.544 39.712 0.000000
92836 -3.866 -34.484 46.375 0.000000
92864 -4.350 -41.939 48.759 0.000000
92898 -36.301 -38.221 40.388 0.000000
93061 -34.683 -37.690 39.149 0.000000
93116 -36.337 -37.998 43.579 0.000000
93134 -6.607 -41.964 42.075 0.000000
93180 -13.574 -39.278 54.218 0.000000
93208 -39.138 -31.968 36.918 0.000000
93321 -24.887 -35.199 43.936 0.000000
93406 -17.056 -46.055 49.035 0.000000
93599 -21.853 -41.698 43.027 0.000000
93650 -11.316 -39.469 47.416 0.000000
93651 -12.039 -38.851 52.666 0.000000
93675 -47.255 -20.941 27.018 0.000000
93772 -40.112 -35.994 41.452 0.000000
93801 -13.916 -44.284 54.882 0.000000
93855 -24.015 -41.805 47.079 0.000000
93882 -23.679 -40.428 45.783 0.000000
94105 -4.202 -31.566 43.523 0.000000
94141 -12.656 -37.543 43.110 0.000000
94170 -5.813 -41.265 51.671 0.000000
94190 -4.581 -33.699 41.470 0.000000
94212 -12.551 -39.245 49.366 0.000000
94543 -7.900 -37.052 49.523 0.000000
94545 -3.816 -34.739 43.634 0.000000
94547 -12.528 -39.089 51.411 0.000000
94562 -13.451 -46.274 49.748 0.000000
94603 -37.791 -22.362 35.808 0.000000
94898 -11.414 -39.510 45.361 0.000000
94943 -14.304 -45.740 55.211 0.000000
95136 -8.898 -42.991 54.982 0.000000
95153 -24.723 -38.483 46.603 0.000000
95194 -9.041 -36.118 39.644 0.000000
95202 -11.751 -44.226 55.458 0.000000
95376 -21.952 -42.550 44.272 0.000000
95383 -13.342 -40.278 54.973 0.000000
95458 -4.449 -32.691 39.028 0.000000
95474 -22.316 -42.018 44.241 0.000000
95508 -11.666 -39.513 44.027 0.000000
95674 -32.834 -34.008 46.983 0.000000
95676 -9.722 -36.624 39.537 0.000000
95765 -5.284 -37.442 36.799 0.000000
95893 -13.240 -37.847 45.347 0.000000
95992 -19.247 -46.225 51.317 0.000000
96018 -6.584 -34.643 39.456 0.000000
96072 -49.960 -15.159 24.192 0.000000
96088 -13.526 -36.660 49.366 0.000000
96135 -33.700 -36.213 45.758 0.000000
96148 -25.772 -37.368 47.506 0.000000
96262 -40.732 -20.991 37.036 0.000000
96353 -50.392 -21.441 27.867 0.000000
96448 -40.101 -21.777 39.034 0.000000
96457 -38.823 -22.383 37.797 0.000000
96503 -41.575 -20.817 37.838 0.000000
96695 -6.896 -34.888 40.113 0.000000
96731 -38.647 -37.430 42.257 0.000000
96799 -30.853 -35.853 44.646 0.000000
96813 -29.227 -35.618 44.263 0.000000
96828 -47.781 -21.784 28.381 0.000000
96869 -12.772 -46.037 54.760 0.000000
96950 -41.760 -20.770 38.316 0.000000
97313 -2.627 -46.360 49.919 0.000000
97434 -29.523 -35.117 45.545 0.000000
97501 -31.205 -36.386 43.528 0.000000
97507 -11.884 -36.748 47.322 0.000000
97754 -19.428 -45.225 48.238 0.000000
97765 -31.526 -36.426 41.939 0.000000
97794 -10.941 -46.510 53.687 0.000000
97822 -6.501 -36.257 47.162 0.000000
97854 -43.791 -21.232 31.142 0.000000
97893 -44.995 -22.451 28.867 0.000000
98008 -50.449 -20.315 26.998 0.000000
98035 -22.248 -41.491 43.683 0.000000
98043 -37.983 -24.648 38.181 0.000000
98068 -10.663 -46.170 54.179 0.000000
98155 -39.609 -32.913 37.131 0.000000
98162 -6.112 -40.662 46.990 0.000000
98224 -8.644 -37.505 38.182 0.000000
98299 -51.271 -19.219 26.901 0.000000
98358 -34.015 -36.988 44.931 0.000000
98383 -37.597 -37.991 39.727 0.000000
98402 -43.236 -21.030 32.276 0.000000
98530 -37.327 -38.326 41.845 0.000000
98672 -42.475 -20.803 32.617 0.000000
98829 -38.616 -22.285 37.080 0.000000
98850 -12.969 -46.730 53.772 0.000000
98851 -17.960 -46.759 49.992 0.000000
98916 -24.020 -42.324 47.983 0.000000
98982 -40.461 -34.958 40.058 0.000000
98985 -16.207 -44.784 47.319 0.000000
99060 -13.021 -47.091 52.520 0.000000
99078 -7.975 -36.100 47.688 0.000000
99146 -47.299 -21.676 27.571 0.000000
99217 -4.197 -35.431 47.313 0.000000
99278 -43.981 -22.396 27.769 0.000000
99313 -16.511 -47.190 51.213 0.000000
99346 -6.251 -40.032 50.441 0.000000
99354 -24.582 -37.554 45.457 0.000000
99495 -39.530 -33.796 36.843 0.000000
99541 -42.268 -20.617 37.803 0.000000
99732 -7.793 -39.775 45.843 0.000000
99767 -3.702 -43.982 49.392 0.000000
99960 -7.183 -39.276 37.790 0.000000
100072 -40.822 -33.875 38.047 0.000000
100074 -40.418 -32.693 38.372 0.000000
100162 -5.290 -35.742 46.554 0.000000
100179 -18.043 -43.476 45.862 0.000000
100196 -5.588 -34.911 37.395 0.000000
100252 -34.375 -36.858 45.415 0.000000
100278 -14.542 -39.731 54.814 0.000000
100361 -9.156 -39.773 43.736 0.000000
100601 -5.112 -43.822 51.255 0.000000
100699 -13.279 -38.957 51.335 0.000000
100723 -24.028 -35.657 43.496 0.000000
100752 -14.600 -44.827 55.233 0.000000
100773 -46.963 -21.187 30.715 0.000000
100962 -12.562 -39.006 46.068 0.000000
100978 -32.885 -35.338 46.347 0.000000
100985 -5.374 -41.116 51.238 0.000000
101114 -11.179 -39.322 41.029 0.000000
101144 -39.108 -28.110 38.312 0.000000
101148 -21.800 -43.342 46.381 0.000000
101174 -8.902 -42.176 55.058 0.000000
101251 -5.368 -34.502 41.544 0.000000
101287 -38.077 -38.082 42.037 0.000000
101895 -8.745 -36.527 42.781 0.000000
101964 -43.131 -20.545 33.048 0.000000
101983 -9.983 -36.089 49.774 0.000000
102096 -7.809 -36.673 48.106 0.000000
102102 -10.694 -36.137 45.588 0.000000
102203 -18.088 -44.442 53.761 0.000000
102479 -9.435 -36.006 44.749 0.000000
102580 -7.180 -36.997 48.385 0.000000
102628 -31.798 -36.538 43.694 0.000000
102638 -42.214 -20.518 33.740 0.000000
102681 -39.579 -34.232 36.949 0.000000
102853 -19.802 -46.055 50.284 0.000000
102936 -40.424 -33.383 38.086 0.000000
102945 -8.982 -39.350 51.443 0.000000
102954 -4.238 -34.147 48.588 0.000000
102956 -6.596 -35.672 45.388 0.000000
102965 -39.663 -36.022 38.756 0.000000
103119 -3.805 -33.545 44.714 0.000000
103180 -29.635 -35.732 42.239 0.000000
103191 -47.922 -21.717 29.933 0.000000
103245 -10.062 -39.522 45.975 0.000000
103385 -6.765 -35.894 46.225 0.000000
103462 -21.393 -43.532 46.560 0.000000
103470 -11.745 -38.147 40.884 0.000000
103543 -6.725 -40.177 46.584 0.000000
103595 -14.571 -47.223 51.311 0.000000
103632 -11.323 -44.581 55.378 0.000000
103654 -41.834 -20.688 37.570 0.000000
103659 -11.794 -36.539 48.269 0.000000
103731 -46.727 -21.980 28.404 0.000000
103820 -12.905 -43.147 55.412 0.000000
103909 -3.911 -42.035 49.388 0.000000
103933 -11.762 -41.188 55.689 0.000000
103980 -12.214 -39.276 45.474 0.000000
104097 -10.405 -38.992 50.337 0.000000
104130 -9.487 -36.598 48.752 0.000000
104304 -14.553 -46.085 54.763 0.000000
104490 -8.108 -39.645 46.422 0.000000
104551 -3.697 -32.179 42.140 0.000000
104630 -5.250 -34.052 37.914 0.000000
104642 -7.204 -39.785 51.311 0.000000
104726 -27.712 -34.835 44.160 0.000000
104844 -5.604 -41.657 51.699 0.000000
104860 -11.850 -35.908 50.961 0.000000
104954 -15.910 -39.236 55.409 0.000000
105021 -41.575 -20.631 36.589 0.000000
105022 -9.006 -44.718 53.750 0.000000
105084 -8.611 -43.056 54.743 0.000000
105112 -47.967 -19.985 26.171 0.000000
105127 -38.396 -22.214 36.377 0.000000
105168 -16.816 -47.168 51.683 0.000000
105170 -5.868 -37.625 37.193 0.000000
105240 -31.313 -35.800 45.087 0.000000
105317 -3.520 -33.385 42.758 0.000000
105322 -14.699 -41.239 54.860 0.000000
105336 -12.361 -37.823 42.056 0.000000
105393 -5.128 -33.262 39.823 0.000000
105400 -45.257 -20.634 33.378 0.000000
105516 -15.723 -47.330 51.918 0.000000
105603 -23.351 -36.417 43.374 0.000000
105605 -17.309 -47.049 51.346 0.000000
105663 -3.672 -44.306 50.104 0.000000
105668 -37.080 -22.836 35.573 0.000000
105696 -10.404 -39.558 44.742 0.000000
105722 -10.012 -39.386 47.967 0.000000
105753 -10.793 -36.701 47.664 0.000000
105769 -40.250 -35.547 40.324 0.000000
105864 -43.908 -20.231 35.170 0.000000
105866 -5.087 -41.640 44.242 0.000000
105938 -10.214 -40.077 39.784 0.000000
105957 -49.925 -14.533 23.899 0.000000
106156 -11.677 -37.522 40.924 0.000000
106237 -9.135 -39.451 52.522 0.000000
106248 -19.881 -45.433 52.268 0.000000
106408 -51.026 -18.152 26.086 0.000000
106415 -21.598 -41.807 42.707 0.000000
106426 -3.991 -44.007 50.331 0.000000
106443 -41.844 -20.756 37.967 0.000000
106480 -5.562 -41.471 47.519 0.000000
106534 -10.080 -43.166 55.495 0.000000
106567 -33.209 -37.012 43.847 0.000000
106577 -6.870 -39.732 50.712 0.000000
106632 -17.683 -45.927 48.857 0.000000
106637 -20.860 -44.671 51.807 0.000000
106691 -21.951 -43.284 45.559 0.000000
106733 -10.083 -36.281 44.330 0.000000
106852 -23.908 -42.660 48.767 0.000000
106946 -22.163 -43.520 47.924 0.000000
107161 -12.762 -36.132 49.533 0.000000
107167 -28.259 -34.465 48.733 0.000000
107202 -21.484 -41.671 41.901 0.000000
107316 -5.419 -41.571 51.706 0.000000
107523 -27.722 -35.112 44.853 0.000000
107536 -13.916 -40.434 54.910 0.000000
107577 -24.249 -40.463 47.297 0.000000
107618 -43.318 -21.215 31.749 0.000000
107715 -43.823 -20.713 32.632 0.000000
107866 -24.675 -35.046 43.306 0.000000
107898 -9.071 -36.837 49.863 0.000000
107967 -34.032 -37.380 40.981 0.000000
108033 -7.346 -40.799 43.676 0.000000
108106 -26.848 -35.037 47.606 0.000000
108115 -15.906 -45.906 48.966 0.000000
108148 -12.792 -46.934 53.088 0.000000
108167 -5.048 -34.349 41.999 0.000000
108201 -34.684 -37.850 42.642 0.000000
108241 -8.539 -36.293 41.500 0.000000
108274 -5.980 -35.991 46.619 0.000000
108287 -40.873 -33.499 39.126 0.000000
108294 -38.227 -25.447 38.425 0.000000
108341 -6.026 -43.834 51.866 0.000000
108500 -22.482 -39.465 43.613 0.000000
108526 -39.647 -30.573 38.425 0.000000
108628 -5.548 -33.883 38.780 0.000000
108699 -4.736 -35.037 43.807 0.000000
108779 -39.929 -30.790 38.660 0.000000
108894 -33.502 -36.864 44.634 0.000000
108909 -12.418 -44.905 55.480 0.000000
108951 -10.149 -39.177 51.573 0.000000
