#!ascii label  , from subject OAS1_0001-3 vox2ras=TkReg 
2254
28384 -4.758 -47.729 49.544 0.125000
28386 -6.908 -48.318 48.474 0.125000
28387 -6.363 -47.624 48.453 0.125000
28390 -7.099 -47.592 47.853 0.125000
28393 -7.676 -47.943 47.297 0.125000
28399 -8.727 -47.620 46.506 0.125000
28400 -9.388 -47.765 46.114 0.125000
28401 -9.704 -47.168 45.455 0.125000
29080 -11.441 -46.836 52.995 0.125000
29089 -11.391 -47.101 51.534 0.125000
29090 -10.932 -46.947 52.233 0.125000
29091 -12.362 -47.111 51.797 0.125000
29100 -10.987 -46.967 50.761 0.375000
29101 -10.520 -46.974 51.450 0.250000
29102 -11.934 -47.003 50.795 0.125000
29103 -12.964 -47.099 51.018 0.125000
29109 -2.846 -47.736 49.808 0.125000
29110 -2.696 -47.180 49.745 0.125000
29111 -3.060 -46.795 50.140 0.375000
29112 -4.203 -47.104 49.844 0.250000
29113 -5.056 -46.844 49.728 0.250000
29114 -11.319 -46.380 49.565 0.500000
29115 -10.656 -46.696 49.957 0.500000
29116 -11.883 -46.503 50.147 0.500000
29117 -12.668 -46.548 50.200 0.125000
29118 -14.294 -46.445 49.961 0.250000
29126 -5.457 -47.226 49.259 0.125000
29127 -6.024 -47.134 48.715 0.250000
29128 -11.907 -46.200 49.096 0.500000
29129 -11.223 -46.261 48.845 0.500000
29130 -12.652 -46.177 49.393 0.500000
29131 -14.114 -46.057 49.432 0.250000
29132 -14.936 -46.273 49.446 0.125000
29133 -15.719 -46.711 49.595 0.125000
29139 -6.638 -47.050 48.184 0.250000
29140 -12.440 -45.948 48.753 0.500000
29141 -13.398 -45.924 49.020 0.500000
29142 -14.968 -45.825 48.978 0.375000
29143 -15.528 -46.141 49.220 0.250000
29144 -16.304 -46.361 49.261 0.125000
29146 -7.216 -46.976 47.747 0.125000
29147 -8.098 -47.428 46.941 0.125000
29148 -7.571 -47.377 47.425 0.250000
29151 -8.623 -47.020 46.563 0.250000
29152 -9.140 -46.877 46.031 0.250000
29154 -10.112 -46.565 45.038 0.125000
29155 -10.753 -46.594 44.377 0.125000
29174 -13.604 -47.052 42.095 0.125000
29191 -16.086 -46.700 40.298 0.125000
29202 -16.838 -46.985 39.948 0.125000
29204 -17.088 -46.548 39.334 0.125000
29839 -9.477 -45.764 53.578 0.125000
29840 -8.793 -45.368 53.304 0.125000
29841 -9.207 -45.319 53.650 0.125000
29842 -10.190 -46.241 53.731 0.125000
29848 -8.368 -45.466 52.786 0.375000
29849 -8.017 -45.192 52.668 0.250000
29850 -8.349 -45.176 53.148 0.125000
29851 -9.023 -45.724 52.974 0.125000
29852 -9.838 -46.042 52.950 0.125000
29853 -10.578 -46.558 52.978 0.125000
29857 -7.815 -45.305 52.072 0.500000
29858 -6.638 -44.939 51.221 0.375000
29859 -7.516 -44.968 51.981 0.250000
29860 -8.370 -45.821 51.897 0.500000
29861 -9.227 -46.198 52.192 0.250000
29862 -10.104 -46.692 52.210 0.125000
29867 -4.906 -46.154 50.303 0.250000
29868 -4.757 -45.521 50.471 0.375000
29869 -5.697 -45.215 50.685 0.375000
29870 -5.968 -45.461 50.594 0.375000
29871 -6.500 -45.764 50.365 0.375000
29872 -8.178 -46.039 50.818 0.500000
29873 -8.951 -46.347 51.239 0.500000
29874 -9.703 -46.712 51.403 0.375000
29878 -2.839 -45.676 50.025 0.375000
29879 -2.909 -46.113 50.207 0.375000
29880 -3.705 -45.716 50.391 0.375000
29881 -5.867 -46.542 49.398 0.250000
29882 -6.837 -46.210 49.565 0.375000
29883 -7.900 -46.247 49.752 0.375000
29884 -8.864 -46.459 49.357 0.625000
29885 -9.409 -46.676 50.113 0.625000
29886 -19.990 -45.663 49.584 0.125000
29888 -21.060 -44.788 50.018 0.125000
29890 -3.103 -45.749 49.356 0.250000
29891 -6.534 -46.662 48.735 0.250000
29892 -7.880 -46.323 48.740 0.375000
29893 -8.537 -46.348 48.299 0.375000
29894 -9.462 -46.414 48.640 0.500000
29895 -10.440 -46.502 48.968 0.500000
29896 -18.318 -45.982 49.059 0.125000
29897 -19.164 -45.905 49.347 0.125000
29898 -19.764 -45.487 48.772 0.125000
29899 -20.791 -44.990 49.509 0.125000
29900 -21.262 -44.418 49.425 0.125000
29901 -21.507 -44.139 49.546 0.125000
29903 -7.734 -46.541 47.917 0.250000
29904 -8.256 -46.490 47.580 0.250000
29905 -8.995 -46.234 47.585 0.250000
29906 -10.744 -46.046 48.058 0.625000
29907 -11.646 -45.995 48.470 0.625000
29908 -13.048 -45.613 48.278 0.625000
29909 -14.512 -45.485 48.260 0.625000
29910 -15.439 -45.607 48.511 0.375000
29911 -16.405 -45.659 48.589 0.125000
29912 -17.321 -45.629 48.427 0.250000
29913 -18.047 -45.603 48.448 0.125000
29914 -18.878 -45.531 48.656 0.125000
29915 -20.599 -45.106 48.894 0.125000
29916 -21.287 -44.298 49.043 0.125000
29918 -7.809 -46.913 47.349 0.250000
29919 -8.367 -46.674 46.992 0.250000
29920 -8.999 -46.400 46.652 0.250000
29921 -10.690 -45.793 46.861 0.625000
29922 -11.853 -45.605 46.907 0.500000
29923 -10.992 -45.461 46.129 0.500000
29924 -12.858 -45.491 47.360 0.375000
29925 -14.200 -45.161 47.417 0.625000
29926 -14.945 -45.167 47.627 0.625000
29927 -15.862 -45.129 47.853 0.375000
29928 -16.807 -45.229 47.896 0.250000
29929 -17.672 -45.256 47.915 0.375000
29930 -18.613 -45.191 48.018 0.125000
29931 -20.233 -45.019 48.212 0.125000
29933 -9.953 -45.911 45.329 0.250000
29934 -9.528 -45.953 46.067 0.250000
29935 -12.696 -45.418 46.559 0.500000
29936 -13.515 -45.251 46.796 0.500000
29937 -14.322 -44.961 46.755 0.500000
29938 -15.280 -44.823 47.092 0.500000
29940 -10.382 -46.077 44.783 0.125000
29941 -11.257 -46.191 43.867 0.250000
29950 -11.784 -46.310 43.492 0.125000
29951 -12.292 -45.933 42.950 0.125000
29957 -12.878 -45.835 42.421 0.125000
29958 -13.248 -46.237 42.040 0.125000
29966 -13.850 -46.296 41.454 0.125000
29967 -14.531 -45.732 41.015 0.125000
29968 -15.280 -46.270 40.614 0.125000
29979 -15.730 -45.716 40.105 0.125000
29980 -16.426 -46.181 39.695 0.125000
29994 -16.795 -45.685 39.125 0.125000
30025 -18.824 -45.680 37.388 0.125000
30594 -8.722 -44.290 53.792 0.125000
30601 -8.315 -44.730 53.421 0.125000
30602 -7.797 -44.392 53.188 0.125000
30603 -8.662 -45.001 53.471 0.125000
30607 -7.070 -44.656 51.942 0.250000
30608 -6.530 -44.196 52.000 0.250000
30609 -7.325 -44.420 52.504 0.125000
30610 -7.839 -44.860 52.754 0.125000
30614 -6.214 -44.670 51.327 0.375000
30615 -5.715 -44.206 51.401 0.250000
30618 -4.827 -44.623 50.661 0.375000
30619 -3.946 -44.642 50.424 0.375000
30623 -3.320 -44.795 49.773 0.250000
30624 -3.314 -45.263 50.196 0.375000
30625 -21.783 -43.788 49.725 0.250000
30626 -22.360 -43.494 49.410 0.250000
30627 -3.471 -44.674 49.044 0.125000
30628 -21.704 -43.966 49.132 0.250000
30629 -22.037 -43.794 49.199 0.250000
30630 -22.549 -43.547 48.955 0.250000
30632 -20.898 -44.213 48.594 0.250000
30633 -21.948 -43.848 48.871 0.375000
30634 -22.243 -43.714 48.857 0.250000
30635 -22.711 -43.419 48.520 0.375000
30639 -10.200 -45.619 45.952 0.375000
30640 -18.199 -44.533 47.376 0.625000
30641 -19.482 -44.501 47.688 0.125000
30642 -20.494 -43.962 47.920 0.375000
30643 -21.209 -43.642 47.990 0.375000
30644 -21.740 -43.746 48.449 0.375000
30645 -22.312 -43.613 48.511 0.375000
30646 -22.537 -43.292 47.848 0.375000
30648 -10.712 -45.524 45.219 0.375000
30649 -11.882 -45.314 45.811 0.500000
30650 -13.021 -45.268 46.017 0.500000
30651 -14.138 -44.846 45.951 0.500000
30652 -14.881 -44.713 46.307 0.500000
30653 -15.675 -44.493 46.601 0.500000
30654 -16.575 -44.302 46.791 0.625000
30655 -18.099 -43.817 46.600 0.500000
30656 -19.096 -43.795 46.926 0.500000
30657 -20.151 -43.666 47.117 0.375000
30658 -21.047 -43.703 47.176 0.375000
30659 -21.684 -43.485 47.397 0.375000
30660 -22.067 -43.134 47.145 0.500000
30662 -10.856 -45.857 44.377 0.250000
30663 -11.485 -45.344 44.749 0.250000
30664 -12.454 -45.046 45.124 0.500000
30665 -13.870 -44.580 45.152 0.500000
30666 -14.641 -44.529 45.546 0.500000
30667 -15.299 -44.406 45.894 0.625000
30668 -16.083 -43.900 45.912 0.750000
30669 -17.190 -43.694 46.155 0.750000
30670 -18.844 -43.463 46.049 0.625000
30671 -19.827 -43.446 46.171 0.375000
30672 -20.795 -43.562 46.290 0.500000
30674 -11.788 -45.764 43.569 0.250000
30675 -12.992 -44.770 44.481 0.375000
30676 -13.137 -44.602 43.537 0.375000
30677 -13.633 -44.435 44.319 0.500000
30678 -14.288 -44.186 44.693 0.500000
30679 -15.207 -43.911 45.078 0.625000
30688 -12.819 -45.148 42.751 0.125000
30696 -13.370 -45.318 42.021 0.125000
30697 -13.457 -44.463 42.738 0.250000
30698 -13.982 -44.374 41.926 0.250000
30704 -14.397 -44.667 41.116 0.125000
30705 -15.030 -45.142 40.574 0.125000
30714 -15.594 -44.576 40.162 0.125000
30715 -16.172 -45.164 39.585 0.125000
30722 -16.657 -44.601 39.095 0.125000
30723 -17.206 -45.185 38.570 0.125000
30738 -19.201 -44.946 36.791 0.125000
30739 -19.877 -44.612 36.208 0.125000
31334 -7.673 -43.741 53.400 0.125000
31335 -8.334 -44.103 53.683 0.125000
31340 -7.099 -43.942 52.700 0.125000
31344 -4.902 -43.105 51.554 0.250000
31345 -5.580 -43.404 51.867 0.250000
31349 -3.994 -43.368 50.266 0.125000
31350 -4.438 -43.765 50.777 0.250000
31351 -22.434 -43.172 50.197 0.125000
31352 -22.861 -42.713 50.494 0.125000
31353 -23.006 -42.747 49.849 0.125000
31354 -4.028 -43.129 49.362 0.125000
31355 -3.749 -43.701 49.821 0.125000
31356 -22.676 -43.130 49.626 0.125000
31357 -23.329 -42.834 49.328 0.125000
31358 -3.885 -43.591 48.669 0.125000
31359 -22.931 -43.204 49.154 0.125000
31360 -23.616 -42.968 48.875 0.375000
31361 -3.912 -43.579 47.693 0.125000
31362 -23.021 -43.249 48.791 0.375000
31363 -23.389 -43.064 48.451 0.375000
31364 -4.089 -43.526 46.772 0.125000
31365 -23.088 -43.078 48.005 0.375000
31366 -23.689 -42.705 48.008 0.500000
31368 -22.374 -42.778 46.840 0.500000
31369 -22.771 -42.387 46.614 0.500000
31370 -23.236 -42.483 47.426 0.500000
31372 -16.784 -43.481 45.385 0.750000
31373 -17.578 -43.206 45.158 0.875000
31374 -19.439 -43.152 45.359 0.750000
31375 -20.412 -43.173 45.244 0.625000
31376 -21.361 -43.385 45.593 0.500000
31377 -22.235 -43.117 46.084 0.500000
31378 -22.566 -42.740 45.849 0.625000
31379 -22.583 -42.584 45.380 0.625000
31381 -13.890 -44.197 43.680 0.250000
31382 -14.665 -43.772 43.991 0.500000
31383 -15.516 -43.442 44.131 0.625000
31384 -16.859 -43.159 44.712 0.875000
31385 -17.336 -42.494 44.026 0.750000
31386 -18.201 -42.735 44.663 0.875000
31387 -19.016 -42.750 44.672 0.875000
31388 -18.524 -42.262 44.011 0.875000
31389 -19.771 -42.790 44.699 0.875000
31390 -21.105 -43.118 44.430 0.750000
31391 -21.755 -43.116 44.767 0.750000
31392 -22.341 -42.943 45.176 0.625000
31393 -22.389 -42.454 44.714 0.750000
31400 -14.242 -43.934 42.943 0.250000
31401 -15.037 -43.508 43.221 0.500000
31402 -15.733 -43.198 43.395 0.625000
31403 -16.312 -43.035 44.059 0.625000
31404 -19.442 -42.414 44.025 0.875000
31405 -20.347 -42.788 43.974 0.750000
31406 -19.747 -42.352 43.171 0.875000
31407 -20.994 -42.698 43.441 1.000000
31408 -21.495 -42.663 43.845 0.750000
31409 -21.653 -42.113 43.275 0.875000
31417 -14.545 -43.970 41.481 0.125000
31418 -14.676 -43.697 42.257 0.250000
31419 -20.428 -42.398 42.945 1.000000
31420 -20.849 -42.349 42.672 1.000000
31421 -20.312 -42.288 41.978 1.000000
31422 -21.245 -42.235 42.975 1.000000
31423 -21.418 -41.894 42.367 1.000000
31428 -14.996 -43.993 40.816 0.250000
31429 -20.856 -42.190 41.979 1.000000
31435 -16.211 -44.047 39.767 0.125000
31441 -17.225 -44.054 38.656 0.125000
31447 -18.214 -44.208 37.752 0.250000
31453 -19.378 -43.877 36.647 0.125000
31999 -6.883 -43.228 52.843 0.125000
32023 -23.499 -42.317 51.061 0.125000
32025 -24.186 -41.820 51.433 0.125000
32026 -4.057 -42.485 50.413 0.125000
32027 -4.353 -42.850 51.046 0.125000
32028 -23.635 -42.364 50.033 0.125000
32029 -24.235 -41.912 50.337 0.250000
32030 -3.988 -42.356 49.414 0.125000
32031 -3.874 -42.786 49.849 0.125000
32032 -23.729 -42.364 49.692 0.125000
32033 -24.378 -42.002 49.756 0.250000
32034 -4.085 -42.792 49.068 0.125000
32035 -23.879 -42.459 49.134 0.125000
32036 -24.183 -41.956 49.378 0.250000
32037 -3.884 -43.190 48.099 0.125000
32038 -23.894 -42.650 48.432 0.125000
32039 -24.008 -42.268 48.699 0.250000
32040 -4.207 -43.173 47.378 0.125000
32042 -23.822 -42.173 47.481 0.250000
32043 -4.342 -43.275 46.906 0.125000
32045 -23.328 -41.964 46.730 0.625000
32047 -22.748 -42.283 45.900 0.750000
32048 -23.010 -41.853 46.115 0.750000
32050 -22.688 -42.214 45.281 0.750000
32054 -15.433 -43.252 42.539 0.625000
32055 -17.093 -42.246 42.896 0.625000
32056 -18.118 -42.101 42.959 0.875000
32057 -19.015 -42.246 43.313 0.875000
32058 -22.023 -42.096 43.771 0.750000
32067 -15.126 -43.506 41.642 0.250000
32068 -15.806 -42.935 41.874 0.500000
32069 -16.587 -42.343 42.013 0.625000
32070 -18.165 -41.903 41.818 0.750000
32071 -19.104 -42.158 42.367 0.750000
32072 -19.870 -42.268 42.407 1.000000
32073 -21.647 -41.640 42.199 0.875000
32074 -21.893 -41.533 42.300 0.875000
32084 -15.767 -43.575 40.481 0.250000
32085 -18.170 -42.116 40.847 0.750000
32086 -19.060 -42.166 40.763 0.750000
32087 -19.876 -42.406 40.953 0.750000
32088 -20.453 -42.064 41.160 1.000000
32089 -21.116 -41.765 41.433 1.000000
32090 -21.551 -41.483 41.483 1.000000
32091 -21.805 -41.465 41.725 1.000000
32101 -16.867 -43.461 39.418 0.125000
32102 -19.370 -42.357 39.829 0.625000
32103 -20.128 -42.432 40.336 0.625000
32104 -20.678 -42.078 40.163 0.875000
32105 -21.240 -41.572 40.700 1.000000
32106 -21.548 -41.537 40.107 1.000000
32117 -17.913 -43.653 38.332 0.375000
32118 -18.985 -43.038 38.031 0.375000
32119 -20.042 -42.604 39.479 0.625000
32120 -20.428 -42.425 39.089 0.750000
32121 -20.865 -42.088 39.134 0.750000
32122 -21.316 -41.760 39.127 0.750000
32135 -18.797 -43.754 37.311 0.125000
32136 -19.577 -42.999 37.270 0.375000
32137 -20.492 -42.428 38.115 0.625000
32138 -21.051 -42.205 37.507 0.625000
32139 -21.066 -42.024 38.417 0.750000
32155 -20.385 -42.709 36.889 0.500000
32156 -21.073 -42.672 36.388 0.375000
32167 -20.702 -43.464 35.812 0.250000
32755 -24.140 -41.835 51.431 0.125000
32763 -24.752 -41.722 51.870 0.125000
32764 -24.534 -41.393 51.117 0.125000
32769 -24.802 -41.539 50.332 0.250000
32771 -24.839 -41.642 49.797 0.250000
32774 -24.354 -41.565 49.131 0.250000
32776 -24.063 -42.248 48.118 0.125000
32777 -24.172 -41.625 48.164 0.250000
32781 -24.167 -41.866 47.556 0.125000
32782 -24.204 -41.360 47.404 0.375000
32784 -23.672 -41.632 46.725 0.500000
32785 -24.152 -41.541 47.117 0.500000
32787 -23.346 -41.416 46.248 0.750000
32789 -22.663 -41.662 44.786 0.750000
32790 -22.907 -41.711 45.667 0.750000
32792 -22.025 -41.710 43.203 0.875000
32797 -22.192 -41.350 42.468 0.875000
32810 -21.877 -41.352 41.242 1.000000
32811 -22.100 -41.351 41.562 1.000000
32824 -21.922 -41.343 40.639 1.000000
32825 -22.243 -41.143 40.356 0.875000
32837 -21.914 -41.354 39.821 0.875000
32838 -22.311 -40.992 39.312 0.750000
32852 -21.514 -41.889 38.161 0.625000
32853 -22.068 -41.751 37.883 0.625000
32854 -22.501 -40.916 38.404 0.750000
32868 -21.725 -42.144 37.188 0.625000
32869 -22.278 -41.860 36.951 0.625000
32879 -21.908 -42.375 36.025 0.500000
32880 -22.475 -42.203 35.138 0.125000
32895 -23.059 -41.634 34.644 0.125000
32916 -23.544 -41.840 33.835 0.125000
33479 -24.958 -41.318 51.646 0.125000
33481 -24.932 -40.602 51.516 0.125000
33487 -24.976 -41.305 51.648 0.125000
33488 -25.007 -40.591 51.414 0.125000
33489 -25.223 -40.304 51.142 0.125000
33496 -24.854 -40.879 50.843 0.250000
33497 -25.452 -40.211 50.592 0.125000
33500 -25.113 -40.979 50.225 0.250000
33501 -25.511 -40.182 50.099 0.250000
33502 -24.960 -40.835 49.556 0.250000
33503 -25.378 -39.894 49.484 0.250000
33506 -24.301 -40.786 48.045 0.250000
33507 -24.814 -40.269 48.827 0.375000
33510 -23.903 -41.343 46.755 0.625000
33511 -24.184 -40.914 46.985 0.375000
33513 -23.734 -40.880 46.307 0.625000
33517 -22.571 -40.929 44.374 0.875000
33518 -23.117 -41.054 45.535 0.625000
33522 -22.335 -40.903 43.178 0.875000
33527 -22.438 -40.834 42.225 1.000000
33532 -22.590 -40.650 41.463 1.000000
33534 -22.574 -40.759 40.192 1.000000
33539 -22.608 -40.324 39.581 1.000000
33545 -22.509 -41.226 37.619 0.625000
33546 -22.571 -40.388 38.757 0.750000
33557 -22.720 -40.485 37.040 0.500000
33573 -22.660 -41.287 36.595 0.500000
33574 -23.012 -40.572 36.036 0.500000
33605 -23.731 -40.952 34.013 0.125000
33620 -24.267 -40.315 33.517 0.125000
33621 -25.065 -40.905 33.125 0.125000
34162 -25.227 -39.928 51.615 0.125000
34163 -25.849 -39.730 51.415 0.125000
34176 -26.042 -39.554 50.456 0.125000
34177 -26.100 -39.702 51.011 0.125000
34178 -26.600 -39.058 50.712 0.125000
34186 -25.921 -39.365 50.006 0.250000
34187 -26.443 -39.054 50.241 0.250000
34192 -25.812 -39.246 49.386 0.250000
34195 -24.733 -40.050 48.169 0.375000
34196 -25.348 -39.573 48.783 0.375000
34198 -24.507 -39.997 47.708 0.375000
34199 -25.254 -39.328 48.152 0.375000
34204 -24.263 -39.952 47.015 0.375000
34208 -23.915 -39.760 45.678 0.500000
34209 -24.089 -40.215 46.298 0.500000
34214 -22.468 -40.108 43.768 0.875000
34215 -23.080 -40.128 45.045 0.750000
34219 -22.379 -40.375 42.777 1.000000
34226 -22.502 -40.209 42.036 1.000000
34229 -22.684 -40.070 41.339 1.000000
34232 -22.670 -39.656 40.019 1.000000
34234 -22.650 -39.624 39.002 1.000000
34243 -23.015 -39.709 36.517 0.625000
34255 -23.197 -39.765 35.445 0.500000
34267 -23.417 -39.811 34.616 0.250000
34287 -23.738 -39.396 33.962 0.250000
34299 -24.440 -39.431 33.422 0.125000
34300 -25.107 -39.935 33.171 0.125000
34909 -24.969 -39.132 52.156 0.125000
34921 -26.483 -39.102 51.375 0.125000
34922 -26.916 -38.633 51.685 0.125000
34944 -26.870 -38.787 50.183 0.125000
34957 -26.437 -38.869 49.711 0.250000
34958 -27.147 -38.033 49.501 0.250000
34967 -26.671 -38.449 49.181 0.250000
34975 -24.728 -39.429 47.588 0.375000
34976 -25.164 -38.722 47.598 0.375000
34985 -24.502 -39.128 47.025 0.375000
34994 -24.067 -38.888 45.522 0.750000
34995 -24.418 -39.287 46.173 0.375000
35003 -22.900 -39.261 44.319 0.875000
35004 -23.505 -38.549 44.844 0.875000
35010 -22.419 -39.632 42.800 1.000000
35011 -22.885 -38.244 44.095 1.000000
35015 -22.458 -38.747 42.396 1.000000
35018 -22.493 -38.652 41.419 1.000000
35021 -22.622 -38.567 40.395 1.000000
35025 -22.670 -38.762 39.326 1.000000
35030 -22.679 -38.556 38.436 1.000000
35034 -23.020 -38.909 37.039 0.625000
35043 -23.220 -38.809 35.940 0.750000
35051 -23.370 -39.051 34.864 0.500000
35079 -24.224 -38.632 33.600 0.125000
35080 -25.210 -38.913 33.212 0.125000
35649 -25.357 -37.746 53.164 0.125000
35650 -26.318 -38.636 52.077 0.125000
35651 -26.145 -37.959 52.622 0.125000
35652 -26.882 -38.195 52.310 0.125000
35658 -27.456 -37.977 51.991 0.125000
35664 -27.069 -38.496 50.697 0.125000
35665 -27.367 -38.151 51.294 0.125000
35666 -27.865 -37.610 51.169 0.125000
35672 -27.270 -38.204 50.188 0.125000
35673 -27.680 -37.564 50.584 0.125000
35682 -26.315 -38.282 48.518 0.375000
35683 -26.864 -37.769 48.833 0.375000
35686 -25.852 -38.111 47.869 0.375000
35689 -25.047 -37.511 46.063 0.625000
35690 -25.174 -37.857 47.175 0.500000
35692 -24.160 -38.013 45.153 0.625000
35693 -24.617 -38.356 45.757 0.625000
35694 -33.749 -37.125 44.157 0.500000
35695 -32.999 -36.761 44.341 0.500000
35696 -33.303 -36.648 44.986 0.375000
35697 -34.616 -37.393 44.394 0.500000
35698 -34.785 -37.379 45.164 0.375000
35699 -35.293 -37.614 44.659 0.500000
35700 -35.558 -37.278 45.277 0.250000
35701 -36.013 -37.381 44.829 0.125000
35702 -36.705 -37.364 45.211 0.125000
35704 -23.556 -37.617 44.507 1.000000
35705 -32.640 -36.873 43.590 0.750000
35706 -31.936 -36.785 43.092 0.875000
35707 -32.116 -36.471 44.239 0.500000
35708 -33.493 -37.297 43.341 0.750000
35709 -34.420 -37.485 43.590 0.750000
35710 -35.141 -37.780 43.874 0.625000
35711 -35.772 -37.833 44.135 0.500000
35712 -36.569 -37.627 44.425 0.250000
35713 -37.239 -37.717 43.900 0.375000
35716 -22.564 -37.947 43.093 1.000000
35717 -32.835 -37.233 42.855 0.875000
35718 -33.492 -37.452 42.733 0.875000
35719 -34.201 -37.618 42.944 0.750000
35720 -34.957 -37.862 43.136 0.625000
35721 -36.758 -37.982 42.977 0.375000
35722 -37.481 -37.763 43.160 0.375000
35723 -38.086 -37.546 43.653 0.125000
35724 -38.078 -37.713 42.808 0.375000
35726 -22.448 -37.780 42.049 1.000000
35727 -32.444 -37.093 42.515 0.875000
35728 -33.136 -37.381 42.256 0.875000
35729 -34.653 -37.918 42.016 0.750000
35730 -36.042 -38.287 42.084 0.500000
35731 -36.730 -38.315 42.407 0.500000
35732 -37.401 -38.113 42.533 0.500000
35733 -38.575 -37.625 41.465 0.375000
35735 -22.578 -37.727 41.070 1.000000
35736 -33.367 -37.169 41.417 1.000000
35737 -32.459 -36.985 41.868 1.000000
35738 -34.505 -37.842 41.125 0.875000
35739 -35.243 -38.195 41.417 0.750000
35740 -36.123 -38.059 41.192 0.875000
35741 -36.983 -38.094 40.962 0.750000
35742 -37.883 -38.033 41.243 0.500000
35743 -38.476 -37.699 40.727 0.500000
35746 -22.693 -37.977 39.752 1.000000
35747 -33.931 -37.095 39.561 1.000000
35748 -33.030 -36.719 40.815 1.000000
35749 -34.501 -37.672 39.749 1.000000
35750 -36.035 -38.345 39.838 1.000000
35751 -36.858 -38.253 39.960 0.750000
35752 -37.707 -38.009 40.402 0.500000
35753 -38.360 -37.662 39.892 0.625000
35756 -22.663 -37.848 39.034 1.000000
35757 -33.694 -36.859 38.817 1.000000
35758 -33.334 -36.757 39.002 1.000000
35759 -34.207 -37.250 39.190 1.000000
35760 -35.253 -37.945 39.083 1.000000
35761 -35.823 -38.137 39.282 1.000000
35762 -36.418 -38.198 39.434 0.750000
35763 -37.121 -37.942 39.143 0.625000
35764 -37.872 -37.696 39.247 0.625000
35768 -22.953 -38.133 37.596 1.000000
35769 -34.223 -37.123 38.596 1.000000
35770 -33.635 -36.810 38.243 1.000000
35771 -34.929 -37.565 38.585 1.000000
35772 -35.666 -37.788 38.700 1.000000
35773 -36.371 -37.924 38.846 0.750000
35774 -36.954 -37.559 38.383 0.750000
35775 -37.699 -37.448 38.595 0.500000
35779 -23.266 -38.102 36.694 0.875000
35780 -34.679 -37.098 37.945 1.000000
35781 -35.437 -37.316 38.022 1.000000
35782 -36.220 -37.499 38.182 0.875000
35790 -23.385 -37.970 35.957 0.750000
35795 -23.441 -38.189 35.188 0.500000
35807 -23.686 -38.420 34.316 0.375000
35808 -24.165 -37.787 33.937 0.500000
35809 -27.237 -38.986 33.546 0.125000
35818 -24.772 -37.952 33.338 0.500000
35819 -26.625 -38.055 33.350 0.125000
35820 -27.416 -37.967 33.269 0.250000
35821 -28.157 -38.359 33.099 0.125000
35822 -27.826 -37.527 32.552 0.375000
35827 -28.437 -38.042 32.100 0.250000
35828 -30.058 -38.762 31.421 0.125000
35829 -29.208 -38.455 31.762 0.125000
35836 -30.528 -38.195 30.629 0.125000
35837 -29.732 -37.938 30.924 0.250000
35838 -31.462 -38.300 30.349 0.125000
35849 -30.281 -37.473 30.458 0.250000
35850 -30.929 -37.560 30.164 0.250000
35851 -32.053 -38.068 29.936 0.125000
35852 -31.622 -37.574 29.816 0.375000
35866 -32.481 -37.610 29.480 0.500000
36387 -25.173 -36.850 53.094 0.125000
36388 -25.942 -37.149 53.008 0.125000
36389 -27.021 -37.510 52.817 0.125000
36396 -27.871 -37.665 51.674 0.125000
36397 -27.914 -37.325 52.200 0.125000
36398 -28.228 -37.103 51.576 0.125000
36409 -28.183 -36.940 50.988 0.125000
36417 -27.468 -37.531 49.924 0.125000
36418 -27.801 -36.782 50.316 0.125000
36427 -27.234 -37.234 49.264 0.250000
36428 -27.508 -36.739 49.673 0.250000
36437 -26.972 -36.746 48.622 0.250000
36439 -25.881 -36.386 47.399 0.375000
36440 -26.342 -37.319 48.126 0.375000
36442 -25.249 -36.363 45.999 0.625000
36443 -25.285 -36.834 46.865 0.375000
36444 -32.013 -36.078 45.213 0.500000
36445 -31.484 -35.773 45.382 0.375000
36446 -32.382 -35.984 45.589 0.250000
36447 -33.022 -36.277 45.415 0.250000
36448 -33.293 -36.018 45.832 0.125000
36449 -33.791 -36.544 45.442 0.375000
36450 -34.356 -36.428 45.771 0.375000
36451 -35.038 -36.953 45.567 0.375000
36452 -35.261 -36.533 45.860 0.250000
36453 -36.161 -37.132 45.490 0.125000
36455 -36.641 -37.034 45.748 0.125000
36457 -24.132 -36.925 44.898 0.875000
36458 -24.766 -36.678 45.457 0.625000
36459 -30.259 -35.993 44.101 0.750000
36460 -29.693 -35.832 44.119 0.625000
36461 -30.210 -35.677 44.613 0.375000
36462 -31.621 -36.129 44.743 0.500000
36463 -30.829 -35.622 45.138 0.500000
36464 -32.504 -36.414 44.869 0.500000
36465 -37.253 -37.502 44.784 0.250000
36466 -37.480 -37.159 45.370 0.125000
36467 -37.766 -36.508 45.523 0.125000
36468 -38.294 -36.820 45.027 0.125000
36470 -23.677 -36.662 44.071 1.000000
36471 -29.892 -35.922 43.829 0.750000
36472 -29.594 -35.780 43.993 0.625000
36473 -30.460 -36.193 43.687 0.750000
36474 -31.120 -36.279 44.123 0.625000
36475 -38.011 -37.377 44.554 0.125000
36476 -38.856 -36.539 44.318 0.125000
36480 -22.819 -36.848 42.675 1.000000
36481 -23.027 -37.238 43.722 1.000000
36482 -30.141 -36.039 43.264 0.875000
36483 -31.006 -36.309 43.141 0.750000
36484 -38.690 -37.291 43.146 0.250000
36485 -39.173 -36.728 43.448 0.125000
36486 -39.286 -36.817 42.447 0.375000
36488 -22.759 -36.916 41.590 1.000000
36489 -30.818 -36.172 42.573 0.875000
36490 -30.084 -36.020 42.470 0.875000
36491 -31.724 -36.669 42.540 0.875000
36492 -39.088 -37.077 41.630 0.375000
36493 -39.612 -36.597 41.663 0.250000
36495 -22.775 -36.890 40.656 1.000000
36496 -30.676 -36.035 42.004 0.875000
36497 -31.327 -35.985 41.316 1.000000
36498 -30.597 -35.745 41.425 0.875000
36499 -32.170 -36.409 41.122 1.000000
36500 -39.044 -37.335 40.981 0.375000
36501 -39.333 -36.864 41.170 0.375000
36502 -39.699 -36.315 40.947 0.125000
36505 -22.648 -37.004 39.685 1.000000
36506 -32.235 -35.976 39.565 1.000000
36507 -30.958 -35.488 40.530 1.000000
36508 -32.620 -36.327 40.080 1.000000
36509 -38.931 -37.410 40.383 0.375000
36510 -39.373 -36.847 40.435 0.375000
36511 -39.919 -36.127 40.147 0.250000
36513 -22.872 -37.055 38.727 1.000000
36514 -32.414 -36.079 38.553 1.000000
36515 -31.900 -35.618 39.011 1.000000
36516 -32.704 -36.436 39.064 1.000000
36517 -38.518 -37.149 38.990 0.500000
36518 -39.301 -36.515 39.032 0.375000
36519 -39.826 -36.154 39.349 0.375000
36523 -23.211 -37.265 37.909 1.000000
36524 -33.007 -36.632 38.343 1.000000
36525 -37.405 -37.040 37.951 0.750000
36526 -38.217 -36.872 38.176 0.500000
36527 -38.885 -36.602 38.420 0.375000
36532 -23.410 -37.331 36.375 0.750000
36533 -32.364 -35.897 37.864 1.000000
36534 -33.696 -36.690 37.561 1.000000
36535 -34.110 -36.875 37.874 1.000000
36536 -35.205 -36.927 37.251 1.000000
36537 -36.007 -37.185 37.369 0.875000
36538 -37.113 -36.794 37.197 0.875000
36539 -37.812 -36.559 37.459 0.750000
36540 -38.054 -35.964 36.963 0.625000
36541 -38.751 -36.236 37.711 0.375000
36549 -23.556 -37.383 35.532 0.625000
36550 -33.052 -36.036 36.407 1.000000
36551 -32.518 -35.497 36.521 1.000000
36552 -33.758 -36.523 36.689 1.000000
36553 -34.392 -36.669 36.609 1.000000
36554 -34.984 -36.796 36.434 1.000000
36555 -35.856 -36.463 36.497 1.000000
36556 -36.694 -36.343 36.556 1.000000
36557 -37.330 -36.221 36.704 0.875000
36558 -38.151 -35.443 36.522 1.000000
36562 -23.944 -36.716 35.090 0.750000
36563 -33.699 -36.093 35.751 1.000000
36564 -33.081 -35.406 35.385 1.000000
36565 -34.432 -35.974 35.356 1.000000
36566 -34.737 -36.529 35.783 1.000000
36567 -35.323 -36.147 35.738 1.000000
36568 -36.320 -35.747 36.184 1.000000
36569 -36.830 -35.669 36.205 1.000000
36570 -37.397 -35.607 36.309 1.000000
36584 -24.325 -36.930 34.276 0.625000
36585 -34.001 -35.380 34.906 1.000000
36586 -34.726 -35.426 34.606 1.000000
36587 -34.151 -34.923 33.871 1.000000
36588 -35.008 -35.886 35.140 1.000000
36589 -35.482 -35.645 35.010 1.000000
36590 -36.479 -35.445 35.563 1.000000
36598 -24.770 -36.687 33.805 0.625000
36599 -25.244 -37.176 33.357 0.375000
36600 -26.666 -37.058 33.056 0.500000
36601 -27.301 -37.069 32.725 0.250000
36602 -27.066 -36.319 32.496 0.625000
36603 -34.788 -35.086 33.997 1.000000
36604 -35.111 -35.424 34.466 1.000000
36609 -27.635 -36.645 32.127 0.500000
36610 -28.975 -37.548 31.335 0.250000
36611 -28.225 -37.096 31.700 0.500000
36618 -28.910 -36.525 31.129 0.625000
36624 -30.606 -36.889 30.186 0.500000
36625 -31.202 -37.044 29.830 0.625000
36634 -31.767 -36.945 29.496 0.625000
36635 -32.410 -36.830 29.240 0.750000
36636 -32.921 -37.057 29.047 0.750000
36637 -33.104 -36.534 28.885 0.625000
36648 -33.566 -36.958 28.727 0.375000
36649 -34.382 -36.842 28.443 0.125000
37191 -25.128 -36.064 52.733 0.125000
37192 -25.719 -36.300 52.876 0.125000
37193 -27.452 -36.678 52.677 0.125000
37206 -27.793 -35.852 52.375 0.125000
37207 -28.288 -36.584 52.041 0.125000
37217 -28.337 -36.048 50.706 0.125000
37228 -27.845 -35.781 49.823 0.125000
37240 -27.489 -36.234 49.038 0.250000
37264 -26.356 -35.209 46.930 0.375000
37265 -26.419 -35.953 47.993 0.375000
37266 -33.424 -35.743 46.158 0.125000
37267 -33.955 -35.693 46.332 0.125000
37268 -33.901 -36.022 45.976 0.125000
37269 -34.445 -35.511 46.457 0.125000
37270 -34.648 -36.044 46.240 0.250000
37271 -35.053 -35.512 46.466 0.250000
37272 -35.621 -36.116 46.278 0.125000
37273 -35.655 -35.421 46.382 0.250000
37283 -25.557 -35.527 45.816 0.375000
37284 -25.657 -35.818 46.515 0.500000
37285 -30.976 -35.569 45.556 0.375000
37286 -31.787 -35.683 45.785 0.250000
37287 -32.688 -35.744 46.009 0.250000
37289 -37.157 -36.031 45.910 0.125000
37299 -24.652 -35.877 44.838 0.750000
37300 -25.188 -35.726 45.333 0.500000
37301 -28.497 -35.289 44.737 0.500000
37302 -29.406 -35.561 44.763 0.375000
37303 -30.281 -35.510 45.226 0.375000
37304 -37.741 -35.905 45.498 0.125000
37305 -38.435 -36.119 44.972 0.125000
37315 -24.194 -36.033 44.283 1.000000
37316 -26.077 -34.773 43.753 0.875000
37317 -25.503 -35.116 44.560 0.750000
37318 -26.627 -34.834 44.309 0.750000
37319 -29.229 -35.543 44.003 0.750000
37320 -28.469 -34.902 43.761 0.750000
37321 -28.486 -35.109 44.402 0.500000
37322 -39.412 -36.030 43.536 0.125000
37323 -39.019 -35.828 44.028 0.125000
37332 -23.500 -35.835 42.680 1.000000
37333 -24.501 -34.935 42.605 0.875000
37334 -25.614 -34.740 43.052 0.875000
37335 -27.927 -34.682 43.014 0.875000
37336 -27.314 -34.705 43.621 0.875000
37337 -29.120 -35.138 43.421 0.750000
37338 -29.661 -35.736 43.729 0.750000
37339 -39.659 -36.227 42.911 0.125000
37340 -40.089 -35.726 42.655 0.125000
37348 -23.167 -36.211 41.968 1.000000
37349 -23.806 -35.399 41.820 1.000000
37350 -25.699 -34.568 42.241 0.875000
37351 -26.773 -34.631 42.588 0.875000
37352 -28.727 -34.922 42.655 0.875000
37353 -29.594 -35.531 42.902 0.750000
37354 -40.022 -36.258 42.237 0.125000
37355 -40.387 -35.427 42.009 0.125000
37363 -23.388 -36.156 41.109 1.000000
37364 -24.138 -35.256 41.181 0.875000
37365 -25.657 -34.463 41.560 0.875000
37366 -26.694 -34.584 41.963 0.875000
37367 -28.345 -34.977 42.149 0.875000
37368 -27.663 -34.608 41.621 0.875000
37369 -29.456 -35.409 41.642 0.875000
37370 -30.022 -35.867 41.827 0.875000
37371 -40.191 -35.704 40.770 0.125000
37376 -23.064 -36.068 40.162 1.000000
37377 -23.646 -35.518 40.565 1.000000
37378 -28.686 -34.916 41.583 0.875000
37379 -29.319 -34.788 40.670 0.875000
37380 -30.225 -34.776 40.100 0.875000
37381 -29.506 -34.672 39.674 0.875000
37382 -40.081 -35.649 39.670 0.250000
37385 -23.056 -36.109 39.187 1.000000
37386 -30.907 -34.975 38.765 1.000000
37387 -29.998 -34.961 39.151 1.000000
37388 -39.836 -35.565 38.956 0.375000
37390 -23.315 -36.400 38.234 1.000000
37391 -23.811 -35.853 37.592 1.000000
37392 -30.776 -34.692 37.895 1.000000
37393 -29.925 -34.716 38.532 1.000000
37394 -31.711 -35.443 38.306 1.000000
37395 -39.344 -36.121 38.258 0.375000
37396 -39.601 -35.379 38.244 0.250000
37400 -23.640 -36.643 36.882 1.000000
37401 -24.074 -35.846 36.587 1.000000
37402 -31.136 -34.161 36.990 1.000000
37403 -30.178 -34.018 37.178 1.000000
37404 -31.774 -35.032 37.492 1.000000
37405 -39.344 -35.527 37.649 0.375000
37406 -39.618 -34.973 37.522 0.375000
37415 -23.686 -36.598 35.988 0.750000
37416 -24.204 -35.897 35.570 0.750000
37417 -31.911 -34.727 36.609 1.000000
37418 -31.123 -34.279 36.174 1.000000
37419 -38.657 -34.998 36.523 0.875000
37420 -39.399 -35.032 37.077 0.500000
37424 -24.524 -36.041 34.651 0.750000
37425 -32.089 -34.899 35.884 1.000000
37426 -31.398 -34.331 35.478 1.000000
37427 -32.565 -35.495 35.933 1.000000
37428 -37.024 -35.357 35.642 1.000000
37429 -37.666 -35.109 35.862 1.000000
37430 -38.308 -34.607 35.900 0.875000
37446 -24.924 -36.026 34.025 0.750000
37447 -25.010 -35.234 34.384 0.750000
37448 -32.057 -34.476 35.032 1.000000
37449 -32.640 -34.678 34.672 1.000000
37450 -32.001 -34.504 33.909 1.000000
37451 -33.389 -34.812 34.264 1.000000
37452 -35.462 -35.369 34.351 1.000000
37453 -37.081 -34.789 34.639 1.000000
37454 -37.560 -34.714 35.173 1.000000
37464 -25.673 -35.503 33.689 0.625000
37465 -26.414 -35.963 32.967 0.625000
37466 -32.679 -34.653 33.555 1.000000
37467 -33.335 -34.850 33.034 1.000000
37468 -32.647 -34.852 32.680 1.000000
37469 -34.441 -34.877 33.308 1.000000
37470 -34.939 -35.024 33.813 1.000000
37471 -35.339 -35.112 33.946 1.000000
37472 -35.852 -35.292 34.133 1.000000
37473 -36.728 -34.638 34.163 1.000000
37479 -27.144 -35.387 32.490 0.750000
37480 -27.543 -35.920 32.055 0.625000
37481 -33.421 -34.786 32.212 1.000000
37482 -32.933 -34.897 32.174 1.000000
37483 -33.970 -34.705 32.477 1.000000
37484 -34.458 -34.767 32.929 1.000000
37485 -35.004 -34.829 33.415 1.000000
37486 -35.335 -34.597 33.252 1.000000
37487 -36.100 -34.809 33.778 1.000000
37493 -28.167 -36.036 31.556 0.500000
37494 -28.942 -35.757 31.234 0.625000
37495 -29.616 -35.969 30.904 0.625000
37496 -32.793 -34.801 31.189 0.875000
37497 -33.514 -34.707 31.430 1.000000
37498 -34.053 -34.509 31.893 1.000000
37499 -34.643 -34.485 32.466 1.000000
37504 -30.405 -36.166 30.451 0.625000
37505 -31.280 -36.372 29.974 0.750000
37512 -32.062 -36.278 29.492 0.625000
37513 -32.638 -36.314 29.128 0.750000
37514 -33.065 -35.937 28.878 0.750000
37522 -33.781 -36.206 28.586 0.750000
37524 -35.582 -35.620 27.770 0.125000
38098 -27.220 -35.038 52.685 0.125000
38103 -28.639 -35.669 51.788 0.125000
38104 -29.094 -34.929 51.795 0.125000
38109 -28.809 -35.262 51.119 0.125000
38110 -29.359 -34.393 51.564 0.125000
38114 -28.535 -35.123 50.305 0.125000
38115 -29.088 -34.246 50.607 0.125000
38122 -28.295 -34.758 49.418 0.125000
38123 -28.799 -34.393 49.743 0.125000
38129 -27.462 -34.651 47.784 0.250000
38130 -27.749 -35.002 48.769 0.125000
38131 -33.346 -35.024 46.538 0.125000
38132 -32.519 -34.638 46.633 0.250000
38133 -33.571 -34.243 46.876 0.125000
38134 -34.017 -35.006 46.615 0.125000
38135 -34.245 -34.308 46.821 0.125000
38137 -27.142 -34.522 46.956 0.250000
38138 -31.223 -35.178 46.081 0.250000
38139 -30.491 -34.227 46.638 0.250000
38140 -31.622 -34.468 46.694 0.250000
38141 -32.147 -35.238 46.266 0.250000
38142 -34.653 -34.924 46.561 0.125000
38147 -26.140 -35.052 45.972 0.375000
38148 -26.908 -34.619 46.121 0.250000
38149 -28.563 -34.938 45.396 0.375000
38150 -28.807 -34.493 46.012 0.250000
38151 -30.365 -35.160 45.866 0.250000
38152 -29.563 -34.434 46.277 0.250000
38157 -26.051 -34.953 45.136 0.625000
38158 -26.872 -34.911 45.334 0.250000
38159 -27.652 -34.860 45.406 0.375000
38160 -37.211 -35.259 45.645 0.125000
38161 -37.935 -35.484 45.039 0.125000
38164 -27.255 -34.973 44.702 0.500000
38165 -38.464 -35.527 44.320 0.125000
38168 -39.811 -35.646 43.036 0.125000
38169 -40.229 -35.026 42.667 0.125000
38172 -40.563 -34.566 42.003 0.125000
38176 -24.337 -34.887 40.620 1.000000
38177 -26.552 -34.269 41.103 1.000000
38178 -40.558 -35.359 41.186 0.125000
38179 -41.083 -34.829 41.090 0.125000
38183 -23.635 -35.157 39.751 1.000000
38184 -24.707 -34.396 39.988 1.000000
38185 -25.917 -33.937 40.182 1.000000
38186 -27.198 -33.960 40.149 1.000000
38187 -28.226 -34.381 40.626 0.875000
38188 -40.648 -35.168 40.733 0.125000
38189 -41.093 -34.592 40.697 0.125000
38194 -23.641 -35.442 38.651 1.000000
38195 -24.266 -34.569 39.003 1.000000
38196 -25.289 -33.896 39.253 1.000000
38197 -27.389 -33.803 39.178 1.000000
38198 -28.206 -34.247 39.516 1.000000
38199 -29.102 -34.591 39.044 1.000000
38200 -40.045 -34.902 39.164 0.125000
38201 -40.530 -34.329 39.312 0.125000
38205 -24.824 -34.168 38.288 1.000000
38206 -25.421 -33.973 37.607 1.000000
38207 -26.019 -33.752 38.538 1.000000
38208 -27.107 -33.627 38.523 1.000000
38209 -26.485 -33.684 37.829 1.000000
38210 -29.165 -34.211 38.226 1.000000
38211 -39.845 -34.643 38.044 0.125000
38212 -40.391 -34.291 38.431 0.125000
38214 -24.521 -34.793 37.283 1.000000
38215 -25.274 -34.321 36.669 1.000000
38216 -27.547 -33.588 37.878 1.000000
38217 -28.521 -33.742 37.720 1.000000
38218 -27.862 -33.505 37.105 1.000000
38219 -29.343 -33.868 37.410 1.000000
38220 -39.723 -34.489 37.412 0.250000
38228 -24.676 -35.137 36.149 0.875000
38229 -25.302 -34.560 35.683 1.000000
38230 -28.730 -33.583 36.876 1.000000
38231 -29.505 -33.713 36.610 1.000000
38232 -28.778 -33.660 36.121 1.000000
38233 -30.341 -33.874 36.384 1.000000
38234 -39.182 -34.533 36.607 0.875000
38235 -39.541 -34.586 37.009 0.375000
38240 -24.727 -35.192 35.140 0.750000
38241 -25.229 -34.683 34.867 0.750000
38242 -29.638 -33.664 35.953 1.000000
38243 -30.547 -33.948 35.735 1.000000
38244 -29.884 -33.632 35.093 1.000000
38245 -38.721 -34.190 35.991 0.875000
38246 -39.385 -34.120 36.589 0.750000
38252 -25.646 -34.629 34.358 0.750000
38253 -30.514 -34.299 33.716 1.000000
38254 -29.989 -33.953 34.202 1.000000
38255 -31.376 -34.321 34.345 1.000000
38256 -37.364 -34.212 34.618 1.000000
38257 -37.874 -34.229 35.279 1.000000
38269 -27.296 -34.509 33.038 0.750000
38270 -31.147 -34.623 33.089 0.875000
38271 -30.100 -34.453 32.621 0.875000
38272 -32.035 -34.828 32.877 1.000000
38273 -37.026 -34.154 34.209 1.000000
38274 -37.131 -33.701 34.180 1.000000
38281 -27.885 -35.344 32.004 0.625000
38282 -27.705 -34.793 32.438 0.750000
38283 -28.436 -34.626 32.256 0.750000
38284 -31.229 -34.778 31.170 0.750000
38285 -30.533 -34.566 31.822 0.750000
38286 -32.185 -34.857 31.795 1.000000
38287 -35.841 -34.224 33.226 1.000000
38288 -35.998 -33.958 33.163 1.000000
38289 -36.816 -33.800 33.965 1.000000
38294 -28.654 -35.199 31.672 0.625000
38295 -30.369 -35.316 30.975 0.750000
38296 -29.583 -35.113 31.457 0.750000
38297 -31.114 -35.563 30.455 0.750000
38298 -31.845 -35.057 30.602 0.875000
38299 -33.841 -34.692 30.580 0.750000
38300 -34.352 -34.438 31.168 0.875000
38301 -34.717 -34.126 31.728 0.875000
38302 -35.091 -33.705 31.831 0.875000
38303 -35.609 -34.061 32.857 0.875000
38310 -31.834 -35.680 29.935 0.750000
38311 -33.693 -35.080 29.417 0.750000
38312 -34.255 -34.622 29.780 0.750000
38313 -34.813 -34.386 29.067 0.625000
38314 -34.796 -34.208 30.609 0.875000
38321 -33.530 -35.619 28.817 0.750000
38322 -34.226 -35.324 28.616 0.750000
38323 -35.016 -35.108 27.977 0.250000
38330 -35.756 -34.860 27.726 0.250000
38345 -36.955 -34.924 27.616 0.125000
38857 -28.959 -34.223 52.205 0.125000
38858 -29.769 -34.487 51.892 0.125000
38863 -29.806 -33.814 51.229 0.125000
38864 -30.135 -34.013 51.760 0.125000
38870 -29.630 -33.260 50.340 0.125000
38875 -28.784 -34.026 48.777 0.125000
38876 -29.249 -33.668 49.537 0.125000
38882 -28.207 -34.160 47.958 0.250000
38883 -29.530 -33.359 48.516 0.125000
38884 -31.082 -33.601 47.379 0.250000
38885 -31.585 -33.032 48.002 0.250000
38886 -32.051 -33.775 47.201 0.250000
38887 -32.418 -33.213 47.747 0.250000
38888 -33.155 -33.493 47.490 0.125000
38889 -33.885 -33.710 47.334 0.125000
38893 -27.829 -34.299 47.139 0.250000
38894 -28.662 -34.108 46.889 0.250000
38895 -29.080 -33.664 47.728 0.125000
38896 -29.537 -33.819 46.952 0.250000
38897 -30.012 -33.401 47.502 0.250000
38898 -34.896 -34.160 46.692 0.125000
38901 -27.857 -34.379 46.251 0.375000
38904 -36.398 -33.855 45.611 0.125000
38908 -38.285 -34.995 43.667 0.125000
38912 -38.897 -34.676 42.762 0.125000
38913 -39.578 -34.881 42.899 0.125000
38914 -40.128 -34.548 42.620 0.125000
38916 -37.532 -34.086 41.923 0.125000
38918 -39.852 -34.167 42.543 0.125000
38919 -40.448 -34.099 42.327 0.125000
38928 -41.361 -33.845 40.533 0.125000
38932 -40.947 -33.677 39.659 0.125000
38937 -25.985 -33.809 37.108 1.000000
38938 -26.875 -33.580 37.141 1.000000
38939 -40.161 -34.168 37.870 0.125000
38940 -40.096 -33.630 37.755 0.250000
38946 -26.172 -33.823 36.266 1.000000
38947 -27.180 -33.534 36.496 1.000000
38948 -27.964 -33.531 36.312 1.000000
38949 -39.716 -33.965 37.320 0.250000
38955 -25.883 -34.154 35.161 1.000000
38956 -26.990 -33.692 35.599 1.000000
38957 -27.984 -33.614 35.622 1.000000
38958 -28.682 -33.619 35.157 0.875000
38959 -38.878 -33.833 36.065 0.750000
38960 -39.304 -33.629 36.557 0.625000
38968 -26.859 -34.159 33.816 0.750000
38969 -27.897 -33.785 33.939 0.875000
38970 -29.045 -33.775 34.110 0.875000
38971 -38.080 -33.629 35.331 1.000000
38972 -38.724 -33.357 35.995 0.625000
38982 -28.258 -34.298 33.104 0.875000
38983 -29.373 -34.306 33.158 0.750000
38984 -37.088 -33.503 34.114 1.000000
38985 -37.510 -33.827 34.672 1.000000
38993 -29.282 -34.549 32.062 0.750000
38994 -36.515 -33.148 33.236 1.000000
38995 -36.866 -33.226 33.654 1.000000
39001 -35.765 -33.332 32.656 1.000000
39002 -36.004 -33.164 32.686 1.000000
39006 -35.135 -33.732 30.463 0.750000
39007 -35.349 -33.166 30.772 0.750000
39008 -35.331 -33.063 31.827 0.875000
39015 -35.428 -34.281 28.151 0.500000
39016 -35.324 -33.529 29.194 0.500000
39023 -35.833 -33.513 28.084 0.375000
39037 -36.529 -33.626 27.581 0.125000
39038 -37.080 -34.163 27.444 0.125000
39512 -29.321 -33.318 52.629 0.125000
39519 -30.197 -33.938 52.075 0.125000
39521 -30.346 -33.208 51.648 0.125000
39527 -30.260 -33.069 51.047 0.125000
39533 -30.447 -32.442 50.077 0.250000
39534 -31.382 -32.115 49.419 0.250000
39535 -30.933 -32.321 50.343 0.250000
39540 -29.933 -32.972 49.299 0.250000
39541 -30.967 -32.492 48.911 0.250000
39542 -32.000 -32.606 48.601 0.250000
39543 -32.305 -32.212 48.973 0.250000
39544 -32.726 -32.825 48.314 0.250000
39545 -33.048 -32.485 48.804 0.125000
39546 -33.499 -33.018 47.947 0.125000
39552 -30.518 -33.024 48.255 0.250000
39565 -36.320 -33.803 43.829 0.125000
39584 -41.468 -33.135 40.236 0.125000
39590 -39.867 -32.966 37.697 0.250000
39596 -39.458 -33.261 36.862 0.500000
39597 -39.691 -33.402 37.207 0.250000
39603 -39.097 -33.025 36.585 0.625000
39613 -38.037 -33.131 35.253 1.000000
39621 -37.121 -33.061 34.016 1.000000
39622 -37.411 -33.427 34.475 1.000000
39629 -36.940 -32.942 33.404 1.000000
39634 -36.147 -32.949 32.791 1.000000
39635 -36.706 -33.138 33.276 1.000000
39640 -35.325 -32.867 31.328 0.500000
39641 -35.526 -33.200 31.945 0.875000
39649 -35.685 -32.888 28.712 0.250000
39650 -35.360 -32.918 29.946 0.375000
39661 -36.173 -32.668 27.737 0.250000
39673 -36.900 -32.775 27.315 0.125000
40195 -30.593 -32.360 51.724 0.125000
40202 -31.418 -32.022 50.458 0.125000
40203 -31.131 -31.783 51.151 0.125000
40204 -31.937 -31.343 50.671 0.125000
40213 -31.697 -31.970 49.629 0.250000
40214 -32.072 -31.690 49.852 0.125000
40215 -32.575 -32.009 49.251 0.125000
40216 -32.878 -31.587 49.578 0.125000
40217 -33.331 -32.060 49.042 0.125000
40281 -39.333 -32.642 36.896 0.500000
40282 -39.545 -32.384 37.318 0.375000
40294 -38.753 -32.336 36.352 0.625000
40301 -38.111 -32.549 35.385 0.750000
40302 -38.593 -32.849 35.963 0.750000
40308 -36.730 -32.939 33.513 1.000000
40309 -37.364 -32.920 34.400 1.000000
40315 -36.899 -33.116 33.016 1.000000
40316 -36.069 -32.524 33.089 0.875000
40317 -36.399 -32.710 33.263 1.000000
40322 -35.621 -33.053 31.998 0.750000
40323 -35.274 -32.643 31.803 0.750000
40324 -35.582 -32.227 32.630 0.875000
40328 -35.245 -32.649 30.527 0.375000
40329 -35.134 -32.260 29.867 0.375000
40330 -35.158 -32.488 30.853 0.375000
40336 -35.381 -31.915 28.743 0.375000
40348 -35.839 -31.701 27.804 0.250000
40349 -36.616 -31.962 27.352 0.125000
40951 -30.474 -30.137 51.948 0.125000
40960 -31.351 -30.999 51.003 0.125000
40961 -32.429 -31.217 50.056 0.125000
40962 -32.497 -30.544 50.489 0.125000
40968 -32.887 -30.825 49.811 0.125000
41046 -39.367 -31.556 37.765 0.125000
41063 -38.657 -31.866 36.378 0.625000
41070 -37.583 -32.448 34.840 1.000000
41071 -37.435 -32.125 34.794 0.875000
41072 -38.217 -31.989 35.573 0.750000
41076 -36.496 -32.659 33.397 1.000000
41077 -36.172 -32.060 33.421 1.000000
41078 -36.772 -32.169 34.188 1.000000
41083 -35.938 -32.065 32.940 0.875000
41084 -35.874 -31.898 33.043 0.875000
41085 -35.982 -32.006 33.172 1.000000
41091 -35.164 -32.419 31.546 0.500000
41092 -34.885 -32.001 30.597 0.625000
41093 -35.101 -31.985 31.861 0.625000
41099 -34.788 -31.534 29.312 0.250000
41100 -34.065 -30.875 29.446 0.250000
41101 -34.342 -31.374 30.076 0.375000
41113 -34.513 -30.863 28.754 0.125000
41127 -35.097 -31.150 28.219 0.250000
41128 -35.653 -30.837 27.790 0.125000
41129 -36.415 -31.112 27.527 0.125000
41756 -31.133 -30.260 51.229 0.125000
41757 -30.752 -29.411 51.527 0.125000
41758 -31.494 -29.564 51.005 0.125000
41908 -38.982 -31.487 37.332 0.250000
41909 -38.728 -31.070 37.302 0.250000
41910 -39.129 -30.797 37.811 0.125000
41918 -38.403 -31.542 36.116 0.625000
41919 -37.989 -30.874 36.184 0.625000
41920 -38.491 -31.222 36.669 0.625000
41926 -37.112 -31.704 34.762 0.875000
41927 -36.627 -31.113 34.818 0.875000
41928 -37.279 -30.996 35.478 0.875000
41933 -36.120 -31.888 33.483 1.000000
41934 -35.751 -31.299 33.684 1.000000
41935 -36.119 -31.235 34.195 1.000000
41941 -34.548 -31.158 32.064 0.625000
41942 -34.035 -30.410 32.558 0.625000
41943 -34.809 -30.966 33.042 0.875000
41944 -35.321 -31.635 32.681 0.750000
41945 -35.446 -31.341 33.276 0.875000
41951 -33.607 -30.512 31.386 0.625000
41952 -32.939 -29.537 31.372 0.500000
41953 -34.350 -31.351 31.000 0.625000
41958 -33.640 -30.843 30.291 0.375000
41959 -32.907 -30.132 30.472 0.500000
41976 -33.292 -30.356 29.579 0.375000
41990 -36.247 -30.219 27.740 0.125000
42731 -39.950 -29.388 39.282 0.125000
42742 -39.291 -29.907 38.043 0.125000
42743 -38.984 -29.250 37.783 0.125000
42744 -39.288 -29.262 38.124 0.125000
42746 -38.392 -30.497 36.986 0.375000
42747 -37.905 -29.988 36.663 0.500000
42748 -38.371 -29.351 37.192 0.375000
42755 -37.253 -30.148 36.229 0.625000
42756 -36.673 -29.272 36.232 0.500000
42762 -36.032 -30.460 34.984 1.000000
42763 -35.537 -29.673 34.975 0.750000
42764 -35.997 -29.487 35.630 0.625000
42770 -34.430 -30.101 33.472 1.000000
42771 -33.769 -29.461 32.958 0.750000
42772 -34.190 -29.002 33.858 1.000000
42773 -35.221 -30.598 33.793 1.000000
42774 -34.866 -28.988 34.733 0.875000
42782 -33.509 -29.729 32.116 0.750000
42783 -33.285 -28.746 32.245 0.625000
42787 -32.456 -29.188 30.559 0.500000
42801 -32.664 -29.554 29.646 0.250000
42802 -32.364 -28.702 29.880 0.625000
42815 -33.313 -29.807 29.061 0.125000
42816 -33.102 -29.144 28.877 0.125000
43594 -39.977 -28.529 39.486 0.125000
43601 -39.433 -28.828 38.638 0.125000
43602 -39.429 -27.982 38.977 0.125000
43606 -39.051 -28.613 37.979 0.125000
43609 -37.556 -29.133 36.654 0.625000
43610 -37.948 -28.336 37.106 0.250000
43611 -38.573 -28.482 37.571 0.250000
43614 -36.038 -28.440 36.145 0.625000
43615 -35.468 -27.668 35.782 0.625000
43624 -35.449 -28.681 35.447 0.750000
43625 -34.890 -27.895 35.180 0.625000
43632 -33.662 -28.599 33.133 1.000000
43633 -33.384 -27.792 32.938 0.875000
43634 -33.812 -28.120 33.673 0.875000
43639 -32.981 -27.754 31.984 0.625000
43648 -32.460 -28.256 30.542 0.625000
43649 -32.703 -28.534 31.332 0.625000
43663 -32.435 -28.014 29.936 0.375000
43673 -32.607 -28.820 29.282 0.250000
43674 -32.539 -28.185 29.358 0.375000
43683 -32.884 -28.419 28.747 0.125000
43684 -33.591 -28.678 28.301 0.125000
43685 -33.268 -27.931 28.207 0.125000
43696 -33.703 -27.488 27.669 0.250000
43697 -34.398 -27.951 27.422 0.125000
43712 -39.438 -28.603 25.233 0.125000
44476 -40.153 -27.643 40.581 0.125000
44482 -39.956 -27.754 39.754 0.125000
44483 -39.324 -27.239 39.250 0.125000
44484 -39.891 -26.984 40.009 0.125000
44493 -38.951 -27.430 38.463 0.125000
44499 -38.640 -27.762 37.884 0.125000
44500 -38.143 -27.112 37.575 0.125000
44501 -38.472 -26.924 38.035 0.125000
44503 -37.040 -26.922 36.777 0.250000
44504 -37.708 -27.435 37.149 0.250000
44506 -35.494 -26.665 35.979 0.750000
44507 -36.162 -27.363 36.378 0.250000
44513 -34.325 -27.890 34.391 0.875000
44514 -34.161 -26.828 34.287 0.875000
44515 -34.569 -27.142 34.853 0.875000
44516 -34.981 -26.929 35.380 0.750000
44523 -33.136 -27.014 32.516 0.625000
44531 -32.946 -26.900 31.666 0.625000
44539 -32.531 -27.432 30.336 0.625000
44540 -32.666 -27.592 31.140 0.625000
44554 -32.574 -27.450 29.575 0.375000
44572 -32.796 -27.647 28.824 0.250000
44573 -32.859 -26.844 29.084 0.375000
44595 -33.161 -27.096 28.264 0.375000
44596 -35.194 -28.284 27.341 0.125000
44611 -34.194 -27.118 27.068 0.125000
44612 -34.872 -27.634 26.771 0.125000
44614 -36.781 -27.820 26.296 0.125000
44624 -34.736 -26.728 26.521 0.125000
44626 -36.601 -27.518 25.569 0.125000
44627 -36.295 -26.926 25.358 0.125000
44628 -37.811 -28.118 25.942 0.125000
44643 -36.970 -27.177 24.993 0.125000
44644 -37.724 -27.787 25.008 0.125000
44645 -38.505 -28.303 25.072 0.125000
44654 -37.678 -27.014 24.401 0.125000
44655 -38.434 -27.647 24.252 0.125000
45282 -40.234 -26.844 40.980 0.125000
45283 -39.601 -26.160 40.409 0.125000
45292 -39.158 -26.434 39.527 0.125000
45298 -38.781 -26.694 38.698 0.125000
45299 -38.314 -26.194 38.220 0.125000
45300 -38.608 -25.857 38.937 0.125000
45309 -37.992 -26.399 37.696 0.125000
45313 -37.030 -25.854 36.879 0.250000
45314 -37.629 -26.573 37.251 0.125000
45318 -35.531 -25.660 35.977 0.500000
45319 -36.205 -26.310 36.472 0.375000
45321 -34.105 -25.945 33.964 0.875000
45322 -35.053 -25.975 35.431 0.750000
45326 -33.413 -26.373 32.939 0.750000
45327 -33.762 -25.895 33.326 0.750000
45335 -33.274 -26.237 32.153 0.750000
45336 -33.614 -25.631 32.657 0.750000
45347 -32.749 -26.753 30.813 0.625000
45348 -33.116 -26.098 31.303 0.625000
45375 -32.675 -26.718 29.955 0.375000
45376 -33.077 -26.078 29.506 0.500000
45389 -33.230 -26.238 28.563 0.500000
45397 -33.635 -26.507 27.682 0.500000
45401 -34.166 -26.129 27.033 0.500000
45412 -35.309 -26.222 25.989 0.250000
45413 -36.011 -26.098 25.317 0.125000
45420 -36.569 -26.473 24.934 0.125000
45428 -37.116 -26.363 24.494 0.125000
45429 -37.751 -26.212 23.993 0.125000
45430 -38.846 -26.958 23.557 0.125000
46017 -38.897 -25.373 39.926 0.125000
46018 -38.480 -24.889 38.981 0.125000
46024 -37.858 -25.626 37.898 0.125000
46030 -37.574 -25.802 37.367 0.125000
46031 -37.392 -24.409 36.999 0.125000
46032 -37.536 -24.968 37.526 0.125000
46039 -36.180 -25.272 36.436 0.250000
46040 -36.840 -24.817 36.740 0.250000
46053 -35.692 -24.702 35.708 0.500000
46061 -34.524 -25.274 34.188 0.875000
46062 -34.987 -24.673 34.457 0.875000
46063 -35.306 -25.083 35.177 0.625000
46070 -34.077 -25.152 33.282 0.750000
46071 -34.593 -24.417 33.634 0.875000
46074 -33.485 -25.457 31.819 0.750000
46075 -33.887 -24.897 32.310 0.750000
46089 -33.391 -25.377 30.941 0.625000
46090 -33.855 -24.676 30.567 0.625000
46095 -33.373 -25.343 30.003 0.625000
46096 -33.830 -24.607 29.585 0.625000
46099 -33.379 -25.368 29.005 0.500000
46100 -33.938 -24.716 28.466 0.625000
46103 -33.613 -25.673 28.092 0.500000
46106 -34.558 -25.255 26.884 0.500000
46118 -35.114 -25.298 26.246 0.500000
46119 -35.609 -25.461 25.685 0.375000
46125 -36.216 -24.944 25.173 0.125000
46134 -38.185 -25.056 23.289 0.125000
46739 -38.359 -23.937 38.807 0.125000
46740 -38.631 -24.128 39.881 0.125000
46746 -38.157 -23.751 38.068 0.125000
46751 -37.657 -23.573 36.857 0.125000
46752 -37.786 -24.059 37.494 0.125000
46760 -36.329 -24.315 36.162 0.625000
46761 -37.053 -23.949 36.459 0.250000
46770 -36.035 -23.784 35.370 0.625000
46771 -36.666 -23.481 35.834 0.250000
46775 -35.098 -23.755 34.020 1.000000
46776 -35.514 -24.213 34.840 0.875000
46785 -34.878 -23.604 33.020 0.875000
46794 -34.344 -24.293 32.690 0.750000
46795 -34.722 -23.617 31.901 0.875000
46800 -34.225 -24.043 31.145 0.750000
46801 -34.697 -23.269 30.800 0.750000
46803 -34.324 -23.968 30.205 0.625000
46804 -34.670 -23.109 29.796 0.750000
46806 -34.264 -23.829 29.199 0.625000
46809 -34.494 -23.959 28.337 0.625000
46810 -35.082 -23.676 27.711 0.750000
46812 -35.163 -24.263 26.771 0.500000
46817 -35.693 -24.559 25.921 0.375000
46818 -35.985 -23.583 26.301 0.500000
46819 -36.386 -23.829 25.547 0.375000
46825 -36.740 -24.076 24.950 0.250000
46834 -37.224 -23.868 24.492 0.250000
46835 -37.540 -24.664 23.886 0.250000
46845 -38.050 -24.048 23.402 0.250000
46846 -38.619 -24.404 22.790 0.125000
46861 -40.531 -23.572 21.660 0.125000
47441 -38.756 -23.328 39.287 0.125000
47442 -39.214 -23.195 40.064 0.125000
47448 -38.657 -22.991 38.440 0.125000
47449 -39.323 -22.576 39.217 0.125000
47459 -38.246 -23.126 37.460 0.125000
47466 -37.316 -23.118 36.225 0.125000
47467 -37.985 -22.756 36.635 0.125000
47475 -36.531 -22.989 35.105 0.500000
47476 -37.273 -22.331 34.890 0.250000
47485 -35.859 -23.176 34.440 0.750000
47486 -36.340 -22.463 33.688 0.875000
47487 -37.081 -22.068 34.037 0.750000
47490 -35.550 -22.990 33.391 0.875000
47491 -36.211 -22.439 32.757 0.875000
47493 -35.551 -23.046 32.342 0.875000
47494 -36.194 -22.495 31.803 1.000000
47497 -35.419 -22.853 31.355 0.875000
47498 -36.075 -22.243 30.913 0.875000
47501 -35.405 -22.600 30.291 0.750000
47502 -36.271 -22.196 30.061 0.875000
47504 -34.970 -23.186 28.766 0.750000
47505 -35.857 -22.651 28.855 0.875000
47506 -36.573 -22.413 28.205 0.750000
47507 -44.614 -22.436 28.326 0.500000
47508 -43.726 -22.301 28.338 0.500000
47509 -44.333 -22.299 28.909 0.250000
47510 -45.324 -22.376 28.558 0.125000
47518 -35.849 -23.034 28.003 0.875000
47519 -36.498 -22.578 27.272 0.750000
47520 -42.884 -22.038 27.609 0.750000
47521 -42.365 -21.812 27.704 0.875000
47522 -42.769 -21.900 28.160 0.625000
47523 -43.317 -22.223 27.847 0.500000
47524 -44.563 -22.378 27.808 0.375000
47525 -45.146 -22.393 28.052 0.250000
47527 -46.343 -22.132 28.015 0.125000
47528 -47.017 -21.973 28.108 0.125000
47535 -35.745 -23.257 27.064 0.625000
47536 -42.506 -22.064 27.068 0.875000
47537 -43.406 -22.184 27.270 0.500000
47538 -44.164 -22.296 27.353 0.500000
47539 -44.933 -22.195 27.603 0.250000
47540 -45.713 -22.212 27.824 0.125000
47541 -46.255 -22.091 27.696 0.125000
47542 -46.769 -21.990 27.769 0.125000
47545 -36.770 -22.947 25.961 0.500000
47546 -37.659 -22.525 25.775 0.500000
47547 -43.049 -22.036 26.701 0.750000
47548 -43.727 -22.153 26.886 0.750000
47549 -44.493 -22.090 27.208 0.250000
47550 -45.653 -22.049 27.437 0.250000
47553 -37.139 -23.168 25.185 0.375000
47554 -37.827 -22.557 25.168 0.500000
47563 -37.654 -23.688 24.010 0.250000
47564 -37.679 -23.063 24.588 0.375000
47565 -38.211 -23.013 23.969 0.500000
47574 -38.483 -23.367 22.972 0.375000
47582 -39.090 -22.816 22.665 0.375000
47583 -39.763 -23.185 22.133 0.250000
47595 -43.330 -22.604 20.645 0.125000
48213 -41.475 -20.868 38.955 0.125000
48221 -40.248 -21.601 38.085 0.125000
48222 -40.883 -21.166 38.622 0.125000
48223 -41.465 -20.905 38.212 0.125000
48232 -40.317 -21.389 37.457 0.125000
48233 -41.036 -21.079 37.770 0.125000
48240 -38.659 -21.874 35.829 0.250000
48241 -39.066 -21.800 36.596 0.125000
48245 -38.220 -21.792 34.993 0.250000
48253 -37.714 -21.634 33.746 0.500000
48254 -38.188 -21.475 34.242 0.500000
48256 -37.075 -21.940 33.135 0.875000
48257 -37.627 -21.621 32.387 0.875000
48259 -36.894 -22.055 32.154 0.875000
48260 -37.447 -21.646 31.567 0.875000
48262 -36.756 -21.971 31.326 0.875000
48263 -37.488 -21.565 30.319 0.875000
48264 -43.441 -21.328 30.287 0.250000
48265 -42.483 -21.270 30.372 0.625000
48266 -42.967 -21.212 31.164 0.500000
48267 -44.381 -21.478 30.290 0.125000
48268 -44.712 -21.159 31.160 0.125000
48269 -45.301 -21.545 30.369 0.125000
48279 -42.983 -21.531 29.372 0.500000
48280 -41.972 -21.321 29.661 0.750000
48281 -41.531 -21.322 30.544 0.750000
48282 -43.976 -21.807 29.513 0.375000
48283 -44.954 -22.087 29.503 0.125000
48290 -37.331 -21.974 28.411 0.750000
48291 -38.024 -21.602 28.767 0.875000
48292 -37.775 -21.546 29.601 1.000000
48293 -38.763 -21.370 29.372 1.000000
48294 -40.677 -21.479 28.250 1.000000
48295 -39.730 -21.570 28.805 1.000000
48296 -40.673 -21.352 29.210 0.875000
48297 -41.644 -21.218 29.137 0.750000
48298 -42.435 -21.538 28.843 0.750000
48299 -43.605 -22.071 28.943 0.500000
48304 -37.398 -22.133 27.505 0.750000
48305 -38.187 -21.721 27.873 0.750000
48306 -39.774 -21.542 27.810 0.875000
48307 -38.880 -21.460 28.295 0.875000
48308 -40.695 -21.655 27.392 1.000000
48309 -41.615 -21.598 27.784 1.000000
48310 -47.347 -21.854 27.888 0.125000
48318 -37.321 -22.369 26.575 0.500000
48319 -38.445 -21.987 26.948 0.750000
48320 -39.732 -21.713 26.914 0.750000
48321 -40.722 -21.789 26.715 0.750000
48322 -41.609 -22.015 26.692 0.875000
48323 -46.519 -21.936 27.444 0.125000
48324 -48.266 -21.716 27.851 0.125000
48327 -38.554 -22.168 25.583 0.625000
48328 -39.560 -21.781 25.827 0.625000
48329 -40.635 -21.800 26.165 0.750000
48330 -41.501 -22.003 26.285 0.875000
48331 -42.240 -22.065 26.495 0.750000
48332 -43.325 -22.003 26.601 0.750000
48333 -44.337 -21.972 26.954 0.375000
48334 -45.260 -21.830 27.207 0.375000
48335 -46.171 -21.831 27.060 0.250000
48336 -46.855 -21.545 27.214 0.250000
48337 -47.513 -21.230 27.276 0.250000
48338 -48.165 -21.278 27.393 0.125000
48343 -38.300 -22.385 24.795 0.625000
48344 -38.998 -21.872 25.080 0.625000
48345 -39.875 -21.547 25.504 0.625000
48346 -40.164 -21.341 25.099 0.750000
48347 -40.857 -21.731 25.846 0.750000
48348 -41.892 -21.965 26.060 0.625000
48349 -42.846 -21.838 26.212 0.750000
48350 -44.337 -21.470 26.516 0.625000
48351 -44.994 -21.546 26.866 0.625000
48352 -45.806 -21.494 26.785 0.500000
48353 -46.532 -21.271 26.885 0.250000
48359 -38.677 -22.255 24.360 0.625000
48360 -39.312 -21.798 24.418 0.625000
48361 -39.853 -21.401 23.973 0.625000
48368 -38.739 -22.491 23.538 0.375000
48369 -39.350 -22.038 23.264 0.500000
48378 -39.739 -22.324 22.380 0.500000
48379 -40.324 -22.639 21.790 0.250000
48385 -40.918 -22.168 21.525 0.250000
48386 -41.584 -21.725 21.329 0.250000
48387 -42.441 -22.151 21.024 0.125000
49014 -39.900 -21.353 36.826 0.125000
49026 -39.454 -21.379 36.007 0.250000
49027 -40.329 -20.926 36.219 0.250000
49028 -41.121 -20.739 36.457 0.125000
49035 -38.938 -21.190 34.524 0.375000
49036 -39.847 -20.967 35.226 0.250000
49037 -40.865 -20.748 35.528 0.250000
49041 -45.131 -19.739 34.564 0.125000
49047 -38.580 -21.187 33.568 0.625000
49048 -39.708 -20.794 34.258 0.500000
49049 -40.592 -20.665 34.548 0.375000
49050 -43.913 -20.359 33.381 0.125000
49051 -44.656 -20.320 33.673 0.125000
49052 -45.284 -20.118 33.880 0.125000
49057 -38.389 -21.264 32.586 0.875000
49058 -39.217 -20.998 32.755 0.625000
49059 -40.091 -20.821 32.817 0.500000
49060 -40.983 -20.691 32.887 0.500000
49061 -41.745 -20.664 32.992 0.375000
49062 -44.666 -20.887 32.905 0.125000
49063 -45.603 -20.781 32.792 0.125000
49070 -38.204 -21.319 31.731 0.875000
49071 -38.984 -20.888 31.890 0.875000
49072 -39.877 -20.978 32.034 0.625000
49073 -40.723 -20.803 32.078 0.500000
49074 -41.735 -20.891 32.120 0.625000
49075 -42.673 -21.177 31.899 0.125000
49076 -44.075 -21.108 32.007 0.125000
49077 -45.124 -21.036 32.050 0.125000
49088 -38.022 -21.270 30.861 0.875000
49089 -38.783 -21.035 31.150 0.875000
49090 -39.700 -20.975 31.092 0.875000
49091 -40.654 -21.245 30.740 0.750000
49092 -42.107 -21.209 31.261 0.500000
49097 -38.202 -21.301 30.099 1.000000
49098 -39.054 -21.137 30.325 0.875000
49099 -40.100 -21.335 30.204 0.875000
49100 -40.947 -21.441 29.917 0.750000
49104 -39.789 -21.461 29.647 0.875000
49115 -49.736 -21.306 27.449 0.125000
49120 -48.120 -20.756 26.986 0.250000
49121 -48.928 -20.986 27.184 0.250000
49122 -49.703 -20.725 27.029 0.125000
49127 -41.063 -21.366 25.455 0.750000
49128 -41.933 -21.208 25.642 0.875000
49129 -43.568 -21.304 26.203 0.750000
49130 -44.345 -20.723 26.034 0.750000
49131 -45.198 -20.963 26.359 0.750000
49132 -46.113 -20.845 26.444 0.500000
49133 -46.886 -20.617 26.522 0.375000
49134 -48.353 -20.262 26.450 0.125000
49135 -48.924 -20.514 26.652 0.125000
49141 -40.535 -21.002 24.557 0.750000
49142 -41.002 -20.589 24.006 0.625000
49143 -41.876 -20.299 24.811 0.750000
49144 -42.768 -20.782 25.770 0.750000
49145 -43.643 -20.388 25.666 0.875000
49148 -39.907 -21.549 22.846 0.500000
49149 -40.344 -20.952 23.459 0.625000
49156 -40.319 -21.827 22.010 0.500000
49157 -40.556 -21.154 22.492 0.500000
49158 -41.094 -20.688 22.152 0.500000
49166 -42.652 -20.471 20.850 0.250000
49167 -43.575 -20.978 20.361 0.125000
49172 -44.199 -20.512 20.034 0.125000
49805 -51.119 -20.431 27.611 0.125000
49817 -44.972 -20.254 25.766 0.750000
49818 -46.341 -20.195 25.976 0.625000
49819 -47.246 -19.956 25.937 0.375000
49820 -48.485 -19.645 26.032 0.125000
49821 -48.914 -19.973 26.257 0.125000
49827 -41.405 -20.049 23.486 0.625000
49828 -42.137 -19.671 23.994 0.750000
49829 -42.835 -19.882 25.090 0.750000
49830 -43.839 -19.554 25.184 0.750000
49831 -44.701 -19.759 25.395 0.750000
49832 -45.522 -19.709 25.535 0.750000
49833 -46.478 -19.401 25.533 0.625000
49834 -47.877 -19.391 25.701 0.375000
49836 -40.835 -20.486 22.972 0.500000
49837 -41.362 -20.040 22.558 0.500000
49842 -41.562 -20.181 21.814 0.500000
49848 -42.091 -19.763 21.405 0.375000
49849 -43.376 -19.999 20.360 0.375000
49854 -44.074 -19.634 20.022 0.375000
49855 -44.765 -20.151 19.598 0.125000
50569 -49.233 -19.148 25.997 0.125000
50575 -42.853 -19.163 24.395 0.750000
50576 -43.640 -18.826 24.590 0.750000
50577 -45.775 -18.787 25.149 0.750000
50578 -46.698 -18.518 25.117 0.500000
50579 -47.696 -18.477 25.200 0.375000
50580 -49.117 -18.363 25.496 0.250000
50581 -49.776 -18.294 25.643 0.125000
50583 -41.723 -19.418 23.045 0.625000
50584 -42.108 -18.746 22.691 0.750000
50585 -42.908 -18.327 23.579 0.750000
50586 -44.059 -18.221 24.318 0.750000
50589 -41.765 -19.442 22.157 0.625000
50596 -43.388 -19.085 20.406 0.375000
50601 -44.027 -18.873 20.096 0.250000
50602 -44.721 -19.203 19.639 0.125000
50607 -45.505 -19.082 19.281 0.125000
51348 -45.170 -18.225 24.567 0.750000
51349 -46.106 -18.133 24.689 0.750000
51350 -47.101 -17.929 24.705 0.500000
51351 -48.568 -17.973 25.124 0.250000
51352 -49.214 -17.636 25.133 0.125000
51355 -43.152 -17.676 22.864 0.750000
51356 -43.601 -17.722 23.547 0.750000
51357 -44.502 -17.548 23.942 0.750000
51358 -45.650 -17.600 24.156 0.750000
51359 -47.234 -17.253 24.247 0.750000
51360 -47.907 -17.580 24.667 0.375000
51361 -48.664 -17.191 24.606 0.250000
51364 -42.627 -18.078 22.270 0.750000
51372 -42.931 -17.925 21.598 0.500000
51373 -43.401 -17.543 21.132 0.500000
51378 -43.949 -17.490 20.456 0.375000
51379 -44.388 -18.211 19.979 0.375000
51385 -45.012 -17.760 19.631 0.250000
51386 -45.623 -18.306 19.250 0.125000
52108 -49.275 -16.817 24.618 0.250000
52112 -43.776 -17.126 22.971 0.750000
52113 -44.980 -16.879 23.559 0.750000
52114 -46.334 -16.987 23.748 0.750000
52115 -47.377 -16.544 23.817 0.750000
52116 -48.049 -16.783 24.247 0.750000
52117 -49.106 -16.117 24.212 0.375000
52118 -49.745 -16.153 24.514 0.250000
52121 -43.185 -17.312 22.083 0.500000
52122 -44.302 -16.380 22.546 0.625000
52123 -45.479 -16.213 23.187 0.750000
52124 -46.630 -16.121 23.361 0.750000
52131 -43.851 -16.937 20.849 0.500000
52136 -44.269 -16.817 20.370 0.375000
52137 -44.466 -17.392 20.037 0.375000
52142 -44.889 -16.790 19.779 0.250000
52143 -45.764 -17.368 19.192 0.250000
52145 -46.268 -16.732 18.970 0.250000
52151 -46.888 -16.517 18.583 0.125000
52916 -48.124 -16.107 23.883 0.625000
52917 -48.657 -15.981 24.047 0.625000
52918 -49.025 -15.710 23.863 0.500000
52919 -49.587 -15.648 24.156 0.250000
52920 -50.211 -15.542 24.474 0.125000
52923 -43.732 -16.681 21.574 0.500000
52924 -44.397 -15.805 21.640 0.500000
52925 -45.079 -15.328 22.088 0.625000
52926 -45.807 -15.604 22.716 0.750000
52927 -46.849 -15.419 22.919 0.750000
52928 -47.787 -15.561 23.294 0.750000
52929 -48.462 -15.660 23.620 0.625000
52934 -44.160 -16.308 20.896 0.500000
52939 -44.587 -16.102 20.339 0.375000
52940 -44.515 -15.616 20.924 0.500000
52941 -45.075 -15.248 20.459 0.500000
52946 -45.581 -15.405 19.600 0.375000
52947 -46.155 -15.849 18.975 0.250000
53686 -50.890 -14.866 24.766 0.125000
53690 -49.486 -15.178 23.782 0.500000
53691 -50.410 -14.993 24.370 0.125000
53693 -45.853 -14.920 22.122 0.500000
53694 -47.279 -14.892 22.690 0.750000
53695 -48.089 -14.889 22.991 0.750000
53696 -48.848 -15.150 23.358 0.625000
53697 -49.289 -14.488 23.220 0.500000
53699 -44.891 -15.075 21.361 0.500000
53700 -45.535 -14.530 21.123 0.500000
53701 -46.514 -14.415 21.891 0.750000
53702 -47.494 -14.226 22.173 0.750000
53703 -48.596 -14.321 22.670 0.625000
53709 -45.747 -14.418 20.084 0.375000
53714 -46.159 -14.717 19.033 0.375000
53720 -46.953 -14.564 18.428 0.125000
54458 -50.756 -14.270 24.732 0.125000
54462 -49.928 -13.773 23.745 0.125000
54463 -50.351 -14.425 24.280 0.125000
54465 -49.464 -13.988 22.884 0.250000
54467 -46.072 -14.024 21.003 0.500000
54468 -46.756 -13.910 21.424 0.750000
54469 -47.277 -13.619 21.274 0.625000
54470 -47.783 -13.247 20.983 0.625000
54471 -48.624 -13.658 22.024 0.750000
54472 -49.068 -13.805 22.467 0.250000
54474 -46.461 -13.772 20.550 0.500000
54475 -47.041 -13.492 20.217 0.625000
54481 -46.652 -14.025 18.869 0.250000
54482 -46.368 -13.933 19.548 0.375000
54488 -47.174 -13.621 18.384 0.250000
54494 -47.713 -13.508 17.602 0.125000
55181 -51.728 -13.753 25.842 0.125000
55183 -50.462 -13.675 24.588 0.125000
55184 -51.297 -14.000 25.322 0.125000
55187 -50.127 -13.819 24.146 0.125000
55191 -49.750 -12.919 22.866 0.375000
55192 -49.832 -13.212 23.560 0.250000
55194 -48.382 -12.863 20.645 0.750000
55195 -48.909 -13.170 21.633 0.750000
55196 -49.350 -13.241 22.370 0.375000
55198 -47.572 -13.098 19.913 0.750000
55200 -46.927 -13.457 19.213 0.500000
55201 -47.451 -12.857 18.866 0.500000
55202 -47.988 -12.642 19.654 0.750000
55205 -47.484 -12.916 18.065 0.250000
55208 -47.961 -12.670 17.534 0.250000
55894 -51.903 -12.091 27.183 0.125000
55897 -51.594 -12.906 26.349 0.125000
55901 -50.893 -13.401 25.066 0.125000
55902 -50.966 -13.078 25.704 0.125000
55904 -50.030 -12.827 24.216 0.125000
55906 -49.917 -11.798 23.250 0.250000
55909 -49.730 -11.866 22.251 0.375000
55910 -49.835 -12.316 23.041 0.375000
55913 -49.223 -12.492 20.868 0.625000
55914 -49.700 -11.797 21.286 0.500000
55917 -48.695 -12.205 19.816 0.750000
55918 -49.548 -11.759 20.313 0.500000
55919 -50.029 -11.121 19.682 0.500000
55920 -48.004 -12.314 19.031 0.625000
55921 -48.506 -11.823 18.758 0.500000
55922 -49.208 -11.580 19.442 0.500000
55924 -47.863 -12.359 18.264 0.250000
55927 -48.970 -11.684 16.741 0.250000
56589 -51.589 -11.380 27.027 0.125000
56592 -50.810 -12.169 25.977 0.125000
56595 -50.519 -11.750 25.089 0.125000
56597 -50.364 -11.155 24.124 0.125000
56599 -50.348 -10.824 23.264 0.125000
56602 -50.021 -11.231 22.429 0.250000
56603 -50.460 -10.623 22.604 0.250000
56605 -50.285 -11.025 21.501 0.375000
56606 -51.214 -10.424 21.196 0.375000
56609 -50.845 -10.799 20.456 0.500000
56610 -51.623 -10.331 20.530 0.375000
56613 -49.328 -11.231 18.500 0.625000
56614 -50.275 -10.697 18.756 0.375000
56615 -51.528 -10.487 19.827 0.500000
56618 -49.757 -11.062 16.671 0.125000
56619 -49.938 -10.801 17.725 0.375000
56622 -50.414 -10.698 16.201 0.125000
57252 -51.196 -10.828 27.853 0.125000
57257 -51.211 -10.405 26.929 0.125000
57259 -50.861 -10.443 26.055 0.125000
57263 -50.737 -9.884 23.544 0.125000
57266 -50.922 -9.933 22.737 0.125000
57268 -51.412 -9.860 21.666 0.125000
57269 -51.353 -9.377 22.156 0.125000
57270 -52.102 -9.154 21.364 0.125000
57272 -52.403 -10.037 20.123 0.375000
57273 -52.650 -9.430 20.480 0.250000
57275 -51.199 -10.537 18.934 0.500000
57276 -52.197 -10.276 19.229 0.500000
57277 -52.948 -9.890 19.513 0.375000
57278 -53.108 -9.612 19.950 0.375000
57279 -53.519 -9.511 19.351 0.375000
57281 -50.830 -10.462 17.968 0.375000
57282 -51.867 -10.338 18.253 0.375000
57283 -53.024 -10.048 18.670 0.500000
57284 -54.128 -9.614 18.500 0.375000
57286 -50.503 -10.438 16.989 0.250000
57287 -51.502 -10.101 17.167 0.250000
57288 -52.601 -10.159 17.702 0.375000
57289 -54.262 -9.821 17.596 0.375000
57292 -51.840 -9.871 16.248 0.250000
57293 -52.853 -9.779 16.383 0.250000
57299 -51.802 -10.593 14.232 0.125000
57300 -51.507 -10.163 15.278 0.125000
57301 -52.375 -9.810 14.751 0.125000
57916 -51.356 -9.162 27.257 0.125000
57945 -51.637 -8.459 23.132 0.125000
57958 -51.254 -9.153 22.828 0.125000
57959 -51.757 -8.752 22.294 0.125000
57970 -52.229 -8.430 21.750 0.250000
57980 -52.534 -8.583 21.065 0.125000
57984 -53.367 -9.224 19.983 0.250000
57985 -52.832 -8.922 20.558 0.250000
57988 -53.949 -9.048 19.246 0.375000
57991 -54.811 -9.463 17.819 0.375000
57992 -54.564 -9.097 18.425 0.375000
57994 -53.980 -9.725 16.702 0.250000
57995 -54.801 -9.693 16.995 0.250000
57996 -55.135 -9.252 17.258 0.375000
57997 -55.275 -8.708 16.777 0.250000
57999 -52.320 -9.700 15.627 0.125000
58000 -53.430 -9.506 15.592 0.250000
58001 -54.714 -9.655 16.207 0.250000
58002 -55.091 -9.482 16.532 0.125000
58003 -55.232 -9.073 16.163 0.250000
58010 -54.333 -9.275 15.249 0.125000
58011 -55.021 -9.310 15.760 0.125000
58012 -55.172 -8.702 15.582 0.125000
58678 -52.065 -8.053 22.681 0.125000
58685 -52.321 -7.846 21.973 0.125000
58696 -52.707 -7.665 20.486 0.125000
58705 -52.866 -8.354 20.550 0.250000
58706 -53.386 -8.743 20.027 0.250000
58708 -53.506 -8.402 19.440 0.125000
58711 -54.219 -8.602 18.637 0.375000
58712 -54.929 -8.702 17.895 0.375000
58715 -55.043 -7.962 17.312 0.375000
58717 -55.168 -8.406 16.074 0.250000
58725 -55.210 -8.124 15.305 0.125000
58731 -55.729 -7.917 14.504 0.125000
59375 -52.492 -7.198 21.776 0.125000
59382 -52.722 -6.906 21.065 0.125000
59395 -52.727 -7.654 19.716 0.125000
59402 -53.197 -7.748 18.712 0.125000
59406 -53.308 -7.453 17.913 0.125000
59408 -54.220 -8.077 17.956 0.125000
59410 -53.819 -7.514 17.198 0.250000
59412 -54.583 -7.655 16.591 0.250000
59414 -54.772 -7.840 15.819 0.375000
59422 -53.775 -7.433 15.676 0.250000
59423 -55.082 -7.712 14.946 0.125000
59430 -55.361 -7.469 14.234 0.125000
88972 -44.547 -19.991 34.498 0.125000
89045 -36.989 -32.614 34.158 1.000000
89058 -38.865 -30.145 37.610 0.125000
89086 -39.566 -29.710 38.539 0.125000
89089 -35.201 -34.186 32.533 0.875000
89092 -34.566 -36.773 37.294 1.000000
89134 -50.900 -11.375 26.350 0.125000
89147 -33.957 -37.482 41.735 0.875000
89156 -23.338 -37.377 37.160 1.000000
89164 -33.290 -36.626 37.765 1.000000
89233 -35.657 -30.549 34.356 1.000000
89236 -49.395 -12.543 21.911 0.500000
89311 -48.514 -18.841 25.592 0.125000
89319 -50.528 -11.035 25.578 0.125000
89334 -35.839 -31.861 33.120 0.875000
89361 -30.727 -33.997 34.808 1.000000
89404 -9.871 -46.206 48.101 0.625000
89527 -43.894 -20.186 34.366 0.125000
89612 -39.075 -37.091 39.737 0.375000
89798 -43.086 -20.384 34.150 0.125000
89821 -36.519 -31.853 34.078 1.000000
89839 -35.351 -38.149 42.539 0.750000
89868 -18.489 -43.488 38.047 0.250000
89869 -18.565 -42.845 38.831 0.375000
89870 -17.666 -43.007 39.131 0.250000
89871 -18.345 -42.320 39.852 0.500000
89967 -39.025 -35.273 43.508 0.125000
89987 -28.805 -38.789 32.699 0.125000
90011 -25.674 -35.561 52.775 0.125000
90013 -31.448 -34.619 32.083 0.875000
90017 -33.093 -35.006 30.083 0.875000
90100 -20.063 -43.558 36.335 0.125000
90169 -27.447 -33.767 34.792 1.000000
90229 -22.652 -39.284 38.300 1.000000
90230 -22.522 -39.494 41.786 1.000000
90248 -19.563 -42.228 41.641 0.750000
90265 -9.843 -46.718 49.584 0.625000
90333 -36.555 -34.204 33.719 1.000000
90351 -39.857 -34.852 38.561 0.250000
90365 -36.585 -30.299 35.603 0.750000
90445 -35.608 -38.091 43.335 0.625000
90505 -30.085 -35.360 41.078 0.875000
90614 -36.103 -32.098 33.150 1.000000
90645 -35.600 -38.167 40.455 0.875000
90646 -17.399 -42.547 40.046 0.625000
90688 -41.486 -20.583 34.744 0.250000
90690 -22.673 -39.505 40.921 1.000000
90717 -37.852 -31.546 35.440 0.750000
90740 -51.912 -9.847 20.915 0.375000
90773 -34.846 -38.010 40.435 0.875000
90777 -54.508 -9.164 14.425 0.125000
90778 -25.883 -36.579 33.294 0.625000
90783 -38.747 -31.608 36.782 0.500000
90807 -24.774 -38.332 52.859 0.125000
90886 -28.193 -33.982 38.607 1.000000
90912 -35.623 -31.988 32.434 0.875000
90991 -17.408 -44.237 46.910 0.625000
91015 -27.161 -35.551 48.346 0.375000
91043 -23.206 -40.685 34.823 0.250000
91115 -36.483 -35.134 34.397 1.000000
91177 -48.106 -13.803 21.888 0.750000
91189 -47.678 -20.437 26.552 0.250000
91274 -16.557 -43.078 40.279 0.250000
91342 -11.387 -45.654 44.048 0.250000
91390 -13.602 -46.746 50.476 0.250000
91435 -26.775 -34.659 43.097 0.875000
91499 -38.815 -35.517 37.137 0.500000
91600 -18.877 -42.077 41.497 0.750000
91614 -13.868 -47.139 51.198 0.125000
91616 -41.238 -20.576 33.759 0.375000
91636 -37.679 -21.830 34.367 0.625000
91661 -22.761 -42.781 47.417 0.500000
91668 -3.607 -44.493 48.151 0.125000
91702 -40.341 -20.668 33.640 0.500000
91760 -30.976 -35.064 39.492 1.000000
91766 -12.210 -45.693 47.953 0.500000
91778 -12.433 -45.167 43.488 0.125000
91900 -36.103 -27.394 25.973 0.125000
92068 -34.086 -25.359 27.586 0.500000
92092 -36.693 -38.328 41.744 0.625000
92093 -36.157 -38.301 42.861 0.500000
92151 -31.865 -35.926 40.406 1.000000
92201 -27.697 -34.763 42.359 0.875000
92204 -35.423 -32.517 29.342 0.250000
92205 -50.654 -10.422 21.931 0.250000
92255 -35.238 -38.037 39.704 1.000000
92265 -22.710 -40.334 40.701 1.000000
92309 -23.474 -39.336 45.143 0.875000
92358 -16.136 -43.464 44.918 0.625000
92560 -17.127 -44.787 47.400 0.500000
92577 -22.832 -37.771 38.325 1.000000
92578 -34.021 -37.562 42.418 0.750000
92591 -43.615 -18.248 20.464 0.375000
92645 -38.258 -22.234 26.210 0.625000
92668 -8.810 -46.415 50.340 0.500000
92690 -17.189 -42.332 41.151 0.625000
92725 -37.047 -28.097 36.626 0.375000
92738 -37.160 -27.776 25.539 0.125000
92774 -50.415 -12.403 24.644 0.125000
92826 -39.545 -36.544 39.712 0.375000
92837 -39.170 -21.981 26.250 0.625000
92838 -50.769 -10.731 19.534 0.500000
92842 -41.200 -20.743 25.038 0.750000
92898 -36.301 -38.221 40.388 0.750000
92986 -30.790 -32.526 51.040 0.250000
93061 -34.683 -37.690 39.149 1.000000
93067 -22.833 -41.399 35.581 0.375000
93116 -36.337 -37.998 43.579 0.500000
93130 -40.954 -21.386 21.779 0.500000
93208 -39.138 -31.968 36.918 0.500000
93321 -24.887 -35.199 43.936 0.875000
93340 -29.067 -35.309 42.233 0.875000
93379 -7.019 -45.133 51.220 0.375000
93427 -26.448 -33.731 39.382 1.000000
93436 -52.609 -7.890 21.210 0.125000
93565 -55.138 -8.733 14.941 0.125000
93599 -21.853 -41.698 43.027 0.875000
93648 -22.765 -39.675 37.560 0.750000
93675 -47.255 -20.941 27.018 0.250000
93769 -37.278 -25.542 24.192 0.125000
93772 -40.112 -35.994 41.452 0.125000
93778 -35.262 -29.896 34.422 0.750000
93781 -7.124 -46.616 48.287 0.250000
93789 -24.464 -40.987 48.754 0.250000
93855 -24.015 -41.805 47.079 0.500000
93882 -23.679 -40.428 45.783 0.500000
93888 -42.743 -22.003 26.402 0.625000
93916 -9.758 -46.015 47.062 0.250000
93923 -55.106 -7.959 16.572 0.375000
93954 -36.661 -25.706 24.740 0.125000
93955 -25.532 -38.519 52.518 0.125000
93992 -26.433 -34.107 34.556 0.750000
94182 -50.111 -11.293 20.689 0.500000
94279 -43.626 -21.946 26.614 0.750000
94378 -11.652 -47.037 52.239 0.125000
94428 -45.582 -16.345 19.366 0.250000
94436 -33.822 -24.776 31.462 0.625000
94505 -44.341 -20.126 25.573 0.875000
94519 -21.824 -41.529 38.870 0.750000
94562 -13.451 -46.274 49.748 0.250000
94603 -37.791 -22.362 35.808 0.250000
94613 -25.716 -38.048 33.228 0.125000
94667 -28.869 -34.536 39.836 1.000000
94714 -5.514 -44.842 50.819 0.375000
94866 -18.534 -43.188 45.286 0.875000
94882 -22.447 -41.027 40.961 1.000000
94888 -26.028 -37.387 33.218 0.375000
95029 -35.767 -36.974 45.595 0.250000
95088 -29.894 -34.215 37.903 1.000000
95093 -34.875 -25.415 34.843 0.875000
95109 -33.033 -26.040 30.426 0.500000
95153 -24.723 -38.483 46.603 0.500000
95210 -13.907 -45.225 41.386 0.125000
95235 -10.075 -46.864 50.560 0.500000
95241 -38.664 -37.206 44.038 0.125000
95278 -49.906 -12.814 24.058 0.250000
95319 -47.465 -15.985 23.467 0.750000
95334 -36.793 -21.894 30.566 0.875000
95376 -21.952 -42.550 44.272 0.750000
95463 -41.205 -21.115 31.353 0.625000
95474 -22.316 -42.018 44.241 0.750000
95483 -42.967 -18.473 21.056 0.375000
95530 -7.551 -45.539 51.170 0.500000
95663 -45.086 -15.976 19.870 0.375000
95672 -33.920 -34.869 32.922 1.000000
95674 -32.834 -34.008 46.983 0.250000
95868 -33.265 -36.743 39.718 1.000000
95916 -46.529 -17.697 24.364 0.750000
96072 -49.960 -15.159 24.192 0.250000
96135 -33.700 -36.213 45.758 0.250000
96148 -25.772 -37.368 47.506 0.375000
96202 -25.312 -34.356 40.852 1.000000
96260 -48.664 -16.442 24.254 0.375000
96262 -40.732 -20.991 37.036 0.125000
96319 -35.302 -22.725 29.451 0.875000
96353 -50.392 -21.441 27.867 0.125000
96457 -38.823 -22.383 37.797 0.125000
96589 -35.681 -32.327 28.325 0.250000
96694 -36.080 -35.482 34.812 1.000000
96706 -34.295 -37.614 40.309 0.875000
96731 -38.647 -37.430 42.257 0.375000
96752 -13.384 -44.919 45.554 0.625000
96799 -30.853 -35.853 44.646 0.625000
96813 -29.227 -35.618 44.263 0.625000
96816 -32.378 -35.428 37.173 1.000000
96840 -42.197 -21.201 21.168 0.250000
97095 -34.764 -30.470 28.248 0.125000
97185 -26.906 -38.710 51.157 0.125000
97238 -36.789 -35.319 34.966 1.000000
97240 -16.302 -42.759 42.987 0.625000
97273 -6.126 -48.213 48.896 0.125000
97313 -2.627 -46.360 49.919 0.375000
97346 -22.141 -41.274 40.973 1.000000
97390 -3.417 -47.426 49.932 0.125000
97434 -29.523 -35.117 45.545 0.375000
97472 -50.034 -11.834 23.840 0.125000
97501 -31.205 -36.386 43.528 0.750000
97644 -12.069 -45.222 44.205 0.375000
97754 -19.428 -45.225 48.238 0.125000
97765 -31.526 -36.426 41.939 1.000000
97767 -31.632 -35.568 39.786 1.000000
97837 -39.025 -21.450 35.326 0.250000
97854 -43.791 -21.232 31.142 0.250000
97893 -44.995 -22.451 28.867 0.250000
98011 -33.740 -26.538 33.618 0.750000
98035 -22.248 -41.491 43.683 0.875000
98043 -37.983 -24.648 38.181 0.125000
98056 -43.074 -21.950 28.604 0.625000
98155 -39.609 -32.913 37.131 0.375000
98201 -22.689 -40.471 37.945 0.625000
98263 -33.322 -36.426 37.188 1.000000
98285 -17.383 -41.998 42.166 0.625000
98333 -33.133 -35.442 29.224 0.750000
98358 -34.015 -36.988 44.931 0.375000
98383 -37.597 -37.991 39.727 0.750000
98402 -43.236 -21.030 32.276 0.125000
98442 -51.488 -12.171 26.527 0.125000
98472 -10.114 -47.988 45.745 0.125000
98530 -37.327 -38.326 41.845 0.625000
98550 -41.435 -21.283 28.582 0.750000
98580 -35.859 -35.638 35.679 1.000000
98672 -42.475 -20.803 32.617 0.125000
98683 -15.530 -43.350 41.133 0.250000
98722 -25.279 -36.386 33.625 0.750000
98753 -34.481 -24.517 27.583 0.625000
98806 -39.000 -21.653 27.537 0.750000
98826 -21.888 -42.895 35.006 0.125000
98829 -38.616 -22.285 37.080 0.125000
98876 -19.802 -42.707 38.446 0.625000
98886 -21.617 -41.362 40.907 1.000000
98916 -24.020 -42.324 47.983 0.125000
98965 -22.560 -38.904 43.402 1.000000
98982 -40.461 -34.958 40.058 0.125000
98985 -16.207 -44.784 47.319 0.625000
99044 -35.489 -34.972 33.785 1.000000
99060 -13.021 -47.091 52.520 0.125000
99063 -40.008 -21.693 26.323 0.750000
99079 -52.659 -6.350 21.627 0.125000
99096 -22.661 -37.615 40.310 1.000000
99146 -47.299 -21.676 27.571 0.125000
99150 -38.222 -27.791 37.477 0.125000
99151 -42.150 -21.504 28.380 0.750000
99278 -43.981 -22.396 27.769 0.500000
99301 -24.607 -37.299 33.699 0.500000
99315 -39.485 -20.874 33.510 0.500000
99354 -24.582 -37.554 45.457 0.625000
99359 -37.011 -21.865 29.823 0.875000
99400 -34.825 -36.061 28.132 0.375000
99469 -25.994 -38.895 48.830 0.375000
99495 -39.530 -33.796 36.843 0.500000
99674 -29.726 -36.908 30.629 0.625000
99767 -3.702 -43.982 49.392 0.125000
99780 -33.752 -27.346 33.743 0.875000
100034 -16.243 -42.956 41.131 0.500000
100072 -40.822 -33.875 38.047 0.125000
100074 -40.418 -32.693 38.372 0.250000
100078 -24.781 -34.775 41.725 0.875000
100108 -32.478 -35.004 35.458 1.000000
100179 -18.043 -43.476 45.862 0.625000
100188 -32.008 -30.388 51.102 0.125000
100252 -34.375 -36.858 45.415 0.375000
100295 -49.222 -11.274 17.430 0.250000
100344 -34.711 -25.941 26.461 0.500000
100391 -14.333 -45.812 48.970 0.500000
100508 -36.570 -22.179 29.170 0.875000
100521 -43.027 -21.572 20.722 0.375000
100601 -5.112 -43.822 51.255 0.250000
100661 -13.656 -45.088 46.244 0.500000
100719 -13.671 -45.344 47.779 0.625000
100723 -24.028 -35.657 43.496 0.875000
100787 -43.823 -22.126 26.841 0.750000
100832 -34.821 -29.723 34.099 1.000000
100977 -44.703 -19.035 24.988 0.875000
100978 -32.885 -35.338 46.347 0.250000
101005 -44.335 -21.299 20.072 0.125000
101029 -13.805 -45.600 48.500 0.625000
101121 -34.521 -26.184 34.804 0.875000
101144 -39.108 -28.110 38.312 0.125000
101148 -21.800 -43.342 46.381 0.500000
101181 -28.529 -36.205 51.392 0.125000
101287 -38.077 -38.082 42.037 0.375000
101382 -28.360 -35.090 52.282 0.125000
101892 -35.867 -22.437 29.557 0.875000
101893 -52.300 -7.514 23.294 0.125000
101964 -43.131 -20.545 33.048 0.125000
101979 -26.478 -36.666 53.025 0.125000
101997 -35.814 -26.761 25.751 0.125000
102021 -33.741 -37.104 40.434 1.000000
102056 -44.916 -15.769 22.490 0.500000
102183 -22.685 -39.900 38.302 0.625000
102207 -53.293 -9.962 17.241 0.250000
102211 -22.728 -38.912 37.777 0.875000
102341 -31.606 -34.595 36.030 1.000000
102379 -52.292 -6.673 20.328 0.125000
102441 -11.436 -45.828 47.664 0.375000
102562 -23.795 -37.560 34.693 0.500000
102628 -31.798 -36.538 43.694 0.625000
102638 -42.214 -20.518 33.740 0.375000
102681 -39.579 -34.232 36.949 0.375000
102696 -37.256 -25.182 37.134 0.125000
102701 -42.304 -18.834 21.635 0.375000
102923 -36.400 -22.858 26.601 0.500000
102936 -40.424 -33.383 38.086 0.125000
102965 -39.663 -36.022 38.756 0.375000
103094 -36.973 -34.543 45.482 0.125000
103180 -29.635 -35.732 42.239 0.875000
103203 -42.716 -19.410 20.869 0.375000
103348 -32.540 -35.640 29.451 0.750000
103462 -21.393 -43.532 46.560 0.375000
103502 -32.361 -35.187 30.131 0.750000
103704 -26.403 -39.117 51.612 0.125000
103765 -37.852 -21.511 33.099 0.875000
103796 -34.126 -36.713 37.263 1.000000
103868 -38.346 -34.238 42.182 0.125000
104065 -32.854 -36.160 37.326 1.000000
104107 -39.573 -35.351 43.109 0.125000
104228 -41.521 -20.912 21.586 0.500000
104234 -26.958 -38.556 49.740 0.125000
104314 -27.432 -38.011 50.780 0.125000
104378 -25.771 -39.183 51.826 0.125000
104443 -45.041 -18.520 19.553 0.250000
104493 -9.623 -46.456 45.518 0.250000
104498 -34.171 -36.494 35.988 1.000000
104578 -28.993 -34.969 51.612 0.125000
104611 -50.971 -9.972 22.226 0.125000
104653 -29.854 -34.569 31.934 0.875000
104659 -3.902 -46.510 50.243 0.250000
104717 -23.471 -36.726 37.528 1.000000
104726 -27.712 -34.835 44.160 0.625000
104766 -11.327 -46.654 50.295 0.500000
104811 -40.721 -34.925 41.540 0.125000
104873 -38.213 -26.787 23.879 0.125000
104883 -37.240 -35.129 35.188 1.000000
105092 -37.323 -21.844 29.165 0.750000
105112 -47.967 -19.985 26.171 0.250000
105127 -38.396 -22.214 36.377 0.125000
105169 -35.196 -30.651 27.951 0.125000
105172 -7.214 -46.333 48.962 0.250000
105219 -55.418 -8.268 14.926 0.125000
105240 -31.313 -35.800 45.087 0.500000
105411 -36.947 -24.798 24.573 0.250000
105431 -48.417 -13.334 21.452 0.750000
105603 -23.351 -36.417 43.374 1.000000
105607 -53.093 -8.207 20.064 0.125000
105624 -36.713 -37.162 37.685 0.875000
105663 -3.672 -44.306 50.104 0.375000
105668 -37.080 -22.836 35.573 0.375000
105744 -45.651 -20.389 25.982 0.750000
105769 -40.250 -35.547 40.324 0.125000
105813 -37.270 -21.636 30.928 0.875000
105881 -22.393 -41.132 41.676 1.000000
105914 -41.431 -21.878 27.117 0.875000
105915 -23.942 -41.824 50.909 0.125000
105956 -12.101 -46.281 49.671 0.500000
105957 -49.925 -14.533 23.899 0.125000
106019 -22.467 -41.879 36.109 0.375000
106047 -25.817 -38.712 48.198 0.375000
106129 -26.143 -34.604 33.858 0.750000
106133 -40.852 -34.275 40.107 0.125000
106162 -37.182 -33.441 27.348 0.125000
106205 -24.270 -40.657 47.549 0.250000
106215 -23.611 -40.222 34.140 0.125000
106242 -40.368 -21.461 29.784 0.750000
106254 -46.605 -18.059 24.722 0.750000
106276 -21.142 -41.836 39.859 0.875000
106291 -26.780 -33.636 38.929 1.000000
106308 -52.383 -9.978 16.938 0.375000
106415 -21.598 -41.807 42.707 0.875000
106426 -3.991 -44.007 50.331 0.250000
106507 -23.372 -41.267 34.336 0.125000
106518 -46.667 -14.894 22.434 0.625000
106549 -43.609 -16.825 22.242 0.625000
106567 -33.209 -37.012 43.847 0.750000
106691 -21.951 -43.284 45.559 0.500000
106704 -43.179 -22.132 28.188 0.750000
106770 -55.174 -8.644 17.330 0.375000
106844 -20.545 -43.087 36.316 0.375000
106852 -23.908 -42.660 48.767 0.375000
106857 -22.660 -39.059 38.753 1.000000
106946 -22.163 -43.520 47.924 0.500000
106948 -28.757 -35.558 51.442 0.125000
107052 -8.717 -45.779 52.499 0.250000
107146 -39.129 -20.912 33.979 0.500000
107167 -28.259 -34.465 48.733 0.250000
107185 -18.600 -44.751 37.350 0.125000
107202 -21.484 -41.671 41.901 1.000000
107278 -24.843 -34.708 41.233 1.000000
107293 -37.135 -36.704 45.845 0.125000
107464 -38.525 -37.052 44.560 0.125000
107475 -54.612 -9.207 13.809 0.125000
107482 -42.227 -18.997 23.528 0.750000
107490 -24.629 -36.422 34.174 0.625000
107491 -53.555 -10.075 17.984 0.375000
107495 -7.456 -48.237 47.831 0.125000
107521 -48.488 -11.828 17.668 0.375000
107523 -27.722 -35.112 44.853 0.500000
107535 -27.425 -34.246 40.910 0.875000
107577 -24.249 -40.463 47.297 0.375000
107585 -22.690 -40.315 40.141 1.000000
107587 -34.153 -24.290 31.907 0.625000
107618 -43.318 -21.215 31.749 0.125000
107672 -37.799 -25.528 23.704 0.125000
107703 -54.813 -9.083 15.122 0.125000
107715 -43.823 -20.713 32.632 0.125000
107780 -24.187 -34.965 38.149 1.000000
107866 -24.675 -35.046 43.306 0.875000
107967 -34.032 -37.380 40.981 1.000000
108004 -40.442 -21.013 31.446 0.625000
108016 -21.614 -41.553 39.471 0.750000
108031 -48.107 -14.324 22.476 0.625000
108106 -26.848 -35.037 47.606 0.250000
108115 -15.906 -45.906 48.966 0.125000
108116 -36.595 -22.567 34.412 0.750000
108201 -34.684 -37.850 42.642 0.750000
108226 -19.354 -42.703 38.890 0.500000
108265 -7.393 -45.955 50.373 0.375000
108294 -38.227 -25.447 38.425 0.125000
108341 -6.026 -43.834 51.866 0.250000
108434 -32.767 -36.704 29.087 0.750000
108500 -22.482 -39.465 43.613 1.000000
108515 -9.941 -45.758 46.400 0.500000
108526 -39.647 -30.573 38.425 0.125000
108537 -33.371 -27.009 33.209 0.750000
108559 -5.513 -46.144 50.081 0.375000
108654 -42.649 -18.300 21.587 0.375000
108705 -9.392 -46.653 50.736 0.375000
108713 -41.945 -21.925 27.234 0.875000
108779 -39.929 -30.790 38.660 0.125000
108785 -26.501 -34.979 33.210 0.750000
108792 -2.691 -46.632 50.077 0.250000
108804 -36.047 -34.199 27.806 0.375000
108805 -38.208 -33.949 35.461 1.000000
108868 -33.845 -25.919 27.570 0.500000
108880 -41.972 -20.473 21.369 0.500000
108894 -33.502 -36.864 44.634 0.500000
108933 -36.518 -36.934 37.009 0.875000
108992 -47.210 -19.162 25.481 0.500000
109012 -22.255 -41.337 38.410 0.625000
