#!ascii label  , from subject OAS1_0001-3 vox2ras=TkReg 
1021
57922 -44.185 -9.417 25.001 0.000000
57923 -43.576 -9.374 25.117 0.000000
57924 -43.770 -9.170 25.697 0.000000
57925 -44.468 -9.213 25.625 0.000000
57937 -42.114 -9.131 24.404 0.000000
57938 -42.522 -9.006 25.130 0.000000
57939 -43.796 -9.491 24.288 0.000000
57940 -44.557 -9.461 24.061 0.000000
57941 -44.957 -9.254 24.807 0.000000
57942 -45.402 -9.370 23.822 0.000000
57954 -42.422 -9.372 23.542 0.000000
57955 -43.276 -9.462 23.448 0.000000
57956 -44.090 -9.535 23.270 0.000000
57957 -44.879 -9.420 23.086 0.000000
57968 -44.358 -9.402 22.330 0.000000
57969 -45.123 -9.145 22.211 0.000000
57979 -43.705 -9.282 21.527 0.000000
58632 -46.225 -8.703 26.706 0.000000
58642 -44.826 -9.105 26.143 0.000000
58643 -45.662 -8.860 26.061 0.000000
58644 -46.577 -8.608 25.872 0.000000
58656 -43.111 -8.939 25.578 0.000000
58657 -45.259 -9.084 25.467 0.000000
58658 -46.072 -8.991 25.408 0.000000
58659 -46.865 -8.748 24.989 0.000000
58660 -47.732 -8.239 24.520 0.000000
58667 -46.023 -9.235 24.594 0.000000
58668 -47.010 -8.709 24.040 0.000000
58669 -47.751 -8.025 23.536 0.000000
58675 -45.696 -9.176 22.806 0.000000
58676 -46.578 -8.520 22.498 0.000000
58677 -47.075 -8.480 23.200 0.000000
58682 -44.628 -8.985 21.546 0.000000
58683 -45.791 -8.228 21.219 0.000000
58684 -46.526 -7.627 21.278 0.000000
58687 -37.206 -7.953 21.518 0.000000
58692 -43.260 -8.727 20.621 0.000000
58693 -44.156 -8.625 20.841 0.000000
58694 -44.985 -8.492 20.952 0.000000
58695 -45.266 -7.857 20.571 0.000000
58698 -39.158 -8.109 20.385 0.000000
58702 -42.772 -8.088 19.902 0.000000
58703 -43.702 -8.139 20.129 0.000000
58704 -44.506 -8.022 20.383 0.000000
59362 -48.346 -7.399 24.011 0.000000
59368 -47.480 -7.832 22.687 0.000000
59369 -48.321 -7.079 23.023 0.000000
59374 -47.693 -6.433 21.717 0.000000
59377 -37.107 -6.975 21.355 0.000000
59378 -37.754 -7.366 20.963 0.000000
59379 -45.987 -7.502 20.645 0.000000
59380 -46.637 -6.966 20.796 0.000000
59381 -47.086 -6.983 21.455 0.000000
59385 -38.227 -6.904 20.435 0.000000
59386 -38.905 -7.262 20.188 0.000000
59391 -43.390 -7.645 19.675 0.000000
59392 -44.149 -7.470 19.768 0.000000
59393 -44.829 -7.512 20.091 0.000000
59394 -45.411 -7.257 20.131 0.000000
59399 -42.792 -7.296 19.319 0.000000
59400 -44.132 -6.747 19.318 0.000000
59401 -44.910 -6.981 19.608 0.000000
60136 -35.977 -5.905 22.206 0.000000
60137 -36.505 -6.491 21.753 0.000000
60142 -37.172 -6.098 21.299 0.000000
60143 -37.698 -6.507 20.873 0.000000
60144 -47.219 -6.372 21.041 0.000000
60145 -47.752 -5.875 21.220 0.000000
60146 -48.218 -5.710 21.738 0.000000
60149 -38.165 -6.039 20.328 0.000000
60152 -46.047 -6.728 20.151 0.000000
60153 -46.539 -5.923 19.814 0.000000
60160 -42.502 -6.599 18.753 0.000000
60161 -43.378 -6.671 18.980 0.000000
60162 -44.750 -6.407 19.159 0.000000
60163 -45.545 -6.356 19.446 0.000000
60169 -43.131 -6.021 18.455 0.000000
60170 -44.108 -6.083 18.714 0.000000
60910 -36.316 -5.009 22.191 0.000000
60911 -36.704 -5.597 21.721 0.000000
60916 -37.315 -5.384 21.353 0.000000
60917 -37.712 -5.682 20.895 0.000000
60918 -48.197 -5.206 21.037 0.000000
60921 -38.182 -5.194 20.471 0.000000
60922 -47.402 -5.742 20.505 0.000000
60923 -47.885 -5.047 20.190 0.000000
60926 -39.149 -4.786 19.352 0.000000
60928 -45.086 -5.866 18.826 0.000000
60929 -45.992 -5.681 19.024 0.000000
60930 -46.779 -5.298 19.264 0.000000
60931 -47.561 -4.941 19.487 0.000000
60936 -42.805 -5.284 18.092 0.000000
60937 -43.680 -5.397 18.132 0.000000
60938 -44.598 -5.361 18.273 0.000000
60939 -45.556 -5.270 18.417 0.000000
61680 -37.180 -4.712 21.739 0.000000
61688 -37.768 -4.913 21.130 0.000000
61690 -38.275 -4.411 20.818 0.000000
61695 -38.553 -4.607 19.996 0.000000
61696 -48.245 -4.516 19.771 0.000000
61701 -38.931 -3.975 19.568 0.000000
61702 -39.389 -4.192 18.926 0.000000
61703 -47.099 -4.766 18.728 0.000000
61704 -47.904 -4.159 18.548 0.000000
61712 -43.272 -4.727 17.648 0.000000
61713 -44.150 -4.858 17.606 0.000000
61714 -45.097 -4.779 17.795 0.000000
61715 -46.190 -4.740 17.997 0.000000
61716 -47.053 -4.406 18.045 0.000000
61717 -47.483 -3.965 17.734 0.000000
61722 -42.884 -4.019 17.345 0.000000
61723 -43.725 -4.285 17.098 0.000000
61724 -44.605 -4.400 17.061 0.000000
61725 -45.552 -4.379 17.192 0.000000
61726 -46.587 -4.191 17.320 0.000000
62371 -38.982 -2.751 22.238 0.000000
62377 -39.414 -2.882 21.356 0.000000
62382 -38.627 -3.868 20.349 0.000000
62383 -38.922 -3.312 20.785 0.000000
62389 -38.806 -3.227 19.832 0.000000
62390 -39.250 -3.277 18.985 0.000000
62392 -49.591 -2.770 18.957 0.000000
62398 -49.063 -3.094 18.569 0.000000
62402 -43.284 -3.633 16.749 0.000000
62403 -42.143 -2.582 16.797 0.000000
62404 -44.164 -3.826 16.599 0.000000
62405 -45.015 -3.981 16.581 0.000000
62406 -45.877 -3.955 16.644 0.000000
62407 -46.829 -3.691 16.635 0.000000
62408 -47.855 -3.485 17.221 0.000000
62409 -48.760 -2.923 17.781 0.000000
62413 -42.854 -2.982 16.431 0.000000
62414 -43.700 -3.219 16.210 0.000000
62415 -45.357 -3.614 16.255 0.000000
62416 -44.060 -2.774 15.687 0.000000
62417 -46.021 -3.546 16.094 0.000000
62418 -46.699 -3.310 15.953 0.000000
62419 -47.654 -3.046 16.255 0.000000
62431 -44.774 -2.914 15.569 0.000000
62432 -46.127 -3.115 15.477 0.000000
63003 -38.231 -2.393 22.596 0.000000
63004 -38.377 -1.624 22.851 0.000000
63005 -39.466 -1.776 22.765 0.000000
63010 -39.880 -2.213 22.477 0.000000
63011 -39.669 -2.576 22.037 0.000000
63012 -40.334 -2.148 22.292 0.000000
63016 -39.705 -2.339 21.006 0.000000
63017 -39.931 -2.418 21.751 0.000000
63022 -39.035 -2.683 20.373 0.000000
63028 -39.048 -2.495 19.493 0.000000
63034 -39.622 -1.451 18.718 0.000000
63035 -40.555 -1.642 17.531 0.000000
63036 -49.420 -2.365 18.230 0.000000
63037 -50.081 -1.756 18.213 0.000000
63041 -41.420 -2.270 17.236 0.000000
63042 -41.186 -1.387 16.962 0.000000
63043 -48.509 -2.934 16.935 0.000000
63044 -49.191 -2.283 17.222 0.000000
63045 -49.660 -1.435 17.012 0.000000
63049 -43.213 -2.531 15.884 0.000000
63050 -42.461 -2.220 16.256 0.000000
63051 -46.995 -2.834 15.448 0.000000
63052 -47.992 -2.325 15.397 0.000000
63053 -48.934 -1.786 15.766 0.000000
63054 -49.242 -1.854 16.502 0.000000
63062 -42.700 -1.641 15.587 0.000000
63063 -43.597 -2.049 15.313 0.000000
63064 -45.392 -2.690 15.074 0.000000
63065 -44.454 -2.418 15.119 0.000000
63066 -46.384 -2.583 14.889 0.000000
63067 -47.199 -2.380 14.868 0.000000
63068 -47.653 -1.759 14.648 0.000000
63076 -44.895 -2.049 14.500 0.000000
63077 -45.824 -2.099 14.425 0.000000
63078 -46.766 -1.973 14.415 0.000000
63620 -37.251 -1.314 23.318 0.000000
63621 -38.165 -0.863 23.296 0.000000
63622 -40.255 -2.008 22.913 0.000000
63623 -39.886 -1.376 23.199 0.000000
63624 -40.724 -2.030 22.782 0.000000
63625 -40.790 -1.817 23.161 0.000000
63626 -41.273 -1.858 22.954 0.000000
63627 -41.340 -1.429 23.269 0.000000
63628 -41.758 -1.362 22.957 0.000000
63631 -41.728 -1.162 22.625 0.000000
63634 -40.330 -1.981 21.742 0.000000
63635 -41.203 -1.798 22.497 0.000000
63638 -39.755 -1.362 20.701 0.000000
63639 -40.736 -1.263 21.605 0.000000
63641 -39.376 -1.190 19.611 0.000000
63645 -39.673 -0.509 18.823 0.000000
63646 -39.906 -1.071 17.951 0.000000
63653 -40.483 -0.824 17.296 0.000000
63655 -51.064 -0.199 17.019 0.000000
63656 -51.522 -0.437 17.760 0.000000
63658 -41.008 -0.594 16.661 0.000000
63659 -42.084 -1.589 16.097 0.000000
63660 -41.608 -1.125 16.369 0.000000
63661 -49.541 -1.218 16.214 0.000000
63662 -49.854 -0.418 15.924 0.000000
63663 -50.176 -0.700 16.671 0.000000
63672 -41.975 -0.975 15.667 0.000000
63673 -43.281 -1.291 14.938 0.000000
63674 -42.531 -0.815 15.047 0.000000
63675 -44.032 -1.738 14.687 0.000000
63676 -48.458 -1.421 15.086 0.000000
63677 -48.833 -0.789 14.931 0.000000
63678 -49.201 -1.015 15.492 0.000000
63687 -43.080 -0.683 14.479 0.000000
63688 -43.706 -1.086 14.322 0.000000
63689 -45.317 -1.549 13.949 0.000000
63690 -44.446 -1.384 14.088 0.000000
63691 -46.249 -1.519 13.944 0.000000
63692 -47.202 -1.358 14.065 0.000000
63693 -47.553 -0.752 13.686 0.000000
63694 -48.127 -0.962 14.426 0.000000
63701 -44.811 -1.003 13.468 0.000000
63702 -45.721 -1.077 13.379 0.000000
63703 -46.671 -0.989 13.466 0.000000
64226 -37.370 -0.439 23.662 0.000000
64228 -37.475 0.285 23.943 0.000000
64229 -41.771 -0.958 23.292 0.000000
64230 -41.388 -0.710 23.634 0.000000
64231 -41.534 0.129 24.044 0.000000
64232 -41.965 -0.299 23.574 0.000000
64233 -42.246 0.388 24.030 0.000000
64234 -42.324 0.098 23.515 0.000000
64236 -38.185 -0.153 23.688 0.000000
64237 -39.824 -0.583 23.526 0.000000
64238 -40.667 -1.104 23.511 0.000000
64239 -42.083 -0.629 23.185 0.000000
64240 -42.313 -0.172 23.069 0.000000
64244 -42.029 -0.726 22.831 0.000000
64245 -42.204 -0.184 22.624 0.000000
64247 -41.507 -1.163 22.156 0.000000
64248 -41.889 -0.443 22.243 0.000000
64250 -39.502 -0.370 19.964 0.000000
64251 -40.235 -0.421 20.776 0.000000
64252 -41.133 -0.379 21.517 0.000000
64256 -40.055 -0.234 17.845 0.000000
64259 -40.457 0.016 17.046 0.000000
64263 -40.958 0.162 16.341 0.000000
64264 -41.430 -0.406 15.970 0.000000
64265 -50.660 0.164 16.353 0.000000
64272 -41.845 -0.156 15.195 0.000000
64273 -49.438 -0.277 15.219 0.000000
64287 -43.087 -0.162 14.024 0.000000
64288 -42.697 0.450 14.092 0.000000
64289 -48.299 -0.437 13.883 0.000000
64290 -49.004 -0.267 14.430 0.000000
64291 -49.656 0.340 14.897 0.000000
64297 -43.134 0.295 13.473 0.000000
64298 -43.613 -0.273 13.532 0.000000
64299 -45.187 -0.478 12.884 0.000000
64300 -44.316 -0.358 13.156 0.000000
64301 -46.170 -0.536 12.824 0.000000
64302 -47.112 -0.450 12.933 0.000000
64303 -47.572 0.228 12.554 0.000000
64304 -48.748 0.194 13.694 0.000000
64310 -45.663 0.103 12.340 0.000000
64311 -46.670 0.036 12.307 0.000000
64834 -39.111 0.161 23.828 0.000000
64836 -40.458 -0.033 23.852 0.000000
64838 -41.885 0.739 24.602 0.000000
64839 -42.623 0.938 24.516 0.000000
64840 -42.705 0.666 24.000 0.000000
64841 -43.015 0.974 24.085 0.000000
64843 -42.580 0.527 23.481 0.000000
64844 -42.914 0.988 23.693 0.000000
64846 -42.453 0.354 22.738 0.000000
64847 -42.690 0.994 22.966 0.000000
64849 -42.316 0.456 22.050 0.000000
64851 -40.299 1.021 19.920 0.000000
64852 -40.728 0.455 20.724 0.000000
64853 -41.800 0.619 21.356 0.000000
64855 -39.822 0.337 19.372 0.000000
64856 -40.264 1.053 18.912 0.000000
64858 -40.346 0.782 17.819 0.000000
64860 -40.685 0.905 16.837 0.000000
64862 -41.167 0.921 16.100 0.000000
64872 -41.674 0.832 15.363 0.000000
64882 -42.178 0.528 14.677 0.000000
64883 -42.361 1.014 14.203 0.000000
64895 -42.709 1.066 13.485 0.000000
64896 -43.705 0.184 12.926 0.000000
64897 -48.402 0.592 12.976 0.000000
64904 -43.090 1.354 12.710 0.000000
64905 -43.698 0.823 12.447 0.000000
64906 -45.222 0.712 11.860 0.000000
64907 -44.336 1.072 11.950 0.000000
64908 -46.225 0.541 11.765 0.000000
64909 -47.182 0.692 11.968 0.000000
64910 -48.031 0.929 12.282 0.000000
64918 -44.864 1.264 11.312 0.000000
64919 -45.769 0.952 11.226 0.000000
64920 -46.883 1.101 11.315 0.000000
64968 -50.522 1.402 5.284 0.000000
65467 -43.082 1.421 25.029 0.000000
65468 -43.227 2.044 25.648 0.000000
65469 -43.633 1.965 25.239 0.000000
65478 -43.245 1.379 24.159 0.000000
65480 -42.955 1.573 23.330 0.000000
65483 -42.573 1.023 22.176 0.000000
65484 -42.737 1.877 22.233 0.000000
65486 -42.538 1.868 21.480 0.000000
65487 -42.838 2.469 21.310 0.000000
65489 -41.234 1.399 20.456 0.000000
65490 -42.111 1.744 20.757 0.000000
65491 -42.558 2.248 20.763 0.000000
65492 -42.940 2.633 20.658 0.000000
65494 -40.892 1.825 19.533 0.000000
65495 -41.795 2.488 19.112 0.000000
65496 -42.489 2.439 20.031 0.000000
65498 -40.803 1.806 18.438 0.000000
65499 -41.404 2.429 17.904 0.000000
65500 -40.805 1.594 17.497 0.000000
65501 -41.232 1.875 16.802 0.000000
65503 -41.554 1.671 15.968 0.000000
65510 -42.040 1.316 14.776 0.000000
65511 -41.809 1.653 15.395 0.000000
65512 -42.135 2.196 15.101 0.000000
65518 -42.423 1.834 14.168 0.000000
65524 -42.717 1.964 13.232 0.000000
65532 -43.065 2.146 12.458 0.000000
65533 -43.602 1.552 12.094 0.000000
65534 -43.512 2.281 11.742 0.000000
65544 -44.110 1.704 11.424 0.000000
65545 -45.334 1.384 10.793 0.000000
65546 -44.618 1.815 10.599 0.000000
65547 -46.169 1.359 10.685 0.000000
65557 -45.468 1.712 10.178 0.000000
65558 -44.889 2.237 9.728 0.000000
65559 -46.436 1.759 10.044 0.000000
65560 -47.293 1.931 10.033 0.000000
65561 -48.105 2.030 10.545 0.000000
65568 -45.749 2.169 9.454 0.000000
65593 -45.301 1.929 4.889 0.000000
65596 -48.630 1.664 5.342 0.000000
65597 -49.674 1.759 5.236 0.000000
65598 -50.448 2.295 5.265 0.000000
65605 -44.516 2.512 4.611 0.000000
65606 -46.067 2.820 4.843 0.000000
66070 -43.968 2.573 26.030 0.000000
66071 -43.088 2.652 26.134 0.000000
66072 -43.959 3.378 26.443 0.000000
66073 -44.520 2.901 25.926 0.000000
66085 -42.384 2.417 25.847 0.000000
66086 -44.045 2.400 25.532 0.000000
66087 -44.240 2.726 25.458 0.000000
66092 -43.686 1.997 24.856 0.000000
66093 -43.894 2.788 24.451 0.000000
66095 -43.410 2.092 23.862 0.000000
66096 -43.716 2.985 23.290 0.000000
66099 -43.137 2.760 21.626 0.000000
66100 -43.643 3.241 22.117 0.000000
66102 -43.290 2.950 20.703 0.000000
66103 -43.095 2.759 19.955 0.000000
66104 -43.492 3.128 19.870 0.000000
66106 -42.791 2.991 19.284 0.000000
66107 -43.393 3.400 19.191 0.000000
66109 -42.373 2.946 18.396 0.000000
66110 -43.041 3.342 18.696 0.000000
66111 -43.529 3.501 18.352 0.000000
66113 -42.005 2.775 17.368 0.000000
66114 -42.466 3.097 16.788 0.000000
66116 -41.957 2.413 15.918 0.000000
66117 -42.489 2.999 15.748 0.000000
66125 -42.615 2.759 14.769 0.000000
66132 -42.725 2.658 13.876 0.000000
66136 -42.898 2.784 13.062 0.000000
66141 -43.180 2.991 12.287 0.000000
66149 -43.878 2.354 10.948 0.000000
66150 -43.504 3.093 11.460 0.000000
66159 -43.804 3.175 10.670 0.000000
66160 -44.284 2.561 10.217 0.000000
66161 -46.804 2.246 9.425 0.000000
66162 -47.804 2.389 9.572 0.000000
66163 -48.802 2.510 9.821 0.000000
66171 -45.105 2.726 8.832 0.000000
66172 -44.601 3.412 8.781 0.000000
66173 -46.208 2.670 8.755 0.000000
66174 -47.329 2.755 8.775 0.000000
66175 -48.475 3.073 8.867 0.000000
66176 -49.521 3.150 9.241 0.000000
66178 -53.678 3.020 8.237 0.000000
66179 -53.103 3.604 8.964 0.000000
66183 -45.008 3.432 8.296 0.000000
66184 -45.746 3.285 8.189 0.000000
66185 -46.806 3.253 8.170 0.000000
66186 -47.815 3.429 8.192 0.000000
66187 -53.292 3.264 7.460 0.000000
66192 -52.792 3.213 6.862 0.000000
66196 -51.615 3.277 6.100 0.000000
66197 -52.261 2.530 6.280 0.000000
66203 -47.089 2.679 5.165 0.000000
66204 -47.725 3.416 5.079 0.000000
66205 -48.741 2.839 5.332 0.000000
66206 -49.693 2.972 5.263 0.000000
66207 -50.346 3.298 5.432 0.000000
66211 -44.019 3.184 4.646 0.000000
66212 -44.800 3.454 4.438 0.000000
66213 -45.743 3.818 4.458 0.000000
66214 -46.790 3.661 4.743 0.000000
66741 -42.827 4.091 26.370 0.000000
66742 -43.850 4.087 26.605 0.000000
66743 -44.638 3.773 26.582 0.000000
66744 -44.868 3.534 26.292 0.000000
66745 -45.129 3.889 26.403 0.000000
66755 -44.941 3.437 25.886 0.000000
66761 -44.327 3.613 23.881 0.000000
66764 -44.369 3.681 22.692 0.000000
66767 -44.250 3.972 21.655 0.000000
66769 -43.675 3.535 20.951 0.000000
66770 -44.319 3.885 20.074 0.000000
66771 -43.997 3.586 19.506 0.000000
66773 -43.781 3.566 19.190 0.000000
66775 -43.963 3.666 18.614 0.000000
66776 -44.638 3.942 18.120 0.000000
66777 -44.895 4.183 18.456 0.000000
66779 -43.349 3.517 17.457 0.000000
66780 -44.047 3.700 17.891 0.000000
66781 -44.530 4.054 17.367 0.000000
66783 -43.121 3.553 16.457 0.000000
66784 -43.848 3.843 17.008 0.000000
66785 -44.301 4.273 16.485 0.000000
66795 -43.034 3.491 15.426 0.000000
66796 -43.479 3.998 15.028 0.000000
66797 -43.614 3.995 16.029 0.000000
66802 -42.999 3.371 14.465 0.000000
66807 -42.968 3.285 13.671 0.000000
66808 -43.041 3.646 13.020 0.000000
66814 -43.450 3.972 12.165 0.000000
66820 -43.536 3.973 11.137 0.000000
66825 -43.910 3.953 10.345 0.000000
66826 -44.251 3.734 9.568 0.000000
66834 -44.379 4.301 8.884 0.000000
66835 -49.455 3.661 8.363 0.000000
66836 -50.307 3.810 8.850 0.000000
66837 -52.344 4.109 8.551 0.000000
66843 -45.364 3.985 7.583 0.000000
66844 -44.908 4.702 7.433 0.000000
66845 -46.353 3.669 7.464 0.000000
66846 -47.324 3.657 7.451 0.000000
66847 -48.292 3.785 7.320 0.000000
66848 -49.464 4.041 7.125 0.000000
66849 -50.426 4.151 7.941 0.000000
66850 -51.459 4.315 7.722 0.000000
66851 -52.603 4.040 7.375 0.000000
66857 -45.502 4.648 6.918 0.000000
66858 -46.128 4.302 6.719 0.000000
66859 -45.907 5.073 5.875 0.000000
66860 -47.734 4.096 6.498 0.000000
66861 -48.649 4.196 6.264 0.000000
66862 -49.402 4.313 6.054 0.000000
66863 -50.635 4.436 6.870 0.000000
66864 -51.578 4.146 6.744 0.000000
66865 -52.223 3.505 6.638 0.000000
66870 -47.102 4.647 5.795 0.000000
66871 -47.926 4.443 5.634 0.000000
66872 -48.646 4.122 5.647 0.000000
66873 -50.718 4.016 5.971 0.000000
66874 -49.714 3.964 5.663 0.000000
66880 -47.437 4.231 4.838 0.000000
66881 -48.231 3.883 5.214 0.000000
66887 -44.326 4.120 4.405 0.000000
66888 -45.047 4.436 4.266 0.000000
66889 -45.647 4.854 4.394 0.000000
66890 -46.519 4.468 4.650 0.000000
67393 -45.058 4.141 26.793 0.000000
67394 -45.352 4.557 26.714 0.000000
67402 -42.455 4.785 26.029 0.000000
67403 -45.332 4.174 25.889 0.000000
67409 -44.993 4.209 24.595 0.000000
67410 -45.601 4.917 23.696 0.000000
67413 -45.030 4.287 23.251 0.000000
67414 -45.623 4.904 22.620 0.000000
67417 -44.957 4.512 21.290 0.000000
67419 -45.006 4.481 20.456 0.000000
67420 -45.804 5.084 20.977 0.000000
67421 -46.556 5.409 20.402 0.000000
67423 -44.559 4.118 19.301 0.000000
67424 -45.737 4.870 20.074 0.000000
67425 -46.412 5.219 19.668 0.000000
67427 -45.425 4.633 19.275 0.000000
67428 -46.134 5.046 18.950 0.000000
67430 -45.426 4.515 18.031 0.000000
67431 -46.163 5.290 17.885 0.000000
67433 -45.121 4.304 17.526 0.000000
67434 -45.802 4.909 17.214 0.000000
67445 -45.099 4.564 16.705 0.000000
67446 -45.684 5.150 16.476 0.000000
67447 -46.277 5.446 16.600 0.000000
67454 -44.081 4.474 15.571 0.000000
67455 -44.615 5.116 15.146 0.000000
67456 -45.215 5.162 15.921 0.000000
67462 -43.865 4.639 14.628 0.000000
67463 -44.294 5.219 14.123 0.000000
67469 -43.401 4.492 13.089 0.000000
67470 -43.724 4.749 13.784 0.000000
67474 -43.679 4.790 11.635 0.000000
67480 -43.781 4.760 10.739 0.000000
67486 -44.088 4.729 9.806 0.000000
67493 -44.399 5.113 9.030 0.000000
67497 -44.511 5.029 8.106 0.000000
67502 -45.319 5.271 6.650 0.000000
67503 -44.895 5.512 7.235 0.000000
67508 -45.440 5.935 5.724 0.000000
67509 -46.623 5.061 5.101 0.000000
67510 -45.664 5.802 4.767 0.000000
67511 -47.376 4.688 5.253 0.000000
67512 -47.759 4.401 5.252 0.000000
67517 -43.941 6.224 4.423 0.000000
67518 -46.117 5.103 4.726 0.000000
67519 -47.058 4.757 4.967 0.000000
67522 -45.030 5.392 4.143 0.000000
67523 -45.286 5.707 4.329 0.000000
68060 -44.584 5.063 27.074 0.000000
68061 -45.198 4.947 27.205 0.000000
68062 -45.675 5.659 26.847 0.000000
68063 -46.449 6.361 27.034 0.000000
68073 -45.846 5.248 26.026 0.000000
68074 -46.618 6.310 24.436 0.000000
68080 -45.939 5.758 23.996 0.000000
68083 -46.210 5.489 22.979 0.000000
68084 -46.831 6.104 23.368 0.000000
68085 -47.811 6.286 21.997 0.000000
68088 -46.251 5.426 21.882 0.000000
68089 -47.083 5.944 21.481 0.000000
68090 -47.949 6.217 21.194 0.000000
68092 -47.238 5.874 20.738 0.000000
68094 -47.995 6.110 20.591 0.000000
68095 -48.601 6.231 20.116 0.000000
68097 -47.104 5.468 19.232 0.000000
68098 -48.184 5.868 19.398 0.000000
68105 -46.664 5.391 18.524 0.000000
68106 -47.704 5.722 18.689 0.000000
68107 -48.900 6.025 18.810 0.000000
68120 -46.671 5.582 17.182 0.000000
68121 -47.654 6.138 17.274 0.000000
68122 -48.229 6.067 18.090 0.000000
68128 -46.051 5.612 15.792 0.000000
68129 -47.176 6.029 16.208 0.000000
68134 -45.357 5.550 15.243 0.000000
68135 -45.851 6.025 14.896 0.000000
68136 -46.700 6.207 15.219 0.000000
68140 -45.120 5.708 14.394 0.000000
68141 -45.717 6.247 14.173 0.000000
68142 -46.402 6.506 14.391 0.000000
68147 -43.987 5.285 13.167 0.000000
68148 -44.755 6.004 12.818 0.000000
68149 -45.322 6.113 13.572 0.000000
68155 -44.060 5.487 12.189 0.000000
68156 -44.566 6.255 11.862 0.000000
68161 -44.140 5.578 11.193 0.000000
68162 -44.391 5.952 10.497 0.000000
68183 -44.792 6.023 7.723 0.000000
68190 -45.153 6.417 6.870 0.000000
68195 -45.323 6.743 5.858 0.000000
68196 -45.369 6.824 4.827 0.000000
68200 -45.021 6.742 4.250 0.000000
68206 -44.769 6.686 4.232 0.000000
68695 -46.871 6.570 26.295 0.000000
68697 -47.492 7.233 26.034 0.000000
68706 -47.243 7.014 25.033 0.000000
68711 -47.628 6.730 23.732 0.000000
68712 -48.204 7.343 24.209 0.000000
68713 -48.781 7.152 23.331 0.000000
68716 -48.620 6.694 22.541 0.000000
68717 -49.475 7.203 22.677 0.000000
68719 -48.785 6.528 21.726 0.000000
68720 -49.391 6.873 22.135 0.000000
68721 -49.723 7.321 22.097 0.000000
68724 -49.018 6.463 20.938 0.000000
68725 -49.995 6.828 20.951 0.000000
68726 -50.020 7.317 21.193 0.000000
68728 -49.821 6.588 20.335 0.000000
68729 -50.547 6.998 20.410 0.000000
68730 -51.097 7.144 19.833 0.000000
68743 -50.210 6.348 18.996 0.000000
68744 -51.608 7.038 19.177 0.000000
68745 -51.385 7.444 19.312 0.000000
68755 -51.132 6.700 18.485 0.000000
68756 -51.815 7.351 18.244 0.000000
68757 -51.839 7.613 18.519 0.000000
68758 -51.973 7.738 17.845 0.000000
68764 -48.622 6.359 17.474 0.000000
68765 -49.451 6.629 17.236 0.000000
68766 -50.624 6.815 17.510 0.000000
68767 -51.893 7.634 17.464 0.000000
68772 -48.517 6.637 16.595 0.000000
68773 -50.068 7.244 16.486 0.000000
68774 -51.410 7.464 16.984 0.000000
68780 -47.247 6.837 14.652 0.000000
68781 -48.319 7.252 14.891 0.000000
68782 -49.112 7.263 15.659 0.000000
68786 -46.104 6.679 13.493 0.000000
68787 -46.959 7.177 13.846 0.000000
68788 -47.925 7.491 14.012 0.000000
68793 -45.511 6.477 12.953 0.000000
68794 -46.071 7.101 12.558 0.000000
68795 -46.901 7.446 12.935 0.000000
68796 -47.781 7.747 13.197 0.000000
68802 -45.278 6.710 12.244 0.000000
68803 -46.012 7.386 11.519 0.000000
68804 -47.027 7.758 11.910 0.000000
68811 -44.681 6.416 11.019 0.000000
68812 -45.387 7.116 10.763 0.000000
68823 -45.063 6.781 8.089 0.000000
68830 -45.227 6.884 7.301 0.000000
68836 -45.416 7.585 6.269 0.000000
68840 -43.080 7.147 5.416 0.000000
68841 -45.375 7.777 5.075 0.000000
68846 -43.918 7.879 4.803 0.000000
68847 -44.384 7.212 4.445 0.000000
68848 -45.009 7.665 4.464 0.000000
68851 -44.870 7.447 4.372 0.000000
69322 -49.352 8.232 24.558 0.000000
69328 -49.270 7.696 24.046 0.000000
69329 -49.803 8.678 24.214 0.000000
69331 -49.658 7.647 23.272 0.000000
69335 -49.802 7.752 22.259 0.000000
69343 -49.847 7.704 21.527 0.000000
69357 -50.575 7.269 20.319 0.000000
69358 -50.190 7.610 20.736 0.000000
69369 -50.766 7.601 20.047 0.000000
69374 -39.995 7.336 17.797 0.000000
69376 -41.258 7.455 17.003 0.000000
69377 -41.560 7.822 18.027 0.000000
69384 -40.321 7.318 16.720 0.000000
69385 -40.865 7.474 16.086 0.000000
69386 -41.666 7.591 16.304 0.000000
69387 -42.069 7.591 17.170 0.000000
69388 -42.480 7.726 16.368 0.000000
69389 -51.793 8.068 16.543 0.000000
69390 -51.970 8.122 17.073 0.000000
69396 -39.648 7.473 15.230 0.000000
69397 -42.018 7.788 15.622 0.000000
69398 -50.366 7.703 15.421 0.000000
69399 -51.204 7.971 15.933 0.000000
69400 -51.543 8.543 15.545 0.000000
69401 -51.709 8.550 16.133 0.000000
69406 -40.435 7.557 14.176 0.000000
69407 -41.392 7.689 14.800 0.000000
69408 -42.386 8.106 15.019 0.000000
69409 -49.822 7.791 14.633 0.000000
69410 -51.016 8.462 14.765 0.000000
69411 -51.426 8.948 14.615 0.000000
69412 -51.595 8.886 15.281 0.000000
69419 -40.283 7.678 13.255 0.000000
69420 -41.096 7.659 13.808 0.000000
69421 -49.169 7.888 13.858 0.000000
69422 -50.540 8.695 13.570 0.000000
69423 -51.218 9.015 13.919 0.000000
69427 -39.478 7.837 12.708 0.000000
69428 -40.085 8.191 12.372 0.000000
69429 -40.903 7.834 12.992 0.000000
69430 -47.945 8.164 12.252 0.000000
69431 -48.882 8.405 12.529 0.000000
69432 -49.810 9.229 12.174 0.000000
69433 -50.410 9.512 12.576 0.000000
69439 -47.302 8.131 10.843 0.000000
69440 -48.222 8.614 11.187 0.000000
69441 -49.277 9.220 11.469 0.000000
69447 -46.453 7.731 10.386 0.000000
69448 -47.539 8.641 9.876 0.000000
69449 -48.459 9.148 10.191 0.000000
69454 -45.653 7.365 9.838 0.000000
69455 -46.662 8.279 9.413 0.000000
69456 -47.540 9.151 9.235 0.000000
69462 -45.880 7.768 8.967 0.000000
69463 -46.098 8.614 8.106 0.000000
69469 -45.466 7.862 7.270 0.000000
69470 -45.599 8.683 6.227 0.000000
69475 -43.693 8.325 6.486 0.000000
69476 -44.483 8.955 5.861 0.000000
69477 -45.347 8.437 5.467 0.000000
69481 -44.126 8.626 5.220 0.000000
69486 -44.672 7.887 4.528 0.000000
69487 -44.601 8.380 4.795 0.000000
69488 -44.845 8.021 4.568 0.000000
69489 -45.000 8.397 4.893 0.000000
69943 -49.325 9.246 25.409 0.000000
69950 -49.377 8.734 25.002 0.000000
69951 -49.704 9.272 24.637 0.000000
69956 -49.850 9.241 24.127 0.000000
69958 -49.712 8.600 23.348 0.000000
69961 -46.981 8.671 21.939 0.000000
69962 -45.965 9.053 22.041 0.000000
69963 -46.929 9.247 22.513 0.000000
69964 -49.018 8.647 22.751 0.000000
69965 -49.274 9.322 23.436 0.000000
69966 -49.593 8.089 22.064 0.000000
69977 -46.260 8.613 21.319 0.000000
69978 -45.438 8.898 21.253 0.000000
69979 -47.097 8.417 21.241 0.000000
69980 -48.305 8.354 21.672 0.000000
69981 -49.559 8.054 21.194 0.000000
69988 -45.102 8.739 20.437 0.000000
69989 -44.251 9.050 20.329 0.000000
69990 -46.376 8.462 19.538 0.000000
69991 -47.170 8.402 19.951 0.000000
69992 -48.111 8.299 19.993 0.000000
69993 -49.588 8.134 20.088 0.000000
69998 -41.397 8.250 18.897 0.000000
69999 -41.600 8.799 19.460 0.000000
70000 -42.017 8.356 18.825 0.000000
70001 -42.310 8.890 19.511 0.000000
70002 -42.707 8.378 18.843 0.000000
70003 -43.038 8.879 19.551 0.000000
70004 -44.267 8.366 18.897 0.000000
70005 -43.809 8.748 19.620 0.000000
70006 -45.093 8.444 18.910 0.000000
70007 -45.806 8.420 18.949 0.000000
70008 -47.427 8.479 19.145 0.000000
70009 -48.209 8.532 18.646 0.000000
70010 -49.415 8.464 18.822 0.000000
70011 -50.713 8.094 19.354 0.000000
70014 -42.401 7.931 18.022 0.000000
70015 -43.150 8.058 18.023 0.000000
70016 -43.958 8.149 18.008 0.000000
70017 -44.807 8.370 18.058 0.000000
70018 -46.508 8.535 17.302 0.000000
70019 -47.442 8.524 18.074 0.000000
70020 -48.543 8.679 17.886 0.000000
70021 -49.850 8.779 17.841 0.000000
70022 -51.137 8.864 17.893 0.000000
70023 -51.822 8.355 17.744 0.000000
70025 -42.883 7.674 17.171 0.000000
70026 -43.703 7.857 17.115 0.000000
70027 -45.402 8.396 17.176 0.000000
70028 -45.909 8.779 16.201 0.000000
70029 -47.039 9.166 16.285 0.000000
70030 -49.018 9.028 16.968 0.000000
70031 -50.501 9.337 16.954 0.000000
70032 -51.440 9.064 17.181 0.000000
70033 -51.779 8.800 16.709 0.000000
70036 -42.836 8.077 15.670 0.000000
70037 -43.669 8.369 15.562 0.000000
70038 -45.141 8.738 15.723 0.000000
70039 -46.595 9.349 15.544 0.000000
70040 -47.658 9.550 15.481 0.000000
70041 -48.236 9.382 16.205 0.000000
70042 -49.506 9.559 16.128 0.000000
70046 -42.897 8.362 14.535 0.000000
70047 -43.870 8.605 14.837 0.000000
70048 -44.832 9.032 14.729 0.000000
70049 -45.377 9.137 15.139 0.000000
70050 -46.255 9.478 15.074 0.000000
70051 -42.436 8.270 13.590 0.000000
70052 -43.540 8.522 14.004 0.000000
70053 -44.338 8.805 14.251 0.000000
70054 -50.889 9.541 13.234 0.000000
70055 -51.236 9.369 13.941 0.000000
70057 -40.829 8.284 12.382 0.000000
70058 -41.555 8.157 12.848 0.000000
70059 -42.268 8.466 12.588 0.000000
70060 -43.222 8.555 13.092 0.000000
70061 -44.270 8.857 13.376 0.000000
70062 -50.138 10.005 11.535 0.000000
70063 -50.413 9.832 12.461 0.000000
70067 -39.734 8.593 11.356 0.000000
70068 -40.429 8.629 11.649 0.000000
70069 -41.188 8.952 11.229 0.000000
70070 -42.043 8.803 11.677 0.000000
70071 -42.931 8.834 12.194 0.000000
70072 -49.714 9.939 10.640 0.000000
70073 -49.895 9.995 10.846 0.000000
70074 -50.181 10.074 11.760 0.000000
70080 -49.283 10.019 9.860 0.000000
70081 -49.505 10.126 10.366 0.000000
70087 -48.379 9.704 9.375 0.000000
70088 -48.515 10.139 9.386 0.000000
70093 -47.035 9.262 8.587 0.000000
70094 -47.340 9.993 8.479 0.000000
70095 -48.124 10.021 8.992 0.000000
70099 -46.552 9.676 7.610 0.000000
70100 -46.696 10.088 7.831 0.000000
70105 -44.839 9.397 6.357 0.000000
70106 -45.286 8.955 5.685 0.000000
70110 -44.724 8.740 5.269 0.000000
70111 -44.978 9.172 5.790 0.000000
70596 -49.735 9.819 24.471 0.000000
70602 -49.701 10.059 24.262 0.000000
70605 -49.538 10.017 23.907 0.000000
70606 -49.818 9.248 23.897 0.000000
70609 -45.434 9.816 22.164 0.000000
70610 -46.204 9.698 22.498 0.000000
70611 -46.949 10.049 22.983 0.000000
70622 -44.701 9.261 21.061 0.000000
70623 -44.135 9.832 20.768 0.000000
70624 -44.616 10.007 21.648 0.000000
70632 -41.034 9.276 19.854 0.000000
70634 -41.802 9.533 20.086 0.000000
70635 -42.268 10.131 20.556 0.000000
70636 -42.641 9.492 20.089 0.000000
70637 -42.922 10.033 20.541 0.000000
70638 -43.447 9.477 20.269 0.000000
70639 -43.489 10.427 20.876 0.000000
70645 -51.258 9.374 16.346 0.000000
70648 -47.220 9.638 15.033 0.000000
70649 -50.084 9.956 15.329 0.000000
70650 -50.981 9.677 15.404 0.000000
70651 -51.597 9.156 15.724 0.000000
70656 -45.915 9.391 14.534 0.000000
70657 -46.956 9.578 14.711 0.000000
70658 -47.860 9.773 14.589 0.000000
70659 -48.989 10.062 14.206 0.000000
70660 -50.658 10.108 14.554 0.000000
70664 -45.056 9.300 14.011 0.000000
70665 -46.165 9.417 13.536 0.000000
70666 -48.321 10.002 13.801 0.000000
70667 -49.509 10.272 13.438 0.000000
70668 -50.749 10.043 13.066 0.000000
70671 -43.710 8.935 12.593 0.000000
70672 -45.361 9.230 12.981 0.000000
70673 -47.132 9.867 12.946 0.000000
70674 -48.179 10.104 12.847 0.000000
70675 -49.361 10.287 12.690 0.000000
70678 -43.635 9.285 11.750 0.000000
70679 -45.643 9.676 11.919 0.000000
70680 -47.949 10.191 11.797 0.000000
70681 -49.207 10.370 10.711 0.000000
70686 -43.465 9.442 10.735 0.000000
70687 -46.070 9.952 10.967 0.000000
70688 -47.294 10.472 10.180 0.000000
70689 -48.900 10.382 9.834 0.000000
70692 -44.571 9.823 9.776 0.000000
70693 -45.740 10.376 9.252 0.000000
70694 -46.777 10.457 9.302 0.000000
70695 -47.932 10.413 9.262 0.000000
70698 -46.345 10.471 8.510 0.000000
70699 -46.988 10.274 8.333 0.000000
70700 -47.760 10.195 8.921 0.000000
70703 -44.883 9.885 7.040 0.000000
70704 -45.680 10.091 7.169 0.000000
70705 -46.244 10.346 7.735 0.000000
70706 -46.151 9.912 7.241 0.000000
70711 -45.422 9.520 6.564 0.000000
71195 -49.722 11.024 24.282 0.000000
71199 -49.624 10.766 24.054 0.000000
71203 -47.063 11.097 23.187 0.000000
71214 -44.127 10.519 21.192 0.000000
71215 -43.817 11.243 21.380 0.000000
71224 -42.691 10.689 20.917 0.000000
88844 -44.634 8.635 19.656 0.000000
88893 -48.131 10.465 10.740 0.000000
88947 -44.527 8.704 15.338 0.000000
88982 -51.080 9.993 13.745 0.000000
88998 -50.347 10.157 12.750 0.000000
89007 -49.710 8.569 12.908 0.000000
89065 -47.478 6.545 15.352 0.000000
89093 -41.963 8.009 14.241 0.000000
89138 -43.320 7.924 16.327 0.000000
89143 -44.138 9.850 8.845 0.000000
89299 -42.998 -9.274 24.547 0.000000
89303 -42.553 -0.136 14.579 0.000000
89305 -47.134 5.747 17.953 0.000000
89389 -45.454 8.530 19.614 0.000000
89399 -44.266 8.309 16.174 0.000000
89491 -42.694 -9.630 22.605 0.000000
89565 -47.746 8.758 17.050 0.000000
89567 -44.581 0.300 12.496 0.000000
89614 -44.060 -0.787 13.762 0.000000
89633 -46.498 9.747 12.457 0.000000
89634 -47.139 9.585 13.886 0.000000
89640 -46.513 8.431 18.520 0.000000
89641 -45.671 8.380 18.158 0.000000
90086 -44.736 4.090 8.161 0.000000
90140 -46.916 10.153 11.365 0.000000
90245 -44.540 9.251 12.324 0.000000
90282 -50.272 10.325 13.717 0.000000
90390 -45.567 5.058 24.862 0.000000
90483 -49.703 -1.776 17.667 0.000000
90510 -44.526 8.187 17.138 0.000000
91060 -47.947 -0.135 13.271 0.000000
91073 -43.353 9.337 8.925 0.000000
91142 -49.333 10.364 11.647 0.000000
91349 -49.851 -2.270 18.696 0.000000
91429 -42.341 1.328 21.398 0.000000
91483 -50.763 6.718 19.726 0.000000
91623 -46.568 5.622 21.049 0.000000
91635 -46.321 -9.083 23.479 0.000000
91669 -49.845 8.615 23.790 0.000000
91971 -44.506 2.888 9.468 0.000000
92161 -46.777 -6.349 20.451 0.000000
92405 -44.797 9.578 11.106 0.000000
92448 -46.565 8.459 20.500 0.000000
92590 -48.669 -2.449 16.303 0.000000
93079 -47.595 8.291 20.680 0.000000
93189 -41.701 2.113 20.047 0.000000
93234 -44.658 4.718 15.978 0.000000
93283 -45.832 9.334 6.731 0.000000
93531 -39.593 -2.343 18.611 0.000000
93720 -45.893 5.821 24.989 0.000000
93744 -49.576 10.139 14.652 0.000000
93823 -41.773 -9.627 22.730 0.000000
94010 -47.976 2.470 5.293 0.000000
94138 -51.451 8.155 18.616 0.000000
94235 -42.856 3.234 17.880 0.000000
94293 -44.719 5.636 13.604 0.000000
94346 -39.021 -2.131 22.513 0.000000
94481 -44.873 6.579 10.167 0.000000
94504 -43.141 2.426 22.746 0.000000
94728 -48.671 3.671 8.070 0.000000
94746 -44.377 4.097 20.827 0.000000
94987 -51.176 4.149 8.674 0.000000
95120 -45.416 4.581 18.632 0.000000
95121 -48.012 9.433 23.128 0.000000
95390 -49.809 8.131 23.815 0.000000
95520 -47.737 -7.013 22.250 0.000000
95588 -46.448 6.153 25.627 0.000000
95660 -45.803 -8.728 22.002 0.000000
95678 -44.624 -3.371 16.103 0.000000
95735 -39.011 -0.642 23.396 0.000000
95820 -43.441 8.361 18.852 0.000000
95878 -46.380 -8.199 21.759 0.000000
96027 -39.067 -1.883 20.079 0.000000
96048 -43.569 -7.153 19.416 0.000000
96086 -49.406 6.288 19.553 0.000000
96181 -49.005 3.586 5.439 0.000000
96635 -45.110 10.573 22.176 0.000000
96646 -49.666 6.864 21.562 0.000000
96666 -43.759 3.341 20.148 0.000000
96754 -43.272 4.051 13.962 0.000000
96812 -45.173 10.163 7.900 0.000000
96866 -44.932 6.177 4.133 0.000000
96918 -46.911 3.999 6.737 0.000000
96967 -47.821 9.756 8.922 0.000000
97016 -44.075 5.382 10.386 0.000000
97151 -44.962 4.408 22.206 0.000000
97234 -43.143 8.376 15.145 0.000000
97473 -41.352 0.227 15.735 0.000000
97677 -45.241 2.886 4.536 0.000000
97682 -46.327 -5.182 18.656 0.000000
97728 -43.314 1.448 24.622 0.000000
97775 -44.320 3.887 18.819 0.000000
97791 -44.146 9.566 8.054 0.000000
98350 -41.812 2.438 16.546 0.000000
98457 -49.844 8.051 23.165 0.000000
98680 -45.201 9.410 21.627 0.000000
98723 -53.225 3.812 8.074 0.000000
98737 -45.273 10.314 8.692 0.000000
98915 -48.517 8.407 19.335 0.000000
99016 -45.865 -8.894 27.509 0.000000
99019 -44.486 3.435 25.005 0.000000
99200 -39.981 0.284 18.515 0.000000
99220 -38.987 -1.215 23.014 0.000000
99221 -49.593 6.333 18.099 0.000000
99289 -51.336 9.479 14.678 0.000000
99297 -48.626 8.167 20.752 0.000000
99338 -45.128 6.822 11.523 0.000000
99420 -43.359 3.327 26.359 0.000000
99661 -45.852 10.173 10.111 0.000000
100059 -44.059 4.801 4.311 0.000000
100185 -40.183 7.358 15.809 0.000000
100331 -51.032 2.876 5.547 0.000000
100450 -52.474 3.697 9.661 0.000000
100509 -47.049 -7.610 21.952 0.000000
100685 -45.463 7.630 8.239 0.000000
101125 -43.029 1.114 24.402 0.000000
101843 -47.236 10.361 8.811 0.000000
102025 -45.541 4.861 21.793 0.000000
102156 -40.501 7.475 15.153 0.000000
102286 -41.288 7.593 15.592 0.000000
102412 -47.672 6.383 22.847 0.000000
102444 -47.394 -6.993 21.852 0.000000
102525 -45.030 8.468 16.424 0.000000
102539 -45.828 9.111 15.469 0.000000
102546 -46.274 5.945 26.473 0.000000
102566 -44.551 3.186 26.215 0.000000
102659 -46.945 5.968 22.391 0.000000
102671 -48.654 7.969 13.312 0.000000
102735 -39.278 -1.834 19.287 0.000000
102983 -45.837 8.538 20.159 0.000000
103162 -48.874 9.721 15.382 0.000000
103352 -46.085 8.953 7.021 0.000000
103386 -47.257 -5.399 19.835 0.000000
103430 -50.616 8.500 18.575 0.000000
103610 -43.206 0.699 12.934 0.000000
103683 -44.477 5.705 4.222 0.000000
103727 -39.975 -1.804 18.079 0.000000
103786 -47.422 5.750 20.023 0.000000
103829 -50.528 9.659 16.014 0.000000
104179 -43.529 7.994 5.549 0.000000
104605 -44.605 4.909 4.207 0.000000
104776 -44.164 3.255 10.068 0.000000
104840 -45.904 5.000 18.397 0.000000
105012 -45.806 8.607 20.734 0.000000
105287 -38.175 0.492 23.969 0.000000
105289 -45.347 -9.266 26.812 0.000000
105329 -48.742 9.978 23.532 0.000000
105797 -49.729 8.162 22.740 0.000000
105826 -43.626 4.865 12.451 0.000000
105852 -45.274 -8.723 21.608 0.000000
105857 -48.334 9.807 14.858 0.000000
105911 -44.968 4.413 19.785 0.000000
105941 -47.537 9.699 14.379 0.000000
105971 -45.359 -3.255 15.757 0.000000
105976 -51.594 7.158 17.763 0.000000
106563 -42.458 1.109 21.761 0.000000
106609 -48.180 6.718 23.092 0.000000
106621 -47.784 8.842 22.444 0.000000
106828 -50.966 3.796 9.317 0.000000
107121 -44.856 4.264 18.840 0.000000
107138 -51.097 6.639 19.180 0.000000
107245 -41.578 7.936 13.507 0.000000
107258 -50.046 4.442 6.181 0.000000
107319 -47.924 -4.527 19.160 0.000000
107442 -40.007 0.254 20.163 0.000000
107446 -47.180 -3.874 17.202 0.000000
107470 -49.216 9.557 10.517 0.000000
107471 -45.188 5.933 6.487 0.000000
107481 -46.436 8.418 8.787 0.000000
107605 -44.941 3.792 25.486 0.000000
107661 -45.712 8.289 7.677 0.000000
108063 -43.486 -0.612 14.013 0.000000
108236 -45.812 10.466 8.136 0.000000
108237 -49.777 7.614 22.701 0.000000
108250 -51.657 2.373 5.732 0.000000
108449 -45.464 -6.843 19.793 0.000000
108970 -48.079 6.690 15.743 0.000000
