#!ascii label  , from subject OAS1_0001-3 vox2ras=TkReg 
2356
49112 -50.958 -21.107 27.985 0.100000
49797 -50.849 -20.446 28.929 0.100000
49798 -51.193 -20.168 28.570 0.100000
49802 -51.008 -20.516 28.683 0.100000
49803 -51.336 -20.267 28.216 0.100000
49805 -51.119 -20.431 27.611 0.100000
49806 -51.495 -19.649 27.617 0.100000
49811 -50.436 -19.662 26.576 0.100000
49812 -50.957 -19.755 27.015 0.100000
49822 -49.679 -19.948 26.479 0.100000
50543 -50.444 -20.266 29.613 0.100000
50546 -49.798 -19.653 29.486 0.100000
50547 -50.674 -19.650 29.030 0.100000
50548 -50.969 -19.951 29.082 0.100000
50553 -49.787 -18.864 28.850 0.100000
50554 -50.860 -19.061 28.723 0.100000
50555 -51.328 -19.592 28.528 0.100000
50556 -51.558 -19.541 28.135 0.100000
50558 -51.641 -18.814 27.199 0.100000
50559 -51.701 -19.040 27.772 0.100000
50560 -51.850 -18.264 27.546 0.100000
50562 -50.814 -19.157 26.432 0.100000
50563 -51.260 -18.539 26.434 0.100000
50570 -50.117 -19.093 26.190 0.100000
50571 -50.613 -18.443 26.004 0.100000
50581 -49.776 -18.294 25.643 0.100000
51325 -49.479 -17.981 28.318 0.100000
51326 -50.673 -18.304 28.502 0.100000
51327 -51.558 -17.959 28.253 0.100000
51328 -51.760 -18.600 27.896 0.100000
51329 -51.883 -17.865 27.947 0.100000
51330 -51.976 -17.819 27.777 0.100000
51332 -52.281 -17.519 27.444 0.100000
51337 -51.451 -17.775 26.148 0.100000
51338 -51.977 -17.938 26.810 0.100000
51345 -50.267 -17.854 25.602 0.100000
51346 -50.862 -17.766 25.824 0.100000
51353 -49.736 -17.417 25.252 0.100000
52089 -49.448 -16.973 28.081 0.100000
52090 -50.466 -17.372 28.343 0.100000
52091 -51.440 -16.922 28.431 0.100000
52092 -52.115 -17.123 28.212 0.100000
52093 -52.341 -17.240 27.892 0.100000
52095 -52.825 -16.846 27.481 0.100000
52099 -52.122 -17.158 26.360 0.100000
52100 -52.808 -16.686 26.676 0.100000
52105 -51.364 -16.920 25.741 0.100000
52106 -52.374 -16.417 26.011 0.100000
52110 -50.421 -17.171 25.395 0.100000
52884 -48.615 -15.555 27.866 0.100000
52885 -51.144 -15.143 28.713 0.100000
52886 -51.993 -15.405 28.619 0.100000
52887 -52.666 -15.722 28.340 0.100000
52888 -52.627 -16.572 28.115 0.100000
52899 -53.119 -16.274 27.095 0.100000
52908 -53.073 -16.000 26.453 0.100000
52910 -51.598 -15.981 25.460 0.100000
52911 -52.568 -15.675 25.835 0.100000
52913 -50.543 -16.196 25.086 0.100000
53660 -49.375 -14.882 28.315 0.100000
53661 -51.810 -14.662 28.804 0.100000
53662 -52.525 -14.900 28.496 0.100000
53663 -53.112 -15.179 27.982 0.100000
53677 -53.247 -15.560 27.178 0.100000
53682 -53.108 -15.194 26.468 0.100000
53684 -52.454 -14.864 25.874 0.100000
53687 -51.635 -15.270 25.378 0.100000
54425 -48.400 -14.572 27.996 0.100000
54426 -47.394 -14.254 27.829 0.100000
54427 -48.134 -13.635 28.283 0.100000
54428 -49.337 -13.882 28.584 0.100000
54429 -50.651 -13.705 29.019 0.100000
54430 -51.595 -14.083 29.009 0.100000
54431 -52.301 -14.302 28.687 0.100000
54432 -53.008 -14.356 28.098 0.100000
54451 -53.131 -14.063 27.319 0.100000
54453 -52.991 -14.321 26.571 0.100000
54456 -52.214 -14.151 25.888 0.100000
54459 -51.526 -14.571 25.362 0.100000
55146 -48.740 -13.043 28.758 0.100000
55147 -49.159 -12.496 29.279 0.100000
55148 -49.761 -13.031 28.906 0.100000
55149 -49.993 -12.227 28.917 0.100000
55165 -45.362 -12.683 28.266 0.100000
55167 -46.518 -13.918 27.787 0.100000
55168 -47.744 -12.878 28.596 0.100000
55169 -51.111 -13.224 28.958 0.100000
55170 -52.868 -13.821 27.760 0.100000
55177 -52.734 -13.641 26.961 0.100000
55179 -52.537 -13.855 26.415 0.100000
55866 -43.479 -11.265 29.055 0.100000
55867 -43.842 -11.769 28.818 0.100000
55868 -44.176 -11.282 29.366 0.100000
55869 -44.848 -11.777 28.864 0.100000
55870 -44.756 -10.922 29.847 0.100000
55871 -46.082 -12.234 28.875 0.100000
55872 -46.538 -11.662 29.598 0.100000
55873 -47.194 -12.288 29.068 0.100000
55874 -47.614 -11.890 29.827 0.100000
55875 -48.188 -12.448 29.227 0.100000
55876 -48.624 -12.003 29.948 0.100000
55877 -49.393 -11.880 29.788 0.100000
55878 -50.373 -11.553 29.200 0.100000
55888 -51.398 -12.289 28.448 0.100000
55889 -51.918 -12.722 27.783 0.100000
55893 -52.469 -13.318 27.365 0.100000
55894 -51.903 -12.091 27.183 0.100000
56552 -44.443 -10.442 30.084 0.100000
56553 -45.270 -10.379 30.444 0.100000
56554 -45.877 -10.991 30.103 0.100000
56555 -46.442 -10.365 30.727 0.100000
56556 -47.023 -11.194 30.296 0.100000
56557 -48.099 -11.377 30.435 0.100000
56558 -48.604 -10.786 30.916 0.100000
56559 -49.072 -11.430 30.427 0.100000
56560 -49.448 -10.704 30.728 0.100000
56561 -49.899 -11.339 30.013 0.100000
56562 -50.022 -10.521 30.462 0.100000
56563 -50.408 -10.769 29.930 0.100000
56568 -43.095 -10.640 28.928 0.100000
56569 -43.573 -10.842 29.356 0.100000
56570 -43.982 -10.894 29.649 0.100000
56571 -50.843 -11.013 29.193 0.100000
56584 -51.435 -11.710 27.939 0.100000
56589 -51.589 -11.380 27.027 0.100000
57216 -47.251 -10.019 31.165 0.100000
57217 -46.556 -9.418 31.140 0.100000
57218 -47.653 -9.411 31.287 0.100000
57219 -48.140 -10.113 31.263 0.100000
57220 -48.601 -9.406 31.396 0.100000
57221 -49.079 -10.145 31.292 0.100000
57222 -49.425 -9.349 31.354 0.100000
57226 -44.283 -9.912 30.043 0.100000
57227 -44.932 -9.864 30.545 0.100000
57228 -45.696 -9.819 30.804 0.100000
57229 -49.830 -10.017 31.021 0.100000
57230 -50.361 -9.886 30.517 0.100000
57235 -43.413 -9.855 29.055 0.100000
57236 -43.707 -10.295 29.514 0.100000
57237 -43.970 -10.536 29.749 0.100000
57238 -50.785 -10.135 29.698 0.100000
57251 -51.095 -9.292 29.278 0.100000
57252 -51.196 -10.828 27.853 0.100000
57876 -46.470 -8.508 30.921 0.100000
57877 -47.298 -8.727 31.131 0.100000
57878 -48.214 -8.723 31.275 0.100000
57879 -49.028 -8.561 31.539 0.100000
57880 -50.063 -9.231 31.047 0.100000
57881 -49.711 -8.614 31.421 0.100000
57884 -44.878 -9.274 30.281 0.100000
57885 -45.165 -8.471 30.038 0.100000
57886 -45.589 -9.049 30.691 0.100000
57887 -50.422 -9.097 30.677 0.100000
57892 -43.954 -9.460 29.284 0.100000
57893 -44.733 -9.003 29.457 0.100000
57894 -50.716 -8.505 30.231 0.100000
57904 -43.631 -9.176 28.450 0.100000
57905 -44.378 -8.888 28.556 0.100000
57906 -51.354 -8.642 28.315 0.100000
57915 -43.126 -9.039 27.563 0.100000
57922 -44.185 -9.417 25.001 0.100000
57923 -43.576 -9.374 25.117 0.100000
57924 -43.770 -9.170 25.697 0.100000
57925 -44.468 -9.213 25.625 0.100000
57929 -37.369 -9.293 23.450 0.100000
57933 -39.444 -9.396 23.876 0.100000
57935 -41.186 -9.156 24.368 0.100000
57936 -41.841 -8.818 25.075 0.100000
57937 -42.114 -9.131 24.404 0.100000
57938 -42.522 -9.006 25.130 0.100000
57939 -43.796 -9.491 24.288 0.100000
57940 -44.557 -9.461 24.061 0.100000
57941 -44.957 -9.254 24.807 0.100000
57942 -45.402 -9.370 23.822 0.100000
57947 -37.220 -9.215 22.733 0.200000
57948 -36.623 -8.706 22.662 0.200000
57949 -36.764 -9.079 23.207 0.200000
57950 -37.937 -9.518 22.876 0.100000
57951 -38.852 -9.585 22.987 0.100000
57952 -39.787 -9.694 22.983 0.100000
57953 -40.778 -9.649 22.972 0.100000
57954 -42.422 -9.372 23.542 0.100000
57955 -43.276 -9.462 23.448 0.100000
57956 -44.090 -9.535 23.270 0.100000
57957 -44.879 -9.420 23.086 0.100000
57961 -37.177 -8.736 22.102 0.200000
57962 -37.756 -9.238 22.132 0.100000
57963 -39.290 -9.635 22.163 0.100000
57964 -40.147 -9.762 22.117 0.100000
57965 -41.058 -9.736 21.984 0.100000
57966 -42.078 -9.615 21.756 0.100000
57967 -43.543 -9.583 22.485 0.100000
57968 -44.358 -9.402 22.330 0.100000
57969 -45.123 -9.145 22.211 0.100000
57972 -37.774 -8.697 21.527 0.200000
57973 -38.915 -9.333 21.430 0.100000
57974 -40.435 -9.500 21.344 0.100000
57975 -39.523 -8.980 20.724 0.100000
57976 -41.271 -9.378 21.143 0.100000
57977 -42.023 -9.229 20.966 0.100000
57978 -42.768 -9.298 21.164 0.100000
57979 -43.705 -9.282 21.527 0.100000
57982 -40.530 -8.949 20.622 0.100000
57983 -41.500 -8.757 20.548 0.100000
58592 -47.255 -8.217 30.816 0.100000
58593 -47.910 -7.702 30.633 0.100000
58594 -48.503 -7.451 31.284 0.100000
58595 -49.140 -7.729 31.623 0.100000
58596 -49.777 -7.953 31.549 0.100000
58597 -50.295 -8.408 31.129 0.100000
58601 -45.844 -8.075 30.377 0.100000
58602 -46.835 -7.955 30.466 0.100000
58603 -50.578 -7.777 30.868 0.100000
58610 -45.627 -8.111 29.486 0.100000
58611 -46.457 -7.691 29.825 0.100000
58612 -51.156 -8.047 29.292 0.100000
58613 -50.859 -7.438 30.112 0.100000
58620 -43.872 -8.763 27.799 0.100000
58621 -44.590 -8.833 28.056 0.100000
58622 -45.476 -8.797 28.180 0.100000
58623 -45.839 -8.381 28.792 0.100000
58624 -46.411 -8.250 28.269 0.100000
58625 -51.640 -7.481 28.446 0.100000
58630 -44.075 -9.050 27.172 0.100000
58631 -44.976 -9.293 27.473 0.100000
58632 -46.225 -8.703 26.706 0.100000
58640 -42.913 -8.602 26.140 0.100000
58641 -43.997 -9.129 26.282 0.100000
58642 -44.826 -9.105 26.143 0.100000
58643 -45.662 -8.860 26.061 0.100000
58644 -46.577 -8.608 25.872 0.100000
58645 -47.255 -8.142 26.528 0.100000
58646 -47.542 -8.276 25.518 0.100000
58655 -42.401 -8.635 25.669 0.100000
58656 -43.111 -8.939 25.578 0.100000
58657 -45.259 -9.084 25.467 0.100000
58658 -46.072 -8.991 25.408 0.100000
58659 -46.865 -8.748 24.989 0.100000
58660 -47.732 -8.239 24.520 0.100000
58665 -35.184 -8.027 24.300 0.100000
58667 -46.023 -9.235 24.594 0.100000
58668 -47.010 -8.709 24.040 0.100000
58669 -47.751 -8.025 23.536 0.100000
58673 -36.155 -8.673 23.296 0.100000
58674 -35.469 -8.064 23.456 0.200000
58675 -45.696 -9.176 22.806 0.100000
58676 -46.578 -8.520 22.498 0.100000
58677 -47.075 -8.480 23.200 0.100000
58680 -35.919 -7.987 22.548 0.200000
58681 -36.641 -8.222 22.112 0.200000
58682 -44.628 -8.985 21.546 0.100000
58683 -45.791 -8.228 21.219 0.100000
58684 -46.526 -7.627 21.278 0.100000
58687 -37.206 -7.953 21.518 0.200000
58688 -37.905 -8.118 21.075 0.200000
58689 -38.515 -8.673 20.964 0.200000
58690 -38.386 -7.757 20.632 0.200000
58691 -42.364 -8.707 20.512 0.100000
58692 -43.260 -8.727 20.621 0.100000
58693 -44.156 -8.625 20.841 0.100000
58694 -44.985 -8.492 20.952 0.100000
58695 -45.266 -7.857 20.571 0.100000
58698 -39.158 -8.109 20.385 0.200000
58699 -40.008 -8.290 20.075 0.100000
58700 -40.943 -8.152 20.117 0.100000
58701 -41.840 -8.142 20.016 0.100000
58702 -42.772 -8.088 19.902 0.100000
58703 -43.702 -8.139 20.129 0.100000
58704 -44.506 -8.022 20.383 0.100000
59304 -48.374 -6.918 31.113 0.100000
59305 -49.070 -6.915 31.546 0.100000
59306 -49.881 -6.738 31.423 0.100000
59311 -47.388 -7.557 30.076 0.100000
59312 -47.887 -7.087 29.790 0.100000
59313 -50.550 -6.944 30.929 0.100000
59317 -46.391 -7.837 29.075 0.100000
59318 -47.106 -7.364 29.403 0.100000
59319 -47.665 -6.784 29.093 0.100000
59320 -50.914 -6.306 30.079 0.100000
59321 -51.405 -6.941 29.323 0.100000
59329 -47.095 -7.425 28.736 0.100000
59330 -47.809 -6.827 28.373 0.100000
59335 -46.760 -8.227 27.419 0.100000
59336 -47.267 -7.586 27.976 0.100000
59337 -48.064 -6.925 27.480 0.100000
59340 -34.005 -7.364 25.955 0.100000
59341 -33.653 -6.965 26.184 0.100000
59342 -34.327 -7.208 26.501 0.100000
59343 -34.699 -7.677 26.046 0.100000
59344 -35.304 -7.276 26.663 0.100000
59345 -35.732 -7.739 26.125 0.100000
59351 -34.226 -7.444 25.351 0.100000
59352 -33.597 -6.899 25.581 0.100000
59354 -48.422 -7.655 24.995 0.100000
59355 -48.897 -6.751 24.479 0.100000
59360 -33.908 -6.713 24.689 0.100000
59361 -34.525 -7.465 24.519 0.100000
59362 -48.346 -7.399 24.011 0.100000
59363 -48.774 -6.673 23.671 0.100000
59366 -34.821 -6.609 23.470 0.200000
59367 -35.311 -7.223 23.002 0.200000
59368 -47.480 -7.832 22.687 0.100000
59369 -48.321 -7.079 23.023 0.100000
59372 -35.818 -6.908 22.286 0.200000
59373 -36.475 -7.445 21.876 0.200000
59374 -47.693 -6.433 21.717 0.100000
59377 -37.107 -6.975 21.355 0.200000
59378 -37.754 -7.366 20.963 0.200000
59379 -45.987 -7.502 20.645 0.100000
59380 -46.637 -6.966 20.796 0.100000
59381 -47.086 -6.983 21.455 0.100000
59385 -38.227 -6.904 20.435 0.200000
59386 -38.905 -7.262 20.188 0.200000
59387 -40.408 -7.527 19.636 0.100000
59388 -39.892 -6.823 19.423 0.100000
59389 -41.330 -7.552 19.587 0.100000
59390 -42.110 -7.650 19.567 0.100000
59391 -43.390 -7.645 19.675 0.100000
59392 -44.149 -7.470 19.768 0.100000
59393 -44.829 -7.512 20.091 0.100000
59394 -45.411 -7.257 20.131 0.100000
59397 -40.821 -6.754 19.114 0.100000
59398 -41.845 -7.113 19.075 0.100000
59399 -42.792 -7.296 19.319 0.100000
59400 -44.132 -6.747 19.318 0.100000
59401 -44.910 -6.981 19.608 0.100000
60074 -48.958 -6.472 31.077 0.100000
60075 -49.645 -6.221 30.965 0.100000
60080 -48.482 -6.720 30.425 0.100000
60081 -49.264 -6.057 30.160 0.100000
60082 -50.026 -5.523 30.352 0.100000
60083 -50.247 -6.177 30.724 0.100000
60084 -50.501 -5.586 30.100 0.100000
60090 -48.454 -6.434 29.532 0.100000
60091 -49.143 -5.582 29.207 0.100000
60092 -51.025 -5.312 29.590 0.100000
60100 -48.420 -6.182 28.732 0.100000
60101 -49.172 -5.335 28.354 0.100000
60104 -33.803 -6.671 26.822 0.100000
60105 -34.228 -6.324 27.625 0.100000
60106 -34.814 -6.817 27.167 0.100000
60107 -35.361 -6.218 27.727 0.100000
60111 -48.852 -5.956 27.158 0.100000
60114 -33.105 -6.270 26.129 0.100000
60115 -49.253 -6.069 26.130 0.100000
60116 -49.485 -5.227 26.700 0.100000
60121 -33.342 -6.119 25.235 0.100000
60122 -49.279 -5.795 25.012 0.100000
60123 -49.589 -5.248 25.821 0.100000
60126 -33.785 -5.654 24.556 0.100000
60127 -34.292 -6.142 23.976 0.200000
60128 -49.097 -5.979 23.955 0.100000
60131 -34.858 -5.664 23.378 0.200000
60132 -35.343 -6.246 22.817 0.200000
60133 -48.741 -6.092 23.160 0.100000
60136 -35.977 -5.905 22.206 0.200000
60137 -36.505 -6.491 21.753 0.200000
60138 -48.327 -6.177 22.395 0.100000
60139 -48.613 -5.491 22.210 0.100000
60142 -37.172 -6.098 21.299 0.200000
60143 -37.698 -6.507 20.873 0.200000
60144 -47.219 -6.372 21.041 0.100000
60145 -47.752 -5.875 21.220 0.100000
60146 -48.218 -5.710 21.738 0.100000
60149 -38.165 -6.039 20.328 0.200000
60150 -38.727 -6.456 19.942 0.200000
60151 -38.714 -5.518 19.769 0.200000
60152 -46.047 -6.728 20.151 0.100000
60153 -46.539 -5.923 19.814 0.100000
60156 -39.295 -6.189 19.473 0.200000
60157 -39.988 -6.026 19.023 0.100000
60158 -41.613 -6.296 18.670 0.100000
60159 -40.782 -5.781 18.671 0.100000
60160 -42.502 -6.599 18.753 0.100000
60161 -43.378 -6.671 18.980 0.100000
60162 -44.750 -6.407 19.159 0.100000
60163 -45.545 -6.356 19.446 0.100000
60167 -41.538 -5.476 18.389 0.100000
60168 -42.281 -5.830 18.379 0.100000
60169 -43.131 -6.021 18.455 0.100000
60170 -44.108 -6.083 18.714 0.100000
60767 -30.745 -4.657 40.175 0.100000
60788 -32.641 -4.652 38.149 0.100000
60789 -32.415 -5.161 37.404 0.100000
60790 -33.398 -4.754 38.002 0.100000
60791 -33.764 -5.332 37.220 0.100000
60792 -34.795 -4.864 37.763 0.100000
60793 -34.688 -5.296 36.844 0.100000
60808 -33.174 -5.592 36.555 0.100000
60809 -34.059 -5.588 36.372 0.100000
60810 -34.742 -5.402 35.636 0.100000
60811 -35.601 -5.349 36.082 0.100000
60812 -35.588 -5.081 37.013 0.100000
60813 -36.430 -5.095 36.390 0.100000
60820 -35.542 -5.144 35.328 0.100000
60821 -36.310 -5.061 35.580 0.100000
60828 -33.653 -5.079 33.968 0.100000
60829 -34.280 -5.335 34.689 0.100000
60830 -35.097 -4.902 34.695 0.100000
60859 -49.824 -5.047 29.618 0.100000
60860 -50.418 -4.967 29.641 0.100000
60861 -50.933 -4.469 29.102 0.100000
60867 -32.806 -5.464 27.751 0.100000
60868 -32.407 -4.753 28.164 0.100000
60869 -33.101 -5.141 28.602 0.100000
60870 -33.605 -5.791 28.128 0.100000
60871 -34.027 -5.270 28.810 0.100000
60872 -34.690 -5.751 28.251 0.100000
60873 -35.132 -5.032 28.787 0.100000
60878 -49.719 -4.538 28.998 0.100000
60879 -49.860 -4.414 28.241 0.100000
60882 -33.283 -6.087 27.225 0.100000
60883 -32.313 -4.896 27.230 0.100000
60884 -49.383 -5.142 27.572 0.100000
60885 -49.988 -4.492 27.246 0.100000
60889 -32.729 -5.381 25.882 0.100000
60890 -32.376 -4.761 26.319 0.100000
60891 -50.033 -4.565 26.269 0.100000
60894 -32.734 -4.488 25.571 0.100000
60895 -33.205 -5.171 25.152 0.100000
60896 -49.849 -4.603 25.124 0.100000
60899 -33.842 -4.631 24.531 0.200000
60900 -34.332 -5.150 23.941 0.200000
60901 -49.387 -5.257 24.271 0.100000
60902 -49.646 -4.694 24.007 0.100000
60905 -34.878 -4.657 23.379 0.200000
60906 -35.480 -5.144 22.711 0.200000
60907 -49.182 -5.332 23.364 0.100000
60908 -49.572 -4.739 23.170 0.100000
60910 -36.316 -5.009 22.191 0.300000
60911 -36.704 -5.597 21.721 0.300000
60912 -49.084 -4.878 22.380 0.100000
60916 -37.315 -5.384 21.353 0.300000
60917 -37.712 -5.682 20.895 0.200000
60918 -48.197 -5.206 21.037 0.100000
60921 -38.182 -5.194 20.471 0.200000
60922 -47.402 -5.742 20.505 0.100000
60923 -47.885 -5.047 20.190 0.100000
60926 -39.149 -4.786 19.352 0.200000
60927 -39.407 -5.494 19.242 0.200000
60928 -45.086 -5.866 18.826 0.100000
60929 -45.992 -5.681 19.024 0.100000
60930 -46.779 -5.298 19.264 0.100000
60931 -47.561 -4.941 19.487 0.100000
60934 -39.959 -4.987 18.643 0.200000
60935 -42.103 -5.158 18.174 0.100000
60936 -42.805 -5.284 18.092 0.100000
60937 -43.680 -5.397 18.132 0.100000
60938 -44.598 -5.361 18.273 0.100000
60939 -45.556 -5.270 18.417 0.100000
61520 -31.625 -4.112 39.823 0.100000
61530 -31.758 -4.149 39.546 0.100000
61542 -31.605 -4.284 38.972 0.100000
61543 -32.213 -4.131 39.315 0.100000
61544 -32.898 -4.285 38.857 0.100000
61564 -36.488 -4.762 37.298 0.100000
61585 -35.966 -4.711 34.747 0.100000
61593 -34.598 -4.656 33.964 0.100000
61594 -35.516 -4.271 33.933 0.100000
61595 -36.434 -4.104 34.150 0.100000
61596 -37.323 -3.873 34.343 0.100000
61602 -31.424 -4.194 32.828 0.100000
61603 -30.653 -3.717 32.702 0.100000
61604 -32.264 -4.575 33.163 0.100000
61605 -33.165 -4.634 33.359 0.100000
61606 -34.038 -4.178 33.297 0.100000
61607 -34.885 -4.024 33.450 0.100000
61608 -35.459 -3.601 33.258 0.100000
61609 -36.818 -3.495 33.588 0.100000
61614 -31.448 -3.558 32.540 0.100000
61615 -32.171 -3.806 32.625 0.100000
61616 -33.121 -4.034 32.806 0.100000
61637 -32.732 -4.228 29.041 0.100000
61638 -33.531 -4.722 29.153 0.100000
61639 -33.648 -3.960 29.513 0.100000
61640 -34.381 -4.553 29.311 0.100000
61641 -34.660 -3.652 29.618 0.100000
61642 -35.569 -4.210 29.333 0.100000
61643 -36.371 -3.465 29.604 0.100000
61644 -36.764 -4.253 29.284 0.100000
61648 -32.022 -3.891 28.272 0.100000
61649 -50.338 -4.185 28.722 0.100000
61650 -51.071 -4.217 28.373 0.100000
61652 -31.967 -4.196 26.759 0.100000
61655 -32.200 -3.938 25.969 0.100000
61661 -32.805 -3.548 25.418 0.200000
61662 -33.330 -4.092 25.010 0.200000
61667 -33.935 -3.642 24.534 0.200000
61668 -34.376 -4.154 23.965 0.200000
61669 -50.233 -3.897 24.449 0.100000
61670 -50.627 -3.239 23.914 0.100000
61673 -34.944 -3.695 23.500 0.200000
61674 -35.452 -4.151 22.962 0.200000
61679 -36.168 -3.702 22.683 0.200000
61680 -37.180 -4.712 21.739 0.300000
61681 -36.697 -4.179 22.277 0.300000
61682 -37.564 -3.861 22.066 0.300000
61683 -49.629 -4.045 21.815 0.100000
61684 -50.327 -3.414 22.246 0.100000
61688 -37.768 -4.913 21.130 0.300000
61689 -37.965 -4.161 21.513 0.300000
61690 -38.275 -4.411 20.818 0.400000
61691 -48.938 -4.525 21.290 0.100000
61692 -49.549 -3.792 20.957 0.100000
61695 -38.553 -4.607 19.996 0.200000
61696 -48.245 -4.516 19.771 0.100000
61697 -48.827 -3.982 19.960 0.100000
61698 -49.074 -4.093 20.565 0.100000
61701 -38.931 -3.975 19.568 0.200000
61702 -39.389 -4.192 18.926 0.200000
61703 -47.099 -4.766 18.728 0.100000
61704 -47.904 -4.159 18.548 0.100000
61705 -48.674 -3.655 18.790 0.100000
61708 -39.932 -3.892 18.475 0.100000
61709 -40.725 -4.332 18.254 0.100000
61710 -42.324 -4.517 17.841 0.100000
61711 -41.488 -3.992 17.874 0.100000
61712 -43.272 -4.727 17.648 0.100000
61713 -44.150 -4.858 17.606 0.100000
61714 -45.097 -4.779 17.795 0.100000
61715 -46.190 -4.740 17.997 0.100000
61716 -47.053 -4.406 18.045 0.100000
61717 -47.483 -3.965 17.734 0.100000
61718 -48.318 -3.533 18.128 0.100000
61719 -53.162 -3.551 18.374 0.100000
61721 -42.146 -3.764 17.585 0.100000
61722 -42.884 -4.019 17.345 0.100000
61723 -43.725 -4.285 17.098 0.100000
61724 -44.605 -4.400 17.061 0.100000
61725 -45.552 -4.379 17.192 0.100000
61726 -46.587 -4.191 17.320 0.100000
61728 -52.676 -3.656 17.590 0.100000
61755 -51.997 -3.683 12.476 0.100000
61756 -52.817 -4.080 11.746 0.100000
61765 -53.452 -3.463 11.104 0.100000
61766 -53.667 -3.771 10.384 0.100000
62237 -32.064 -3.807 40.231 0.100000
62238 -32.640 -3.563 40.361 0.100000
62253 -32.222 -3.835 39.826 0.100000
62254 -32.900 -3.604 39.883 0.100000
62292 -37.713 -3.285 33.733 0.100000
62298 -29.632 -3.483 32.947 0.100000
62299 -34.755 -3.519 32.950 0.100000
62300 -35.382 -3.140 32.776 0.100000
62301 -36.202 -3.130 32.978 0.100000
62302 -37.186 -2.849 33.057 0.100000
62303 -38.108 -2.663 33.163 0.100000
62312 -30.318 -2.838 32.513 0.100000
62313 -31.141 -2.970 32.354 0.100000
62314 -31.985 -3.082 32.282 0.100000
62315 -32.934 -3.229 32.385 0.100000
62316 -34.736 -2.757 32.392 0.100000
62317 -35.729 -2.519 32.467 0.100000
62332 -32.150 -3.226 29.019 0.100000
62333 -32.974 -3.220 29.428 0.100000
62334 -33.959 -2.770 29.604 0.100000
62335 -35.000 -2.592 29.770 0.100000
62336 -36.026 -2.430 29.878 0.100000
62339 -31.505 -2.934 28.179 0.100000
62341 -31.683 -3.621 27.349 0.100000
62344 -31.781 -3.381 26.475 0.200000
62345 -32.260 -3.035 25.798 0.200000
62349 -32.862 -2.643 25.322 0.200000
62350 -33.424 -3.129 24.956 0.200000
62353 -34.055 -2.695 24.551 0.100000
62354 -34.494 -3.203 24.057 0.200000
62360 -35.134 -2.750 23.655 0.200000
62361 -35.661 -3.261 23.200 0.200000
62362 -36.448 -2.906 22.924 0.200000
62368 -37.024 -3.408 22.498 0.300000
62369 -38.420 -3.451 21.909 0.400000
62370 -37.987 -3.129 22.367 0.400000
62371 -38.982 -2.751 22.238 0.400000
62372 -50.819 -2.596 21.953 0.100000
62375 -38.603 -3.657 21.267 0.400000
62376 -39.083 -3.092 21.764 0.400000
62377 -39.414 -2.882 21.356 0.400000
62378 -50.168 -3.299 21.446 0.100000
62379 -50.970 -2.265 20.655 0.100000
62382 -38.627 -3.868 20.349 0.200000
62383 -38.922 -3.312 20.785 0.300000
62384 -49.394 -3.537 20.176 0.100000
62385 -49.775 -2.976 19.668 0.100000
62386 -50.105 -3.049 20.561 0.100000
62387 -53.366 -2.285 19.822 0.100000
62389 -38.806 -3.227 19.832 0.300000
62390 -39.250 -3.277 18.985 0.300000
62391 -49.195 -3.441 19.343 0.100000
62392 -49.591 -2.770 18.957 0.200000
62393 -53.512 -3.203 19.246 0.100000
62395 -39.941 -3.099 18.341 0.200000
62396 -40.667 -3.482 18.038 0.200000
62397 -40.497 -2.543 17.851 0.200000
62398 -49.063 -3.094 18.569 0.200000
62399 -53.398 -2.669 17.814 0.100000
62401 -41.513 -3.150 17.540 0.200000
62402 -43.284 -3.633 16.749 0.100000
62403 -42.143 -2.582 16.797 0.200000
62404 -44.164 -3.826 16.599 0.100000
62405 -45.015 -3.981 16.581 0.100000
62406 -45.877 -3.955 16.644 0.100000
62407 -46.829 -3.691 16.635 0.100000
62408 -47.855 -3.485 17.221 0.100000
62409 -48.760 -2.923 17.781 0.100000
62410 -52.772 -2.934 17.143 0.100000
62411 -53.161 -2.077 17.067 0.100000
62413 -42.854 -2.982 16.431 0.200000
62414 -43.700 -3.219 16.210 0.100000
62415 -45.357 -3.614 16.255 0.100000
62416 -44.060 -2.774 15.687 0.200000
62417 -46.021 -3.546 16.094 0.100000
62418 -46.699 -3.310 15.953 0.100000
62419 -47.654 -3.046 16.255 0.100000
62420 -52.524 -2.692 16.381 0.100000
62421 -53.082 -1.608 16.348 0.100000
62431 -44.774 -2.914 15.569 0.100000
62432 -46.127 -3.115 15.477 0.100000
62433 -51.714 -2.749 15.015 0.100000
62434 -52.463 -2.125 15.665 0.100000
62444 -51.411 -2.935 13.049 0.100000
62451 -51.928 -2.671 12.438 0.100000
62452 -52.756 -3.150 11.733 0.100000
62459 -53.379 -2.670 11.073 0.100000
62460 -53.659 -2.999 10.533 0.100000
62940 -36.666 -2.353 32.514 0.100000
62941 -37.644 -2.196 32.461 0.100000
62942 -38.480 -2.292 32.548 0.100000
62943 -39.344 -2.467 32.468 0.100000
62950 -30.861 -2.127 32.171 0.100000
62951 -32.677 -2.382 31.862 0.100000
62952 -31.690 -1.595 31.662 0.100000
62953 -34.409 -2.016 31.879 0.100000
62954 -35.234 -1.895 31.995 0.100000
62955 -36.150 -1.753 32.068 0.100000
62956 -37.051 -1.670 31.999 0.100000
62957 -37.854 -1.726 31.840 0.100000
62959 -38.633 -2.060 31.904 0.100000
62963 -32.585 -1.501 31.502 0.100000
62964 -33.594 -1.509 31.558 0.100000
62965 -34.698 -1.150 31.406 0.100000
62971 -37.464 -2.103 30.344 0.100000
62972 -36.898 -1.335 30.554 0.100000
62973 -37.787 -1.642 30.805 0.100000
62974 -38.268 -2.325 30.557 0.100000
62979 -34.516 -1.671 29.678 0.100000
62980 -35.372 -1.581 29.925 0.100000
62981 -36.144 -1.471 30.193 0.100000
62984 -31.801 -2.284 28.882 0.100000
62988 -31.687 -2.534 26.205 0.200000
62989 -31.164 -1.964 26.666 0.100000
62992 -32.864 -1.789 25.275 0.100000
62993 -33.491 -2.206 24.907 0.200000
62995 -34.272 -1.685 24.502 0.100000
62996 -34.686 -2.279 24.135 0.200000
62997 -35.360 -1.792 23.852 0.200000
63000 -35.931 -2.377 23.419 0.300000
63001 -37.332 -2.642 22.723 0.300000
63002 -37.570 -1.999 22.909 0.300000
63003 -38.231 -2.393 22.596 0.400000
63004 -38.377 -1.624 22.851 0.500000
63005 -39.466 -1.776 22.765 0.500000
63010 -39.880 -2.213 22.477 0.500000
63011 -39.669 -2.576 22.037 0.500000
63012 -40.334 -2.148 22.292 0.500000
63013 -51.703 -2.234 22.534 0.100000
63014 -52.841 -1.800 22.036 0.100000
63016 -39.705 -2.339 21.006 0.500000
63017 -39.931 -2.418 21.751 0.500000
63018 -52.028 -1.688 20.626 0.100000
63019 -52.962 -1.527 21.191 0.100000
63022 -39.035 -2.683 20.373 0.300000
63023 -50.430 -2.468 19.942 0.100000
63024 -50.823 -1.831 19.526 0.100000
63025 -52.014 -1.480 19.768 0.100000
63026 -52.882 -1.707 20.305 0.100000
63028 -39.048 -2.495 19.493 0.300000
63029 -50.097 -2.414 19.242 0.100000
63030 -53.207 -1.440 19.592 0.100000
63031 -53.733 -2.160 19.066 0.100000
63032 -53.622 -1.334 18.856 0.100000
63034 -39.622 -1.451 18.718 0.400000
63035 -40.555 -1.642 17.531 0.200000
63036 -49.420 -2.365 18.230 0.200000
63037 -50.081 -1.756 18.213 0.100000
63038 -50.461 -1.791 18.847 0.100000
63039 -53.766 -1.983 18.339 0.100000
63040 -53.686 -1.214 18.126 0.100000
63041 -41.420 -2.270 17.236 0.200000
63042 -41.186 -1.387 16.962 0.200000
63043 -48.509 -2.934 16.935 0.100000
63044 -49.191 -2.283 17.222 0.200000
63045 -49.660 -1.435 17.012 0.200000
63046 -53.619 -1.665 17.647 0.100000
63047 -53.535 -0.538 17.013 0.100000
63048 -41.832 -1.863 16.646 0.200000
63049 -43.213 -2.531 15.884 0.200000
63050 -42.461 -2.220 16.256 0.200000
63051 -46.995 -2.834 15.448 0.100000
63052 -47.992 -2.325 15.397 0.200000
63053 -48.934 -1.786 15.766 0.200000
63054 -49.242 -1.854 16.502 0.200000
63055 -53.514 -1.214 16.975 0.100000
63062 -42.700 -1.641 15.587 0.200000
63063 -43.597 -2.049 15.313 0.200000
63064 -45.392 -2.690 15.074 0.200000
63065 -44.454 -2.418 15.119 0.200000
63066 -46.384 -2.583 14.889 0.200000
63067 -47.199 -2.380 14.868 0.100000
63068 -47.653 -1.759 14.648 0.200000
63069 -53.076 -1.155 15.653 0.100000
63076 -44.895 -2.049 14.500 0.200000
63077 -45.824 -2.099 14.425 0.200000
63078 -46.766 -1.973 14.415 0.200000
63079 -52.300 -1.732 14.776 0.200000
63080 -53.050 0.062 14.954 0.200000
63085 -51.673 -2.012 13.556 0.200000
63086 -52.433 -0.975 14.062 0.200000
63091 -51.700 -1.637 12.761 0.200000
63092 -51.855 -0.998 11.837 0.200000
63096 -53.037 -1.951 10.894 0.100000
63097 -53.518 -2.426 10.466 0.100000
63126 -46.625 -1.771 6.906 0.100000
63127 -46.764 -1.849 8.103 0.100000
63134 -45.858 -2.113 6.636 0.100000
63135 -46.534 -1.526 6.175 0.100000
63138 -42.625 -2.629 5.093 0.100000
63139 -44.652 -2.071 5.760 0.100000
63140 -45.696 -1.825 6.004 0.100000
63145 -43.186 -1.967 5.068 0.100000
63146 -44.167 -1.474 5.338 0.100000
63570 -35.679 -1.155 31.511 0.100000
63571 -36.538 -1.132 31.531 0.100000
63572 -37.304 -1.284 31.416 0.100000
63573 -38.033 -1.671 31.294 0.100000
63576 -32.222 -0.792 31.198 0.100000
63577 -33.126 -0.673 31.096 0.100000
63578 -33.957 -0.518 31.023 0.100000
63579 -34.671 -0.593 30.802 0.100000
63580 -36.061 -0.623 31.037 0.100000
63581 -37.261 -1.137 30.989 0.100000
63582 -36.512 -0.852 30.800 0.100000
63586 -36.194 -0.993 30.425 0.100000
63587 -35.622 -1.006 30.164 0.100000
63588 -35.845 -0.783 30.535 0.100000
63596 -32.380 -0.729 29.506 0.100000
63597 -33.372 -0.514 29.819 0.100000
63598 -34.838 -0.883 29.909 0.100000
63611 -32.835 -0.934 25.282 0.100000
63612 -33.543 -1.292 24.928 0.100000
63614 -34.257 -0.708 24.589 0.100000
63615 -34.970 -1.042 24.134 0.100000
63616 -36.241 -1.539 23.559 0.300000
63617 -35.716 -1.047 23.815 0.200000
63618 -36.444 -0.645 23.769 0.200000
63620 -37.251 -1.314 23.318 0.400000
63621 -38.165 -0.863 23.296 0.500000
63622 -40.255 -2.008 22.913 0.600000
63623 -39.886 -1.376 23.199 0.500000
63624 -40.724 -2.030 22.782 0.500000
63625 -40.790 -1.817 23.161 0.500000
63626 -41.273 -1.858 22.954 0.500000
63627 -41.340 -1.429 23.269 0.600000
63628 -41.758 -1.362 22.957 0.500000
63631 -41.728 -1.162 22.625 0.500000
63634 -40.330 -1.981 21.742 0.500000
63635 -41.203 -1.798 22.497 0.500000
63638 -39.755 -1.362 20.701 0.500000
63639 -40.736 -1.263 21.605 0.500000
63641 -39.376 -1.190 19.611 0.300000
63642 -51.426 -1.227 19.057 0.100000
63643 -52.670 -0.832 19.121 0.100000
63645 -39.673 -0.509 18.823 0.400000
63646 -39.906 -1.071 17.951 0.400000
63647 -50.899 -1.063 18.379 0.100000
63648 -52.001 -0.585 18.519 0.100000
63649 -52.874 -0.490 18.445 0.100000
63650 -53.359 -0.822 18.520 0.100000
63651 -53.420 -0.552 17.834 0.100000
63653 -40.483 -0.824 17.296 0.400000
63654 -50.398 -1.053 17.540 0.200000
63655 -51.064 -0.199 17.019 0.200000
63656 -51.522 -0.437 17.760 0.200000
63658 -41.008 -0.594 16.661 0.400000
63659 -42.084 -1.589 16.097 0.200000
63660 -41.608 -1.125 16.369 0.200000
63661 -49.541 -1.218 16.214 0.200000
63662 -49.854 -0.418 15.924 0.200000
63663 -50.176 -0.700 16.671 0.200000
63664 -53.497 0.048 16.449 0.200000
63672 -41.975 -0.975 15.667 0.300000
63673 -43.281 -1.291 14.938 0.200000
63674 -42.531 -0.815 15.047 0.200000
63675 -44.032 -1.738 14.687 0.200000
63676 -48.458 -1.421 15.086 0.200000
63677 -48.833 -0.789 14.931 0.200000
63678 -49.201 -1.015 15.492 0.200000
63679 -53.376 -0.115 15.737 0.200000
63687 -43.080 -0.683 14.479 0.200000
63688 -43.706 -1.086 14.322 0.200000
63689 -45.317 -1.549 13.949 0.200000
63690 -44.446 -1.384 14.088 0.200000
63691 -46.249 -1.519 13.944 0.200000
63692 -47.202 -1.358 14.065 0.200000
63693 -47.553 -0.752 13.686 0.200000
63694 -48.127 -0.962 14.426 0.200000
63701 -44.811 -1.003 13.468 0.200000
63702 -45.721 -1.077 13.379 0.200000
63703 -46.671 -0.989 13.466 0.200000
63708 -52.298 0.184 12.752 0.200000
63714 -53.243 -1.814 10.306 0.100000
63715 -52.698 -0.857 10.633 0.200000
63721 -52.987 -1.117 9.862 0.100000
63727 -50.258 -0.323 9.016 0.100000
63728 -51.931 -0.941 9.380 0.200000
63729 -52.723 -0.518 9.462 0.200000
63734 -47.521 -1.206 8.075 0.100000
63735 -47.884 -1.071 6.713 0.100000
63736 -48.408 -0.699 8.044 0.100000
63744 -42.345 -1.458 6.309 0.100000
63745 -47.218 -1.355 6.258 0.100000
63746 -47.790 -0.905 5.820 0.100000
63753 -42.632 -1.468 5.532 0.100000
63754 -47.023 -1.052 5.749 0.100000
63755 -47.512 -0.488 5.631 0.100000
63760 -43.016 -1.241 5.299 0.100000
63761 -43.620 -0.857 5.299 0.100000
63762 -44.560 -0.552 5.364 0.100000
63763 -46.283 -0.849 5.696 0.100000
64194 -33.481 -0.326 30.514 0.100000
64195 -34.070 -0.295 30.334 0.100000
64196 -35.309 -0.669 30.642 0.100000
64201 -33.359 -0.255 30.036 0.100000
64202 -34.696 -0.618 30.245 0.100000
64203 -35.270 -0.820 30.249 0.100000
64221 -33.546 -0.366 24.932 0.100000
64223 -34.191 0.200 24.627 0.100000
64225 -36.131 0.131 24.116 0.200000
64226 -37.370 -0.439 23.662 0.400000
64227 -36.836 0.002 23.940 0.200000
64228 -37.475 0.285 23.943 0.200000
64229 -41.771 -0.958 23.292 0.600000
64230 -41.388 -0.710 23.634 0.600000
64231 -41.534 0.129 24.044 0.300000
64232 -41.965 -0.299 23.574 0.600000
64233 -42.246 0.388 24.030 0.400000
64234 -42.324 0.098 23.515 0.600000
64236 -38.185 -0.153 23.688 0.300000
64237 -39.824 -0.583 23.526 0.500000
64238 -40.667 -1.104 23.511 0.500000
64239 -42.083 -0.629 23.185 0.600000
64240 -42.313 -0.172 23.069 0.600000
64244 -42.029 -0.726 22.831 0.500000
64245 -42.204 -0.184 22.624 0.500000
64247 -41.507 -1.163 22.156 0.500000
64248 -41.889 -0.443 22.243 0.500000
64250 -39.502 -0.370 19.964 0.500000
64251 -40.235 -0.421 20.776 0.500000
64252 -41.133 -0.379 21.517 0.500000
64256 -40.055 -0.234 17.845 0.500000
64257 -52.601 -0.223 17.858 0.100000
64259 -40.457 0.016 17.046 0.500000
64260 -52.196 0.279 17.152 0.200000
64261 -53.175 -0.018 17.141 0.200000
64263 -40.958 0.162 16.341 0.500000
64264 -41.430 -0.406 15.970 0.500000
64265 -50.660 0.164 16.353 0.200000
64266 -51.508 0.461 16.638 0.200000
64267 -52.217 0.733 16.504 0.200000
64268 -53.016 0.490 16.512 0.200000
64269 -53.410 0.535 16.020 0.200000
64272 -41.845 -0.156 15.195 0.500000
64273 -49.438 -0.277 15.219 0.200000
64274 -50.279 0.476 15.569 0.200000
64275 -50.963 1.228 15.424 0.200000
64276 -53.363 0.802 15.406 0.200000
64287 -43.087 -0.162 14.024 0.200000
64288 -42.697 0.450 14.092 0.300000
64289 -48.299 -0.437 13.883 0.300000
64290 -49.004 -0.267 14.430 0.200000
64291 -49.656 0.340 14.897 0.200000
64292 -53.312 0.996 14.740 0.200000
64297 -43.134 0.295 13.473 0.300000
64298 -43.613 -0.273 13.532 0.200000
64299 -45.187 -0.478 12.884 0.200000
64300 -44.316 -0.358 13.156 0.200000
64301 -46.170 -0.536 12.824 0.200000
64302 -47.112 -0.450 12.933 0.200000
64303 -47.572 0.228 12.554 0.200000
64304 -48.748 0.194 13.694 0.300000
64305 -53.100 1.216 13.764 0.200000
64310 -45.663 0.103 12.340 0.200000
64311 -46.670 0.036 12.307 0.200000
64312 -52.792 1.105 12.376 0.200000
64318 -52.564 0.715 10.946 0.200000
64324 -53.229 0.734 9.944 0.200000
64329 -49.364 -0.418 8.618 0.100000
64330 -49.960 0.182 8.168 0.100000
64331 -50.901 0.294 8.646 0.100000
64332 -52.096 -0.054 8.927 0.200000
64333 -52.939 0.506 8.680 0.200000
64334 -53.043 -0.028 9.407 0.200000
64338 -48.571 -0.645 6.766 0.100000
64339 -49.210 -0.287 7.408 0.100000
64340 -49.972 0.280 6.794 0.100000
64341 -50.607 0.651 7.787 0.100000
64344 -42.758 0.001 6.256 0.100000
64345 -48.404 -0.693 5.938 0.100000
64346 -49.106 -0.367 6.120 0.100000
64347 -49.735 0.249 5.734 0.100000
64355 -42.919 -0.610 5.649 0.100000
64356 -48.324 -0.363 5.600 0.100000
64357 -49.020 -0.114 5.528 0.100000
64364 -43.338 -0.228 5.417 0.100000
64365 -43.908 0.110 5.272 0.100000
64366 -44.727 0.280 5.307 0.100000
64367 -45.779 0.283 5.519 0.100000
64368 -46.882 0.152 5.598 0.100000
64369 -47.897 0.091 5.514 0.100000
64831 -34.088 1.125 24.725 0.100000
64832 -34.892 0.751 24.465 0.100000
64833 -37.614 1.094 24.230 0.100000
64834 -39.111 0.161 23.828 0.300000
64835 -39.626 0.846 24.314 0.300000
64836 -40.458 -0.033 23.852 0.400000
64837 -40.757 0.831 24.533 0.400000
64838 -41.885 0.739 24.602 0.300000
64839 -42.623 0.938 24.516 0.400000
64840 -42.705 0.666 24.000 0.500000
64841 -43.015 0.974 24.085 0.600000
64843 -42.580 0.527 23.481 0.600000
64844 -42.914 0.988 23.693 0.700000
64846 -42.453 0.354 22.738 0.600000
64847 -42.690 0.994 22.966 0.700000
64849 -42.316 0.456 22.050 0.500000
64851 -40.299 1.021 19.920 0.600000
64852 -40.728 0.455 20.724 0.500000
64853 -41.800 0.619 21.356 0.500000
64855 -39.822 0.337 19.372 0.600000
64856 -40.264 1.053 18.912 0.600000
64858 -40.346 0.782 17.819 0.600000
64860 -40.685 0.905 16.837 0.600000
64862 -41.167 0.921 16.100 0.600000
64863 -51.447 0.960 16.073 0.200000
64864 -52.820 1.018 15.923 0.200000
64872 -41.674 0.832 15.363 0.500000
64873 -50.258 1.028 14.878 0.200000
64874 -52.090 1.447 15.343 0.200000
64875 -53.129 1.207 15.237 0.200000
64882 -42.178 0.528 14.677 0.500000
64883 -42.361 1.014 14.203 0.500000
64884 -49.529 0.619 14.232 0.200000
64885 -50.209 1.563 14.121 0.200000
64886 -51.286 2.120 14.275 0.200000
64887 -52.010 1.812 14.725 0.200000
64888 -53.039 1.503 14.728 0.200000
64889 -53.287 1.344 14.589 0.200000
64895 -42.709 1.066 13.485 0.400000
64896 -43.705 0.184 12.926 0.200000
64897 -48.402 0.592 12.976 0.200000
64898 -49.265 0.983 13.459 0.300000
64899 -49.782 1.708 13.188 0.200000
64900 -53.210 1.941 12.868 0.300000
64904 -43.090 1.354 12.710 0.300000
64905 -43.698 0.823 12.447 0.300000
64906 -45.222 0.712 11.860 0.200000
64907 -44.336 1.072 11.950 0.200000
64908 -46.225 0.541 11.765 0.200000
64909 -47.182 0.692 11.968 0.200000
64910 -48.031 0.929 12.282 0.200000
64911 -48.916 1.248 12.656 0.300000
64912 -53.103 1.724 11.894 0.200000
64918 -44.864 1.264 11.312 0.400000
64919 -45.769 0.952 11.226 0.300000
64920 -46.883 1.101 11.315 0.200000
64921 -53.286 1.767 10.973 0.300000
64927 -53.487 1.792 9.902 0.300000
64930 -42.207 0.471 8.782 0.100000
64932 -51.649 0.909 8.039 0.100000
64933 -53.387 0.843 8.995 0.200000
64934 -53.506 1.649 8.788 0.300000
64937 -42.321 1.040 8.130 0.100000
64938 -42.420 1.514 7.331 0.100000
64939 -50.917 0.836 6.778 0.100000
64940 -51.735 1.318 6.893 0.100000
64941 -53.351 1.289 8.234 0.200000
64946 -42.812 1.026 6.393 0.100000
64947 -50.480 0.564 5.957 0.100000
64948 -51.171 0.957 5.939 0.100000
64949 -51.826 1.499 6.100 0.100000
64953 -43.071 0.388 5.663 0.100000
64954 -49.531 0.442 5.347 0.200000
64955 -50.381 0.796 5.481 0.200000
64956 -51.161 1.342 5.627 0.200000
64961 -43.518 0.713 5.248 0.200000
64962 -44.071 0.887 4.992 0.100000
64963 -44.928 1.026 5.218 0.100000
64964 -46.035 1.006 5.548 0.100000
64965 -47.222 0.847 5.597 0.100000
64966 -48.294 0.767 5.426 0.200000
64967 -49.232 0.813 5.166 0.200000
64968 -50.522 1.402 5.284 0.200000
65461 -33.727 1.772 24.926 0.100000
65462 -34.498 1.998 24.790 0.100000
65463 -41.251 1.366 24.967 0.300000
65464 -41.545 2.037 25.449 0.300000
65465 -42.274 1.241 25.114 0.300000
65466 -42.603 1.720 25.495 0.300000
65467 -43.082 1.421 25.029 0.400000
65468 -43.227 2.044 25.648 0.400000
65469 -43.633 1.965 25.239 0.500000
65472 -35.207 1.565 24.565 0.100000
65473 -36.007 1.956 24.409 0.100000
65474 -36.841 2.280 24.511 0.100000
65475 -38.166 1.745 24.478 0.100000
65476 -39.044 1.630 24.511 0.100000
65477 -39.915 1.448 24.837 0.200000
65478 -43.245 1.379 24.159 0.700000
65480 -42.955 1.573 23.330 0.700000
65483 -42.573 1.023 22.176 0.700000
65484 -42.737 1.877 22.233 0.700000
65486 -42.538 1.868 21.480 0.800000
65487 -42.838 2.469 21.310 0.800000
65489 -41.234 1.399 20.456 0.600000
65490 -42.111 1.744 20.757 0.800000
65491 -42.558 2.248 20.763 0.800000
65492 -42.940 2.633 20.658 0.800000
65494 -40.892 1.825 19.533 0.700000
65495 -41.795 2.488 19.112 0.800000
65496 -42.489 2.439 20.031 0.800000
65498 -40.803 1.806 18.438 0.600000
65499 -41.404 2.429 17.904 0.600000
65500 -40.805 1.594 17.497 0.600000
65501 -41.232 1.875 16.802 0.500000
65503 -41.554 1.671 15.968 0.600000
65510 -42.040 1.316 14.776 0.500000
65511 -41.809 1.653 15.395 0.500000
65512 -42.135 2.196 15.101 0.600000
65518 -42.423 1.834 14.168 0.600000
65519 -52.407 2.074 14.161 0.200000
65520 -53.090 1.708 13.991 0.200000
65524 -42.717 1.964 13.232 0.600000
65525 -50.635 2.197 13.589 0.200000
65526 -51.620 2.495 13.613 0.200000
65527 -52.630 2.399 13.219 0.300000
65532 -43.065 2.146 12.458 0.700000
65533 -43.602 1.552 12.094 0.500000
65534 -43.512 2.281 11.742 0.500000
65535 -48.462 1.437 11.918 0.200000
65536 -49.463 1.857 12.309 0.300000
65537 -50.225 2.153 12.941 0.200000
65538 -50.916 2.588 13.053 0.200000
65539 -53.343 2.338 11.902 0.300000
65544 -44.110 1.704 11.424 0.500000
65545 -45.334 1.384 10.793 0.200000
65546 -44.618 1.815 10.599 0.500000
65547 -46.169 1.359 10.685 0.300000
65548 -47.135 1.593 10.651 0.300000
65549 -48.775 1.899 11.415 0.200000
65550 -49.729 2.251 11.641 0.300000
65551 -53.339 3.172 11.025 0.300000
65557 -45.468 1.712 10.178 0.300000
65558 -44.889 2.237 9.728 0.300000
65559 -46.436 1.759 10.044 0.300000
65560 -47.293 1.931 10.033 0.300000
65561 -48.105 2.030 10.545 0.300000
65562 -53.480 2.744 10.220 0.300000
65563 -53.529 2.295 9.388 0.300000
65566 -40.995 2.624 9.354 0.100000
65568 -45.749 2.169 9.454 0.300000
65569 -53.598 2.361 8.731 0.300000
65574 -53.195 1.815 7.543 0.200000
65575 -53.681 2.006 8.064 0.300000
65577 -42.015 2.333 7.396 0.200000
65578 -42.534 2.084 6.477 0.200000
65579 -52.873 2.377 6.962 0.200000
65580 -53.511 2.470 7.626 0.300000
65584 -43.126 1.493 5.541 0.200000
65585 -51.803 1.814 5.825 0.200000
65586 -52.312 1.901 6.292 0.200000
65590 -43.312 2.248 5.041 0.300000
65591 -44.290 1.653 4.783 0.200000
65592 -43.812 2.291 4.743 0.200000
65593 -45.301 1.929 4.889 0.300000
65594 -46.508 1.821 5.326 0.200000
65595 -47.623 1.677 5.446 0.200000
65596 -48.630 1.664 5.342 0.200000
65597 -49.674 1.759 5.236 0.200000
65598 -50.448 2.295 5.265 0.200000
65599 -51.185 1.906 5.422 0.200000
65605 -44.516 2.512 4.611 0.200000
65606 -46.067 2.820 4.843 0.300000
66070 -43.968 2.573 26.030 0.500000
66071 -43.088 2.652 26.134 0.400000
66072 -43.959 3.378 26.443 0.400000
66073 -44.520 2.901 25.926 0.500000
66078 -35.331 2.457 24.693 0.100000
66079 -34.598 2.965 25.057 0.100000
66081 -40.393 1.982 25.164 0.200000
66082 -39.753 2.674 25.142 0.200000
66083 -40.523 2.812 25.385 0.200000
66084 -41.405 3.036 25.753 0.200000
66085 -42.384 2.417 25.847 0.500000
66086 -44.045 2.400 25.532 0.600000
66087 -44.240 2.726 25.458 0.600000
66089 -36.146 2.797 24.559 0.100000
66090 -37.011 3.055 24.583 0.100000
66091 -37.742 2.488 24.568 0.100000
66092 -43.686 1.997 24.856 0.700000
66093 -43.894 2.788 24.451 0.700000
66095 -43.410 2.092 23.862 0.700000
66096 -43.716 2.985 23.290 0.700000
66099 -43.137 2.760 21.626 0.800000
66100 -43.643 3.241 22.117 0.800000
66102 -43.290 2.950 20.703 0.700000
66103 -43.095 2.759 19.955 0.800000
66104 -43.492 3.128 19.870 0.700000
66106 -42.791 2.991 19.284 0.800000
66107 -43.393 3.400 19.191 0.800000
66109 -42.373 2.946 18.396 0.800000
66110 -43.041 3.342 18.696 0.800000
66111 -43.529 3.501 18.352 0.700000
66113 -42.005 2.775 17.368 0.800000
66114 -42.466 3.097 16.788 0.800000
66116 -41.957 2.413 15.918 0.600000
66117 -42.489 2.999 15.748 0.800000
66125 -42.615 2.759 14.769 0.700000
66132 -42.725 2.658 13.876 0.700000
66136 -42.898 2.784 13.062 0.700000
66137 -51.852 2.891 12.863 0.200000
66141 -43.180 2.991 12.287 0.700000
66142 -50.656 2.779 11.797 0.300000
66143 -51.763 3.330 11.991 0.300000
66144 -52.741 3.050 12.398 0.300000
66149 -43.878 2.354 10.948 0.700000
66150 -43.504 3.093 11.460 0.700000
66151 -50.154 2.567 10.922 0.300000
66152 -51.025 3.222 11.070 0.300000
66153 -51.999 3.612 10.995 0.300000
66154 -52.787 3.417 11.570 0.300000
66158 -40.656 3.158 9.626 0.100000
66159 -43.804 3.175 10.670 0.800000
66160 -44.284 2.561 10.217 0.400000
66161 -46.804 2.246 9.425 0.300000
66162 -47.804 2.389 9.572 0.300000
66163 -48.802 2.510 9.821 0.300000
66164 -50.553 2.902 10.310 0.300000
66165 -52.666 3.539 10.658 0.300000
66166 -53.501 2.959 9.279 0.300000
66167 -53.060 3.281 10.033 0.300000
66170 -41.359 2.967 8.602 0.100000
66171 -45.105 2.726 8.832 0.400000
66172 -44.601 3.412 8.781 0.500000
66173 -46.208 2.670 8.755 0.300000
66174 -47.329 2.755 8.775 0.300000
66175 -48.475 3.073 8.867 0.300000
66176 -49.521 3.150 9.241 0.300000
66177 -50.436 3.261 9.562 0.300000
66178 -53.678 3.020 8.237 0.300000
66179 -53.103 3.604 8.964 0.300000
66183 -45.008 3.432 8.296 0.400000
66184 -45.746 3.285 8.189 0.400000
66185 -46.806 3.253 8.170 0.300000
66186 -47.815 3.429 8.192 0.300000
66187 -53.292 3.264 7.460 0.200000
66190 -42.000 2.812 6.833 0.300000
66191 -42.179 3.337 6.385 0.300000
66192 -52.792 3.213 6.862 0.200000
66195 -42.653 3.196 5.628 0.300000
66196 -51.615 3.277 6.100 0.200000
66197 -52.261 2.530 6.280 0.200000
66201 -43.030 2.895 5.093 0.300000
66202 -43.404 3.002 4.833 0.300000
66203 -47.089 2.679 5.165 0.200000
66204 -47.725 3.416 5.079 0.200000
66205 -48.741 2.839 5.332 0.200000
66206 -49.693 2.972 5.263 0.200000
66207 -50.346 3.298 5.432 0.200000
66211 -44.019 3.184 4.646 0.300000
66212 -44.800 3.454 4.438 0.200000
66213 -45.743 3.818 4.458 0.300000
66214 -46.790 3.661 4.743 0.300000
66741 -42.827 4.091 26.370 0.400000
66742 -43.850 4.087 26.605 0.300000
66743 -44.638 3.773 26.582 0.400000
66744 -44.868 3.534 26.292 0.500000
66745 -45.129 3.889 26.403 0.500000
66750 -35.658 4.090 24.983 0.100000
66751 -39.722 3.378 25.030 0.100000
66752 -40.583 3.704 25.282 0.200000
66753 -41.402 3.975 25.642 0.200000
66754 -42.322 3.354 26.128 0.300000
66755 -44.941 3.437 25.886 0.600000
66757 -36.433 4.411 24.790 0.100000
66758 -37.155 3.893 24.623 0.100000
66760 -38.885 3.853 24.631 0.100000
66761 -44.327 3.613 23.881 0.700000
66764 -44.369 3.681 22.692 0.800000
66767 -44.250 3.972 21.655 0.700000
66769 -43.675 3.535 20.951 0.700000
66770 -44.319 3.885 20.074 0.700000
66771 -43.997 3.586 19.506 0.700000
66773 -43.781 3.566 19.190 0.700000
66775 -43.963 3.666 18.614 0.700000
66776 -44.638 3.942 18.120 0.700000
66777 -44.895 4.183 18.456 0.700000
66779 -43.349 3.517 17.457 0.800000
66780 -44.047 3.700 17.891 0.700000
66781 -44.530 4.054 17.367 0.700000
66783 -43.121 3.553 16.457 0.800000
66784 -43.848 3.843 17.008 0.700000
66785 -44.301 4.273 16.485 0.700000
66795 -43.034 3.491 15.426 0.800000
66796 -43.479 3.998 15.028 0.700000
66797 -43.614 3.995 16.029 0.800000
66802 -42.999 3.371 14.465 0.700000
66807 -42.968 3.285 13.671 0.700000
66808 -43.041 3.646 13.020 0.700000
66814 -43.450 3.972 12.165 0.800000
66820 -43.536 3.973 11.137 0.700000
66824 -40.529 3.907 9.655 0.100000
66825 -43.910 3.953 10.345 0.700000
66826 -44.251 3.734 9.568 0.700000
66827 -51.285 3.470 10.115 0.300000
66828 -52.068 3.679 10.191 0.300000
66832 -40.954 3.432 9.088 0.100000
66833 -40.945 4.364 9.078 0.100000
66834 -44.379 4.301 8.884 0.700000
66835 -49.455 3.661 8.363 0.200000
66836 -50.307 3.810 8.850 0.300000
66837 -52.344 4.109 8.551 0.300000
66841 -41.380 3.856 8.348 0.200000
66842 -41.494 4.539 7.828 0.200000
66843 -45.364 3.985 7.583 0.400000
66844 -44.908 4.702 7.433 0.600000
66845 -46.353 3.669 7.464 0.400000
66846 -47.324 3.657 7.451 0.200000
66847 -48.292 3.785 7.320 0.200000
66848 -49.464 4.041 7.125 0.200000
66849 -50.426 4.151 7.941 0.300000
66850 -51.459 4.315 7.722 0.200000
66851 -52.603 4.040 7.375 0.200000
66855 -41.739 3.265 7.045 0.200000
66856 -41.658 3.877 7.422 0.200000
66857 -45.502 4.648 6.918 0.400000
66858 -46.128 4.302 6.719 0.400000
66859 -45.907 5.073 5.875 0.400000
66860 -47.734 4.096 6.498 0.200000
66861 -48.649 4.196 6.264 0.200000
66862 -49.402 4.313 6.054 0.200000
66863 -50.635 4.436 6.870 0.200000
66864 -51.578 4.146 6.744 0.200000
66865 -52.223 3.505 6.638 0.200000
66868 -41.988 3.935 6.667 0.300000
66869 -42.526 4.050 5.717 0.300000
66870 -47.102 4.647 5.795 0.400000
66871 -47.926 4.443 5.634 0.200000
66872 -48.646 4.122 5.647 0.200000
66873 -50.718 4.016 5.971 0.200000
66874 -49.714 3.964 5.663 0.200000
66878 -42.992 3.617 5.042 0.300000
66879 -42.999 4.634 4.894 0.300000
66880 -47.437 4.231 4.838 0.300000
66881 -48.231 3.883 5.214 0.300000
66886 -43.549 4.056 4.648 0.300000
66887 -44.326 4.120 4.405 0.300000
66888 -45.047 4.436 4.266 0.400000
66889 -45.647 4.854 4.394 0.400000
66890 -46.519 4.468 4.650 0.300000
67391 -43.162 4.689 26.470 0.200000
67392 -44.669 4.456 26.960 0.300000
67393 -45.058 4.141 26.793 0.400000
67394 -45.352 4.557 26.714 0.400000
67400 -40.758 4.549 25.046 0.100000
67401 -41.621 4.851 25.395 0.100000
67402 -42.455 4.785 26.029 0.200000
67403 -45.332 4.174 25.889 0.500000
67405 -37.264 4.821 24.672 0.100000
67409 -44.993 4.209 24.595 0.700000
67410 -45.601 4.917 23.696 0.700000
67413 -45.030 4.287 23.251 0.700000
67414 -45.623 4.904 22.620 0.600000
67417 -44.957 4.512 21.290 0.700000
67419 -45.006 4.481 20.456 0.700000
67420 -45.804 5.084 20.977 0.600000
67421 -46.556 5.409 20.402 0.600000
67423 -44.559 4.118 19.301 0.700000
67424 -45.737 4.870 20.074 0.600000
67425 -46.412 5.219 19.668 0.700000
67427 -45.425 4.633 19.275 0.600000
67428 -46.134 5.046 18.950 0.700000
67430 -45.426 4.515 18.031 0.700000
67431 -46.163 5.290 17.885 0.700000
67433 -45.121 4.304 17.526 0.700000
67434 -45.802 4.909 17.214 0.700000
67445 -45.099 4.564 16.705 0.700000
67446 -45.684 5.150 16.476 0.700000
67447 -46.277 5.446 16.600 0.700000
67454 -44.081 4.474 15.571 0.800000
67455 -44.615 5.116 15.146 0.700000
67456 -45.215 5.162 15.921 0.800000
67462 -43.865 4.639 14.628 0.700000
67463 -44.294 5.219 14.123 0.700000
67469 -43.401 4.492 13.089 0.800000
67470 -43.724 4.749 13.784 0.700000
67473 -38.547 5.099 12.016 0.100000
67474 -43.679 4.790 11.635 0.800000
67478 -38.969 5.602 11.487 0.100000
67480 -43.781 4.760 10.739 0.800000
67484 -40.091 5.478 10.376 0.100000
67485 -40.518 4.897 9.716 0.100000
67486 -44.088 4.729 9.806 0.700000
67490 -41.283 4.849 8.489 0.100000
67491 -41.018 5.368 9.172 0.100000
67492 -41.329 5.677 8.579 0.100000
67493 -44.399 5.113 9.030 0.700000
67496 -41.477 5.362 7.847 0.100000
67497 -44.511 5.029 8.106 0.700000
67501 -41.721 4.827 7.014 0.200000
67502 -45.319 5.271 6.650 0.500000
67503 -44.895 5.512 7.235 0.600000
67506 -42.254 4.651 6.220 0.300000
67507 -42.643 5.110 5.404 0.300000
67508 -45.440 5.935 5.724 0.500000
67509 -46.623 5.061 5.101 0.400000
67510 -45.664 5.802 4.767 0.500000
67511 -47.376 4.688 5.253 0.400000
67512 -47.759 4.401 5.252 0.300000
67515 -43.551 5.205 4.422 0.300000
67516 -43.071 5.681 4.705 0.300000
67517 -43.941 6.224 4.423 0.400000
67518 -46.117 5.103 4.726 0.400000
67519 -47.058 4.757 4.967 0.400000
67522 -45.030 5.392 4.143 0.400000
67523 -45.286 5.707 4.329 0.400000
68052 -46.077 6.333 27.396 0.300000
68058 -42.992 5.396 26.133 0.100000
68059 -43.913 5.658 26.538 0.100000
68060 -44.584 5.063 27.074 0.300000
68061 -45.198 4.947 27.205 0.300000
68062 -45.675 5.659 26.847 0.300000
68063 -46.449 6.361 27.034 0.300000
68069 -40.909 5.350 24.785 0.100000
68070 -41.682 5.678 24.945 0.100000
68072 -43.241 6.218 25.694 0.200000
68073 -45.846 5.248 26.026 0.400000
68074 -46.618 6.310 24.436 0.500000
68077 -39.441 6.136 24.542 0.100000
68078 -40.196 5.796 24.546 0.100000
68079 -40.935 6.219 24.575 0.100000
68080 -45.939 5.758 23.996 0.600000
68083 -46.210 5.489 22.979 0.600000
68084 -46.831 6.104 23.368 0.500000
68085 -47.811 6.286 21.997 0.800000
68088 -46.251 5.426 21.882 0.600000
68089 -47.083 5.944 21.481 0.600000
68090 -47.949 6.217 21.194 0.700000
68092 -47.238 5.874 20.738 0.600000
68094 -47.995 6.110 20.591 0.600000
68095 -48.601 6.231 20.116 0.600000
68097 -47.104 5.468 19.232 0.700000
68098 -48.184 5.868 19.398 0.600000
68105 -46.664 5.391 18.524 0.700000
68106 -47.704 5.722 18.689 0.700000
68107 -48.900 6.025 18.810 0.600000
68120 -46.671 5.582 17.182 0.700000
68121 -47.654 6.138 17.274 0.700000
68122 -48.229 6.067 18.090 0.700000
68128 -46.051 5.612 15.792 0.800000
68129 -47.176 6.029 16.208 0.800000
68134 -45.357 5.550 15.243 0.800000
68135 -45.851 6.025 14.896 0.900000
68136 -46.700 6.207 15.219 0.900000
68140 -45.120 5.708 14.394 0.800000
68141 -45.717 6.247 14.173 0.900000
68142 -46.402 6.506 14.391 0.900000
68147 -43.987 5.285 13.167 0.800000
68148 -44.755 6.004 12.818 0.800000
68149 -45.322 6.113 13.572 0.800000
68155 -44.060 5.487 12.189 0.800000
68156 -44.566 6.255 11.862 0.800000
68159 -38.746 6.647 11.371 0.100000
68161 -44.140 5.578 11.193 0.800000
68162 -44.391 5.952 10.497 0.800000
68168 -39.978 6.556 10.356 0.200000
68169 -40.774 5.916 9.961 0.100000
68170 -44.427 5.777 9.681 0.700000
68175 -41.473 6.487 9.285 0.100000
68176 -44.615 5.873 8.628 0.700000
68182 -41.629 6.248 8.126 0.200000
68183 -44.792 6.023 7.723 0.700000
68187 -42.289 5.504 6.228 0.400000
68188 -41.830 5.937 7.124 0.200000
68189 -42.455 6.522 6.286 0.300000
68190 -45.153 6.417 6.870 0.600000
68194 -42.725 6.128 5.298 0.300000
68195 -45.323 6.743 5.858 0.600000
68196 -45.369 6.824 4.827 0.600000
68199 -43.424 6.729 4.752 0.400000
68200 -45.021 6.742 4.250 0.600000
68206 -44.769 6.686 4.232 0.600000
68686 -46.074 7.389 27.575 0.300000
68687 -46.353 6.990 27.693 0.400000
68688 -47.057 7.281 27.541 0.400000
68692 -44.085 6.482 26.170 0.200000
68693 -44.948 6.825 26.683 0.200000
68694 -45.754 6.672 27.326 0.300000
68695 -46.871 6.570 26.295 0.500000
68696 -47.200 7.028 26.953 0.500000
68697 -47.492 7.233 26.034 0.500000
68703 -41.794 6.520 24.635 0.100000
68704 -42.658 6.745 24.837 0.100000
68705 -43.461 7.025 25.207 0.100000
68706 -47.243 7.014 25.033 0.500000
68708 -40.115 6.684 24.498 0.100000
68709 -40.955 7.242 24.438 0.100000
68710 -41.949 7.384 24.462 0.100000
68711 -47.628 6.730 23.732 0.600000
68712 -48.204 7.343 24.209 0.500000
68713 -48.781 7.152 23.331 0.700000
68716 -48.620 6.694 22.541 0.700000
68717 -49.475 7.203 22.677 0.700000
68719 -48.785 6.528 21.726 0.800000
68720 -49.391 6.873 22.135 0.700000
68721 -49.723 7.321 22.097 0.700000
68724 -49.018 6.463 20.938 0.700000
68725 -49.995 6.828 20.951 0.800000
68726 -50.020 7.317 21.193 0.700000
68728 -49.821 6.588 20.335 0.800000
68729 -50.547 6.998 20.410 0.700000
68730 -51.097 7.144 19.833 0.700000
68743 -50.210 6.348 18.996 0.700000
68744 -51.608 7.038 19.177 0.700000
68745 -51.385 7.444 19.312 0.700000
68755 -51.132 6.700 18.485 0.800000
68756 -51.815 7.351 18.244 0.800000
68757 -51.839 7.613 18.519 0.700000
68758 -51.973 7.738 17.845 0.800000
68764 -48.622 6.359 17.474 0.700000
68765 -49.451 6.629 17.236 0.800000
68766 -50.624 6.815 17.510 0.900000
68767 -51.893 7.634 17.464 1.000000
68772 -48.517 6.637 16.595 0.700000
68773 -50.068 7.244 16.486 0.900000
68774 -51.410 7.464 16.984 1.000000
68780 -47.247 6.837 14.652 0.900000
68781 -48.319 7.252 14.891 0.900000
68782 -49.112 7.263 15.659 0.900000
68786 -46.104 6.679 13.493 0.800000
68787 -46.959 7.177 13.846 1.000000
68788 -47.925 7.491 14.012 1.000000
68793 -45.511 6.477 12.953 0.900000
68794 -46.071 7.101 12.558 0.900000
68795 -46.901 7.446 12.935 1.000000
68796 -47.781 7.747 13.197 1.000000
68801 -38.421 6.907 11.874 0.100000
68802 -45.278 6.710 12.244 0.900000
68803 -46.012 7.386 11.519 0.900000
68804 -47.027 7.758 11.910 1.000000
68809 -38.827 7.594 11.321 0.200000
68810 -39.261 7.140 10.800 0.100000
68811 -44.681 6.416 11.019 0.800000
68812 -45.387 7.116 10.763 0.800000
68816 -39.911 7.557 10.370 0.200000
68817 -40.765 6.984 10.037 0.200000
68818 -41.553 7.321 9.941 0.200000
68819 -45.016 6.807 9.122 0.700000
68822 -42.220 7.370 9.416 0.300000
68823 -45.063 6.781 8.089 0.700000
68827 -42.303 6.890 7.475 0.300000
68828 -42.713 7.512 8.470 0.200000
68829 -43.037 7.652 7.432 0.500000
68830 -45.227 6.884 7.301 0.600000
68835 -42.975 7.431 6.423 0.600000
68836 -45.416 7.585 6.269 0.600000
68840 -43.080 7.147 5.416 0.600000
68841 -45.375 7.777 5.075 0.600000
68846 -43.918 7.879 4.803 0.500000
68847 -44.384 7.212 4.445 0.500000
68848 -45.009 7.665 4.464 0.600000
68851 -44.870 7.447 4.372 0.500000
69303 -46.055 8.250 27.267 0.300000
69304 -46.721 7.867 27.528 0.400000
69305 -47.684 7.715 27.112 0.400000
69306 -47.428 7.918 27.474 0.400000
69307 -47.996 8.383 27.260 0.400000
69311 -44.850 7.926 26.118 0.300000
69312 -45.563 7.543 26.988 0.300000
69313 -47.919 7.761 26.343 0.400000
69314 -48.242 8.319 26.611 0.400000
69315 -48.641 8.337 25.592 0.400000
69318 -42.736 7.610 24.653 0.100000
69319 -43.470 7.969 24.952 0.100000
69320 -44.220 7.390 25.637 0.200000
69321 -48.262 7.761 25.097 0.400000
69322 -49.352 8.232 24.558 0.500000
69328 -49.270 7.696 24.046 0.500000
69329 -49.803 8.678 24.214 0.500000
69331 -49.658 7.647 23.272 0.600000
69335 -49.802 7.752 22.259 0.700000
69343 -49.847 7.704 21.527 0.700000
69357 -50.575 7.269 20.319 0.700000
69358 -50.190 7.610 20.736 0.700000
69368 -39.896 7.634 18.695 0.100000
69369 -50.766 7.601 20.047 0.700000
69374 -39.995 7.336 17.797 0.200000
69375 -40.699 7.840 18.556 0.200000
69376 -41.258 7.455 17.003 0.400000
69377 -41.560 7.822 18.027 0.400000
69384 -40.321 7.318 16.720 0.200000
69385 -40.865 7.474 16.086 0.300000
69386 -41.666 7.591 16.304 0.400000
69387 -42.069 7.591 17.170 0.500000
69388 -42.480 7.726 16.368 0.500000
69389 -51.793 8.068 16.543 1.000000
69390 -51.970 8.122 17.073 0.900000
69396 -39.648 7.473 15.230 0.200000
69397 -42.018 7.788 15.622 0.400000
69398 -50.366 7.703 15.421 0.900000
69399 -51.204 7.971 15.933 0.900000
69400 -51.543 8.543 15.545 1.000000
69401 -51.709 8.550 16.133 1.000000
69404 -39.063 7.567 14.694 0.100000
69405 -39.746 7.520 14.474 0.200000
69406 -40.435 7.557 14.176 0.200000
69407 -41.392 7.689 14.800 0.400000
69408 -42.386 8.106 15.019 0.400000
69409 -49.822 7.791 14.633 0.900000
69410 -51.016 8.462 14.765 1.000000
69411 -51.426 8.948 14.615 1.000000
69412 -51.595 8.886 15.281 1.000000
69417 -39.220 7.444 13.993 0.100000
69418 -39.692 7.573 13.625 0.200000
69419 -40.283 7.678 13.255 0.200000
69420 -41.096 7.659 13.808 0.400000
69421 -49.169 7.888 13.858 1.000000
69422 -50.540 8.695 13.570 1.000000
69423 -51.218 9.015 13.919 1.000000
69426 -38.962 7.394 13.170 0.100000
69427 -39.478 7.837 12.708 0.200000
69428 -40.085 8.191 12.372 0.300000
69429 -40.903 7.834 12.992 0.400000
69430 -47.945 8.164 12.252 1.000000
69431 -48.882 8.405 12.529 1.000000
69432 -49.810 9.229 12.174 1.000000
69433 -50.410 9.512 12.576 1.000000
69437 -38.753 7.855 11.818 0.100000
69438 -39.230 8.363 11.887 0.200000
69439 -47.302 8.131 10.843 0.800000
69440 -48.222 8.614 11.187 1.000000
69441 -49.277 9.220 11.469 1.000000
69444 -39.369 8.008 10.824 0.100000
69445 -39.178 8.298 11.351 0.200000
69446 -39.785 8.527 10.886 0.300000
69447 -46.453 7.731 10.386 0.800000
69448 -47.539 8.641 9.876 0.800000
69449 -48.459 9.148 10.191 1.000000
69453 -41.855 8.030 10.012 0.400000
69454 -45.653 7.365 9.838 0.800000
69455 -46.662 8.279 9.413 0.800000
69456 -47.540 9.151 9.235 0.800000
69460 -42.703 8.248 9.244 0.500000
69461 -43.364 8.931 8.508 0.600000
69462 -45.880 7.768 8.967 0.700000
69463 -46.098 8.614 8.106 0.700000
69467 -43.508 8.132 8.039 0.500000
69468 -44.199 9.041 7.187 0.600000
69469 -45.466 7.862 7.270 0.700000
69470 -45.599 8.683 6.227 0.700000
69475 -43.693 8.325 6.486 0.600000
69476 -44.483 8.955 5.861 0.600000
69477 -45.347 8.437 5.467 0.600000
69481 -44.126 8.626 5.220 0.600000
69486 -44.672 7.887 4.528 0.500000
69487 -44.601 8.380 4.795 0.600000
69488 -44.845 8.021 4.568 0.600000
69489 -45.000 8.397 4.893 0.600000
69931 -46.617 9.009 27.389 0.300000
69932 -47.450 8.773 27.467 0.300000
69933 -48.460 8.928 26.846 0.300000
69934 -48.156 9.190 27.363 0.300000
69939 -45.313 9.623 26.242 0.100000
69940 -45.948 9.327 26.964 0.200000
69941 -48.757 8.853 25.934 0.400000
69942 -48.882 9.501 26.212 0.300000
69943 -49.325 9.246 25.409 0.300000
69948 -43.496 9.001 24.730 0.100000
69949 -44.157 8.370 25.293 0.100000
69950 -49.377 8.734 25.002 0.400000
69951 -49.704 9.272 24.637 0.400000
69956 -49.850 9.241 24.127 0.400000
69958 -49.712 8.600 23.348 0.400000
69961 -46.981 8.671 21.939 0.400000
69962 -45.965 9.053 22.041 0.300000
69963 -46.929 9.247 22.513 0.400000
69964 -49.018 8.647 22.751 0.500000
69965 -49.274 9.322 23.436 0.500000
69966 -49.593 8.089 22.064 0.600000
69977 -46.260 8.613 21.319 0.500000
69978 -45.438 8.898 21.253 0.400000
69979 -47.097 8.417 21.241 0.500000
69980 -48.305 8.354 21.672 0.500000
69981 -49.559 8.054 21.194 0.600000
69988 -45.102 8.739 20.437 0.500000
69989 -44.251 9.050 20.329 0.300000
69990 -46.376 8.462 19.538 0.600000
69991 -47.170 8.402 19.951 0.700000
69992 -48.111 8.299 19.993 0.700000
69993 -49.588 8.134 20.088 0.700000
69996 -40.112 8.206 19.301 0.100000
69997 -40.316 9.031 19.769 0.100000
69998 -41.397 8.250 18.897 0.300000
69999 -41.600 8.799 19.460 0.300000
70000 -42.017 8.356 18.825 0.400000
70001 -42.310 8.890 19.511 0.400000
70002 -42.707 8.378 18.843 0.400000
70003 -43.038 8.879 19.551 0.600000
70004 -44.267 8.366 18.897 0.700000
70005 -43.809 8.748 19.620 0.500000
70006 -45.093 8.444 18.910 0.700000
70007 -45.806 8.420 18.949 0.800000
70008 -47.427 8.479 19.145 0.700000
70009 -48.209 8.532 18.646 0.800000
70010 -49.415 8.464 18.822 0.700000
70011 -50.713 8.094 19.354 0.700000
70014 -42.401 7.931 18.022 0.500000
70015 -43.150 8.058 18.023 0.600000
70016 -43.958 8.149 18.008 0.600000
70017 -44.807 8.370 18.058 0.800000
70018 -46.508 8.535 17.302 0.800000
70019 -47.442 8.524 18.074 0.800000
70020 -48.543 8.679 17.886 0.800000
70021 -49.850 8.779 17.841 0.800000
70022 -51.137 8.864 17.893 0.800000
70023 -51.822 8.355 17.744 0.900000
70025 -42.883 7.674 17.171 0.500000
70026 -43.703 7.857 17.115 0.700000
70027 -45.402 8.396 17.176 0.800000
70028 -45.909 8.779 16.201 0.700000
70029 -47.039 9.166 16.285 0.800000
70030 -49.018 9.028 16.968 0.800000
70031 -50.501 9.337 16.954 0.800000
70032 -51.440 9.064 17.181 0.800000
70033 -51.779 8.800 16.709 0.800000
70036 -42.836 8.077 15.670 0.500000
70037 -43.669 8.369 15.562 0.600000
70038 -45.141 8.738 15.723 0.700000
70039 -46.595 9.349 15.544 0.700000
70040 -47.658 9.550 15.481 0.700000
70041 -48.236 9.382 16.205 0.800000
70042 -49.506 9.559 16.128 0.800000
70046 -42.897 8.362 14.535 0.500000
70047 -43.870 8.605 14.837 0.500000
70048 -44.832 9.032 14.729 0.500000
70049 -45.377 9.137 15.139 0.600000
70050 -46.255 9.478 15.074 0.600000
70051 -42.436 8.270 13.590 0.500000
70052 -43.540 8.522 14.004 0.500000
70053 -44.338 8.805 14.251 0.500000
70054 -50.889 9.541 13.234 1.000000
70055 -51.236 9.369 13.941 1.000000
70057 -40.829 8.284 12.382 0.300000
70058 -41.555 8.157 12.848 0.500000
70059 -42.268 8.466 12.588 0.500000
70060 -43.222 8.555 13.092 0.600000
70061 -44.270 8.857 13.376 0.500000
70062 -50.138 10.005 11.535 1.000000
70063 -50.413 9.832 12.461 1.000000
70067 -39.734 8.593 11.356 0.300000
70068 -40.429 8.629 11.649 0.300000
70069 -41.188 8.952 11.229 0.300000
70070 -42.043 8.803 11.677 0.500000
70071 -42.931 8.834 12.194 0.600000
70072 -49.714 9.939 10.640 1.000000
70073 -49.895 9.995 10.846 0.900000
70074 -50.181 10.074 11.760 0.900000
70077 -40.572 8.893 10.803 0.300000
70078 -41.329 9.036 10.670 0.300000
70079 -41.879 9.092 10.918 0.500000
70080 -49.283 10.019 9.860 0.900000
70081 -49.505 10.126 10.366 0.900000
70084 -42.020 8.725 10.018 0.400000
70085 -41.506 8.888 10.435 0.500000
70086 -42.111 9.031 9.961 0.600000
70087 -48.379 9.704 9.375 0.900000
70088 -48.515 10.139 9.386 0.900000
70092 -42.646 8.978 9.401 0.500000
70093 -47.035 9.262 8.587 0.800000
70094 -47.340 9.993 8.479 0.800000
70095 -48.124 10.021 8.992 0.800000
70099 -46.552 9.676 7.610 0.800000
70100 -46.696 10.088 7.831 0.800000
70105 -44.839 9.397 6.357 0.600000
70106 -45.286 8.955 5.685 0.600000
70110 -44.724 8.740 5.269 0.600000
70111 -44.978 9.172 5.790 0.600000
70577 -46.396 10.119 27.335 0.200000
70578 -46.895 10.864 27.551 0.200000
70579 -47.630 10.517 27.594 0.300000
70580 -48.217 10.070 27.469 0.300000
70581 -48.600 9.678 27.085 0.300000
70586 -45.149 10.577 26.079 0.100000
70587 -45.785 10.380 26.796 0.200000
70588 -48.938 10.259 26.585 0.100000
70589 -49.529 10.062 25.366 0.300000
70596 -49.735 9.819 24.471 0.400000
70602 -49.701 10.059 24.262 0.500000
70604 -47.938 10.446 23.374 0.300000
70605 -49.538 10.017 23.907 0.500000
70606 -49.818 9.248 23.897 0.400000
70609 -45.434 9.816 22.164 0.200000
70610 -46.204 9.698 22.498 0.200000
70611 -46.949 10.049 22.983 0.400000
70622 -44.701 9.261 21.061 0.200000
70623 -44.135 9.832 20.768 0.200000
70624 -44.616 10.007 21.648 0.200000
70632 -41.034 9.276 19.854 0.200000
70633 -41.060 9.990 20.334 0.200000
70634 -41.802 9.533 20.086 0.300000
70635 -42.268 10.131 20.556 0.100000
70636 -42.641 9.492 20.089 0.500000
70637 -42.922 10.033 20.541 0.300000
70638 -43.447 9.477 20.269 0.500000
70639 -43.489 10.427 20.876 0.400000
70645 -51.258 9.374 16.346 0.800000
70648 -47.220 9.638 15.033 0.700000
70649 -50.084 9.956 15.329 0.800000
70650 -50.981 9.677 15.404 0.900000
70651 -51.597 9.156 15.724 1.000000
70656 -45.915 9.391 14.534 0.600000
70657 -46.956 9.578 14.711 0.600000
70658 -47.860 9.773 14.589 0.700000
70659 -48.989 10.062 14.206 0.800000
70660 -50.658 10.108 14.554 0.800000
70664 -45.056 9.300 14.011 0.500000
70665 -46.165 9.417 13.536 0.600000
70666 -48.321 10.002 13.801 0.700000
70667 -49.509 10.272 13.438 0.900000
70668 -50.749 10.043 13.066 0.900000
70671 -43.710 8.935 12.593 0.600000
70672 -45.361 9.230 12.981 0.600000
70673 -47.132 9.867 12.946 0.800000
70674 -48.179 10.104 12.847 0.800000
70675 -49.361 10.287 12.690 0.900000
70677 -42.686 9.193 11.317 0.600000
70678 -43.635 9.285 11.750 0.600000
70679 -45.643 9.676 11.919 0.700000
70680 -47.949 10.191 11.797 0.800000
70681 -49.207 10.370 10.711 0.900000
70684 -41.957 9.076 10.344 0.600000
70685 -42.507 9.259 10.601 0.600000
70686 -43.465 9.442 10.735 0.600000
70687 -46.070 9.952 10.967 0.700000
70688 -47.294 10.472 10.180 0.800000
70689 -48.900 10.382 9.834 0.800000
70692 -44.571 9.823 9.776 0.600000
70693 -45.740 10.376 9.252 0.700000
70694 -46.777 10.457 9.302 0.800000
70695 -47.932 10.413 9.262 0.800000
70698 -46.345 10.471 8.510 0.800000
70699 -46.988 10.274 8.333 0.800000
70700 -47.760 10.195 8.921 0.800000
70703 -44.883 9.885 7.040 0.600000
70704 -45.680 10.091 7.169 0.600000
70705 -46.244 10.346 7.735 0.800000
70706 -46.151 9.912 7.241 0.700000
70711 -45.422 9.520 6.564 0.700000
71170 -46.717 11.821 27.470 0.100000
71171 -47.466 11.477 27.635 0.200000
71172 -48.268 11.054 27.564 0.300000
71173 -48.807 11.010 27.087 0.100000
71179 -45.606 11.333 26.596 0.100000
71180 -46.219 11.150 27.244 0.100000
71181 -49.203 10.929 26.074 0.100000
71187 -44.875 11.417 25.884 0.100000
71188 -49.787 10.551 24.641 0.400000
71195 -49.722 11.024 24.282 0.400000
71197 -48.232 11.468 23.391 0.100000
71198 -48.999 10.759 23.665 0.300000
71199 -49.624 10.766 24.054 0.400000
71201 -45.446 11.431 22.262 0.100000
71202 -46.032 10.629 22.611 0.200000
71203 -47.063 11.097 23.187 0.100000
71214 -44.127 10.519 21.192 0.200000
71215 -43.817 11.243 21.380 0.200000
71216 -44.522 11.115 21.834 0.200000
71222 -41.091 10.828 20.554 0.200000
71223 -41.902 10.983 20.839 0.100000
71224 -42.691 10.689 20.917 0.200000
71699 -47.299 12.335 27.558 0.100000
71700 -48.053 11.992 27.615 0.100000
71704 -45.435 12.138 26.381 0.100000
71705 -45.967 12.824 26.949 0.100000
71706 -46.608 12.671 27.352 0.100000
71707 -48.860 11.677 26.642 0.100000
71708 -48.790 12.295 26.152 0.100000
71714 -43.664 12.393 25.140 0.100000
71715 -44.514 12.142 25.622 0.100000
71716 -49.353 11.576 25.605 0.200000
71717 -49.721 11.314 24.762 0.300000
71723 -49.584 11.690 24.323 0.200000
71725 -49.284 11.721 23.776 0.100000
71727 -45.891 12.333 22.084 0.100000
71728 -46.433 11.732 22.642 0.100000
71729 -47.478 12.088 22.954 0.100000
71740 -43.378 12.102 21.430 0.200000
71741 -42.498 11.501 21.145 0.100000
71742 -44.300 12.060 21.638 0.200000
71743 -45.092 12.832 21.624 0.100000
71751 -41.269 11.688 20.759 0.100000
72236 -48.421 12.429 27.150 0.100000
72242 -45.944 13.477 26.611 0.100000
72243 -46.700 13.550 27.154 0.100000
72244 -47.320 13.117 27.391 0.100000
72245 -48.054 13.252 27.166 0.100000
72246 -48.407 12.996 26.663 0.100000
72249 -39.564 12.986 25.767 0.100000
72250 -40.435 13.257 25.112 0.100000
72251 -44.481 12.854 25.451 0.100000
72252 -45.380 12.778 26.096 0.100000
72253 -49.343 12.159 25.001 0.100000
72254 -48.646 12.904 25.753 0.100000
72256 -41.359 13.767 24.736 0.100000
72257 -42.054 12.942 24.540 0.100000
72258 -43.563 13.186 24.827 0.100000
72259 -49.284 12.375 24.096 0.100000
72260 -48.614 13.130 23.996 0.100000
72262 -48.377 12.452 23.209 0.100000
72263 -48.760 12.704 23.448 0.100000
72265 -47.069 12.520 22.140 0.100000
72266 -48.015 12.856 22.293 0.100000
72267 -48.431 13.212 22.611 0.100000
72268 -48.491 13.772 22.182 0.100000
72279 -42.605 12.379 21.219 0.100000
72280 -43.174 12.894 21.315 0.100000
72281 -43.956 12.871 21.493 0.200000
72282 -46.347 13.064 21.669 0.100000
72283 -47.580 13.234 21.655 0.100000
72284 -48.356 13.677 21.739 0.100000
72295 -41.987 12.861 20.915 0.100000
72296 -42.641 13.407 20.981 0.100000
72742 -47.135 14.439 26.925 0.100000
72743 -47.580 13.913 27.146 0.100000
72744 -48.170 13.737 26.500 0.100000
72745 -47.693 14.528 26.592 0.100000
72749 -40.515 14.259 25.411 0.100000
72750 -40.942 14.835 25.349 0.100000
72751 -44.369 13.512 25.254 0.100000
72752 -44.792 14.210 25.398 0.100000
72753 -45.832 14.332 26.196 0.100000
72754 -48.378 13.481 25.264 0.100000
72755 -48.038 14.286 25.901 0.100000
72757 -42.472 13.476 24.526 0.100000
72758 -43.007 14.012 24.488 0.100000
72759 -43.845 14.104 24.832 0.100000
72760 -48.006 14.055 24.605 0.100000
72762 -48.425 13.724 23.372 0.100000
72763 -48.539 14.063 22.370 0.100000
72765 -48.600 14.135 21.671 0.100000
72773 -44.540 13.548 21.147 0.100000
72774 -45.694 13.591 21.201 0.100000
72775 -46.971 13.650 21.152 0.100000
72776 -48.219 13.853 21.064 0.100000
72777 -48.742 14.371 21.114 0.100000
72795 -41.950 13.672 20.591 0.100000
72796 -43.148 14.208 20.704 0.100000
72797 -44.078 14.256 20.734 0.100000
72798 -45.132 14.136 20.639 0.100000
72799 -46.334 14.137 20.615 0.100000
72800 -47.707 14.163 20.484 0.100000
72801 -48.690 14.543 20.581 0.100000
73197 -39.881 14.819 27.251 0.100000
73207 -39.646 15.305 27.083 0.100000
73209 -40.158 15.281 26.996 0.100000
73217 -40.580 15.480 26.089 0.100000
73218 -42.028 14.610 24.711 0.100000
73219 -41.334 15.443 25.376 0.100000
73220 -42.212 15.701 25.082 0.100000
73221 -45.083 15.786 25.496 0.100000
73222 -46.053 15.455 26.137 0.100000
73223 -46.666 14.880 26.571 0.100000
73224 -47.259 15.114 26.459 0.100000
73225 -47.655 14.999 25.777 0.100000
73228 -43.104 14.869 24.628 0.100000
73229 -44.230 15.083 24.954 0.100000
73230 -47.565 14.903 24.500 0.100000
73232 -48.034 14.303 23.380 0.100000
73233 -47.507 14.990 23.346 0.100000
73235 -48.209 14.644 22.324 0.100000
73236 -48.778 14.584 21.383 0.100000
73239 -49.017 14.859 20.742 0.100000
73252 -43.639 14.892 20.276 0.100000
73253 -44.622 14.780 20.186 0.100000
73254 -45.724 14.653 20.049 0.100000
73255 -46.970 14.570 19.912 0.100000
73256 -48.115 14.798 19.971 0.100000
73257 -48.758 15.114 20.144 0.100000
73273 -46.299 15.062 19.338 0.100000
73274 -47.454 15.041 19.292 0.100000
73275 -48.277 15.253 19.382 0.100000
73683 -40.026 15.715 26.853 0.100000
73697 -41.975 16.526 25.428 0.100000
73698 -43.305 15.774 24.787 0.100000
73701 -45.959 16.485 25.819 0.100000
73702 -46.782 15.639 26.289 0.100000
73703 -47.266 15.545 25.285 0.100000
73704 -46.856 16.352 25.239 0.100000
73713 -47.028 15.589 24.292 0.100000
73714 -46.990 15.671 23.293 0.100000
73715 -46.615 16.400 23.958 0.100000
73717 -46.958 16.468 22.621 0.100000
73718 -48.530 15.057 21.596 0.100000
73719 -47.955 15.940 21.394 0.100000
73721 -49.025 15.122 20.923 0.100000
73722 -48.966 15.112 20.398 0.100000
74154 -44.935 16.690 25.457 0.100000
74156 -45.561 17.499 25.634 0.100000
74157 -46.355 17.369 25.649 0.100000
74158 -46.612 17.141 25.411 0.100000
74171 -46.694 17.376 24.797 0.100000
74176 -46.372 17.452 23.515 0.100000
74661 -44.071 18.703 25.228 0.100000
74662 -44.980 18.423 25.617 0.100000
74663 -46.015 18.356 25.595 0.100000
74664 -46.535 18.179 25.244 0.100000
74676 -46.400 18.315 24.316 0.100000
74687 -46.295 18.526 23.177 0.100000
75162 -44.659 19.293 25.348 0.100000
75163 -45.565 19.191 25.497 0.100000
75164 -46.250 19.143 25.262 0.100000
75165 -45.883 19.837 25.097 0.100000
75173 -43.410 19.836 24.557 0.100000
75174 -46.275 19.688 24.819 0.100000
75175 -46.326 19.747 24.126 0.100000
75669 -45.136 19.738 25.172 0.100000
75675 -42.846 20.001 24.100 0.100000
75676 -43.582 20.328 24.212 0.100000
75677 -44.291 19.995 24.788 0.100000
75678 -45.186 20.194 24.595 0.100000
75679 -45.927 20.197 24.264 0.100000
75686 -43.151 20.208 23.640 0.100000
75687 -43.860 20.513 23.790 0.100000
75688 -46.171 20.191 23.287 0.100000
76124 -44.400 20.506 24.160 0.100000
76125 -45.233 20.553 23.866 0.100000
76134 -45.327 20.603 23.081 0.100000
88844 -44.634 8.635 19.656 0.600000
88893 -48.131 10.465 10.740 0.800000
88947 -44.527 8.704 15.338 0.600000
88982 -51.080 9.993 13.745 0.900000
88998 -50.347 10.157 12.750 0.900000
89003 -41.235 16.013 25.699 0.100000
89007 -49.710 8.569 12.908 1.000000
89065 -47.478 6.545 15.352 0.900000
89093 -41.963 8.009 14.241 0.400000
89102 -38.584 2.325 24.647 0.100000
89132 -36.297 3.579 24.700 0.100000
89138 -43.320 7.924 16.327 0.500000
89143 -44.138 9.850 8.845 0.700000
89196 -51.086 1.627 14.855 0.200000
89299 -42.998 -9.274 24.547 0.100000
89303 -42.553 -0.136 14.579 0.200000
89305 -47.134 5.747 17.953 0.700000
89388 -36.774 0.666 24.161 0.200000
89389 -45.454 8.530 19.614 0.600000
89399 -44.266 8.309 16.174 0.700000
89426 -34.009 -0.916 29.657 0.100000
89491 -42.694 -9.630 22.605 0.100000
89557 -33.245 -2.324 29.470 0.100000
89565 -47.746 8.758 17.050 0.800000
89567 -44.581 0.300 12.496 0.200000
89575 -42.121 6.901 8.652 0.200000
89614 -44.060 -0.787 13.762 0.200000
89633 -46.498 9.747 12.457 0.800000
89634 -47.139 9.585 13.886 0.700000
89640 -46.513 8.431 18.520 0.800000
89641 -45.671 8.380 18.158 0.800000
89668 -36.746 1.476 24.367 0.100000
89954 -51.932 -0.649 13.029 0.200000
90086 -44.736 4.090 8.161 0.500000
90140 -46.916 10.153 11.365 0.800000
90144 -45.395 -1.208 5.596 0.100000
90197 -48.502 -16.569 27.902 0.100000
90245 -44.540 9.251 12.324 0.600000
90282 -50.272 10.325 13.717 0.900000
90390 -45.567 5.058 24.862 0.700000
90406 -37.976 3.327 24.580 0.100000
90483 -49.703 -1.776 17.667 0.200000
90486 -48.538 -4.544 20.479 0.100000
90510 -44.526 8.187 17.138 0.700000
90737 -36.722 -1.972 30.178 0.100000
90868 -45.232 13.460 25.738 0.100000
90869 -46.075 12.068 27.066 0.100000
90871 -47.704 15.399 22.397 0.100000
90971 -50.525 -16.200 28.391 0.100000
91060 -47.947 -0.135 13.271 0.200000
91073 -43.353 9.337 8.925 0.600000
91142 -49.333 10.364 11.647 0.900000
91168 -43.452 -8.900 27.126 0.100000
91175 -42.862 2.460 5.635 0.300000
91317 -33.899 -3.401 32.637 0.100000
91345 -51.700 -1.912 21.501 0.100000
91349 -49.851 -2.270 18.696 0.200000
91429 -42.341 1.328 21.398 0.800000
91465 -46.448 19.131 24.769 0.100000
91483 -50.763 6.718 19.726 0.800000
91497 -50.066 -15.342 28.456 0.100000
91506 -31.530 -4.104 40.057 0.100000
91623 -46.568 5.622 21.049 0.600000
91635 -46.321 -9.083 23.479 0.100000
91669 -49.845 8.615 23.790 0.500000
91780 -46.606 -0.410 5.623 0.100000
91833 -48.448 -17.494 28.152 0.100000
91943 -48.615 10.395 27.263 0.200000
91971 -44.506 2.888 9.468 0.400000
92013 -39.693 -9.495 21.411 0.100000
92107 -35.567 -0.399 24.012 0.200000
92108 -35.864 0.965 24.313 0.100000
92143 -51.020 -11.652 28.775 0.100000
92161 -46.777 -6.349 20.451 0.100000
92163 -50.392 -14.537 28.706 0.100000
92176 -43.657 1.511 4.927 0.200000
92218 -43.409 -8.797 26.065 0.100000
92275 -47.844 1.558 11.274 0.200000
92299 -43.403 -8.831 26.545 0.100000
92361 -48.524 -4.054 19.279 0.100000
92405 -44.797 9.578 11.106 0.700000
92448 -46.565 8.459 20.500 0.500000
92590 -48.669 -2.449 16.303 0.200000
92607 -49.138 2.312 10.798 0.200000
92733 -49.806 2.565 10.027 0.300000
92879 -33.775 2.450 25.069 0.100000
93050 -48.795 -5.591 22.705 0.100000
93055 -34.082 -0.453 29.915 0.100000
93079 -47.595 8.291 20.680 0.500000
93189 -41.701 2.113 20.047 0.700000
93234 -44.658 4.718 15.978 0.800000
93283 -45.832 9.334 6.731 0.700000
93391 -48.770 0.190 5.396 0.100000
93502 -52.366 -2.201 11.731 0.100000
93531 -39.593 -2.343 18.611 0.300000
93687 -48.910 12.780 24.768 0.100000
93720 -45.893 5.821 24.989 0.600000
93744 -49.576 10.139 14.652 0.800000
93756 -32.239 -2.203 25.653 0.100000
93763 -40.884 8.531 19.352 0.200000
93779 -51.212 -1.950 20.107 0.100000
93823 -41.773 -9.627 22.730 0.100000
93870 -43.550 13.561 21.115 0.100000
93943 -47.121 9.821 27.532 0.200000
94010 -47.976 2.470 5.293 0.200000
94081 -33.709 -2.558 32.132 0.100000
94138 -51.451 8.155 18.616 0.700000
94221 -51.647 -18.806 28.141 0.100000
94235 -42.856 3.234 17.880 0.800000
94293 -44.719 5.636 13.604 0.800000
94346 -39.021 -2.131 22.513 0.500000
94377 -47.752 9.654 27.517 0.300000
94475 -41.650 3.192 7.830 0.100000
94481 -44.873 6.579 10.167 0.700000
94504 -43.141 2.426 22.746 0.700000
94584 -52.957 -0.223 9.987 0.200000
94590 -51.598 -13.060 28.583 0.100000
94681 -45.598 -0.388 5.513 0.100000
94728 -48.671 3.671 8.070 0.200000
94746 -44.377 4.097 20.827 0.700000
94893 -38.472 -9.466 22.168 0.100000
94979 -48.023 -8.169 30.950 0.100000
94987 -51.176 4.149 8.674 0.300000
95034 -49.946 0.906 5.110 0.200000
95082 -38.614 1.018 24.214 0.100000
95120 -45.416 4.581 18.632 0.700000
95121 -48.012 9.433 23.128 0.400000
95169 -52.552 -17.279 26.929 0.100000
95186 -36.792 -0.860 31.117 0.100000
95193 -39.579 7.272 15.996 0.100000
95268 -52.145 -16.272 28.467 0.100000
95309 -49.941 -4.223 22.642 0.100000
95390 -49.809 8.131 23.815 0.500000
95452 -48.864 -6.837 25.510 0.100000
95467 -41.156 8.592 10.417 0.300000
95520 -47.737 -7.013 22.250 0.100000
95588 -46.448 6.153 25.627 0.500000
95660 -45.803 -8.728 22.002 0.100000
95678 -44.624 -3.371 16.103 0.100000
95681 -48.601 -5.143 21.757 0.100000
95723 -45.429 8.589 26.534 0.300000
95735 -39.011 -0.642 23.396 0.500000
95778 -39.406 2.191 24.870 0.100000
95792 -33.961 -4.408 38.522 0.100000
95801 -53.361 2.957 11.804 0.300000
95820 -43.441 8.361 18.852 0.600000
95878 -46.380 -8.199 21.759 0.100000
95974 -51.948 -2.987 15.705 0.100000
96025 -41.524 -4.745 18.141 0.100000
96027 -39.067 -1.883 20.079 0.400000
96048 -43.569 -7.153 19.416 0.100000
96054 -47.596 -10.662 30.832 0.100000
96086 -49.406 6.288 19.553 0.700000
96181 -49.005 3.586 5.439 0.200000
96230 -51.364 -18.816 28.444 0.100000
96284 -44.380 10.620 25.495 0.100000
96299 -46.710 16.437 25.879 0.100000
96416 -45.457 -11.442 29.433 0.100000
96419 -51.234 -9.813 28.076 0.100000
96524 -33.549 -5.630 34.722 0.100000
96635 -45.110 10.573 22.176 0.100000
96646 -49.666 6.864 21.562 0.800000
96666 -43.759 3.341 20.148 0.700000
96671 -48.546 -6.819 26.504 0.100000
96746 -42.994 9.338 9.798 0.600000
96754 -43.272 4.051 13.962 0.700000
96788 -40.801 7.566 17.605 0.200000
96804 -48.516 11.675 27.351 0.100000
96812 -45.173 10.163 7.900 0.700000
96853 -53.530 2.578 11.072 0.300000
96866 -44.932 6.177 4.133 0.400000
96918 -46.911 3.999 6.737 0.400000
96939 -44.596 17.486 25.410 0.100000
96967 -47.821 9.756 8.922 0.800000
97016 -44.075 5.382 10.386 0.700000
97110 -32.527 -2.378 29.304 0.100000
97151 -44.962 4.408 22.206 0.600000
97234 -43.143 8.376 15.145 0.600000
97315 -41.950 11.981 21.015 0.100000
97348 -40.355 14.870 26.471 0.100000
97473 -41.352 0.227 15.735 0.500000
97557 -53.532 -1.980 20.755 0.100000
97563 -44.838 5.812 26.908 0.300000
97565 -32.242 -1.613 29.262 0.100000
97677 -45.241 2.886 4.536 0.300000
97682 -46.327 -5.182 18.656 0.100000
97728 -43.314 1.448 24.622 0.600000
97775 -44.320 3.887 18.819 0.700000
97791 -44.146 9.566 8.054 0.700000
97925 -41.553 -9.398 23.620 0.100000
98008 -50.449 -20.315 26.998 0.100000
98117 -33.092 -1.382 29.499 0.100000
98188 -42.380 -3.281 17.079 0.200000
98299 -51.271 -19.219 26.901 0.100000
98350 -41.812 2.438 16.546 0.800000
98457 -49.844 8.051 23.165 0.700000
98485 -39.953 8.216 10.524 0.300000
98521 -52.227 0.038 11.646 0.200000
98680 -45.201 9.410 21.627 0.200000
98723 -53.225 3.812 8.074 0.300000
98737 -45.273 10.314 8.692 0.700000
98841 -36.783 -2.118 23.165 0.300000
98902 -48.574 13.411 22.916 0.100000
98915 -48.517 8.407 19.335 0.700000
98922 -45.748 20.462 23.463 0.100000
99016 -45.865 -8.894 27.509 0.100000
99019 -44.486 3.435 25.005 0.600000
99165 -47.683 1.182 11.746 0.200000
99200 -39.981 0.284 18.515 0.600000
99201 -51.168 -0.369 9.173 0.100000
99220 -38.987 -1.215 23.014 0.500000
99221 -49.593 6.333 18.099 0.700000
99289 -51.336 9.479 14.678 1.000000
99296 -50.834 -12.348 28.812 0.100000
99297 -48.626 8.167 20.752 0.700000
99338 -45.128 6.822 11.523 0.900000
99351 -48.161 -7.594 25.984 0.100000
99384 -45.151 -8.627 28.822 0.100000
99420 -43.359 3.327 26.359 0.400000
99421 -51.983 -13.796 28.758 0.100000
99464 -38.908 2.940 24.856 0.100000
99512 -34.885 -7.401 23.739 0.100000
99523 -50.848 -2.708 22.673 0.100000
99612 -53.467 -0.698 16.362 0.200000
99661 -45.852 10.173 10.111 0.800000
99774 -32.673 -3.910 39.482 0.100000
99786 -48.496 -6.095 27.987 0.100000
99793 -46.371 19.134 23.945 0.100000
99862 -39.614 -7.510 19.840 0.100000
100046 -40.734 7.984 10.242 0.300000
100059 -44.059 4.801 4.311 0.300000
100143 -41.475 12.442 20.791 0.100000
100185 -40.183 7.358 15.809 0.200000
100267 -52.812 0.178 13.952 0.200000
100323 -53.354 1.195 14.945 0.200000
100331 -51.032 2.876 5.547 0.200000
100450 -52.474 3.697 9.661 0.300000
100466 -40.374 -9.420 23.761 0.100000
100509 -47.049 -7.610 21.952 0.100000
100571 -52.430 1.756 6.877 0.100000
100685 -45.463 7.630 8.239 0.700000
100742 -45.565 5.902 26.987 0.300000
100758 -45.076 11.982 21.810 0.100000
101123 -46.293 -13.085 28.243 0.100000
101125 -43.029 1.114 24.402 0.500000
101127 -53.253 -14.711 27.311 0.100000
101201 -52.315 -13.495 28.154 0.100000
101209 -32.721 -5.512 26.759 0.100000
101405 -42.633 -0.810 6.087 0.100000
101818 -35.431 0.259 24.203 0.200000
101843 -47.236 10.361 8.811 0.800000
102006 -47.178 -13.396 28.185 0.100000
102019 -43.882 4.885 26.689 0.200000
102025 -45.541 4.861 21.793 0.600000
102156 -40.501 7.475 15.153 0.200000
102187 -52.318 -13.230 26.712 0.100000
102286 -41.288 7.593 15.592 0.300000
102302 -50.663 -9.385 30.132 0.100000
102322 -40.369 8.520 10.589 0.300000
102412 -47.672 6.383 22.847 0.700000
102435 -31.969 -0.180 29.786 0.100000
102444 -47.394 -6.993 21.852 0.100000
102455 -51.231 -14.421 28.955 0.100000
102467 -43.111 11.267 21.242 0.200000
102525 -45.030 8.468 16.424 0.700000
102526 -44.619 -9.329 26.790 0.100000
102539 -45.828 9.111 15.469 0.700000
102546 -46.274 5.945 26.473 0.300000
102566 -44.551 3.186 26.215 0.400000
102594 -33.808 -5.729 35.527 0.100000
102659 -46.945 5.968 22.391 0.600000
102671 -48.654 7.969 13.312 1.000000
102735 -39.278 -1.834 19.287 0.400000
102889 -51.481 -5.994 29.352 0.100000
102893 -52.627 -13.990 28.392 0.100000
102894 -47.202 -1.498 7.132 0.100000
102983 -45.837 8.538 20.159 0.500000
103141 -51.730 3.930 9.438 0.300000
103161 -41.360 8.541 12.047 0.400000
103162 -48.874 9.721 15.382 0.800000
103228 -47.434 -7.677 27.264 0.100000
103352 -46.085 8.953 7.021 0.700000
103382 -46.305 -1.271 5.868 0.100000
103386 -47.257 -5.399 19.835 0.100000
103430 -50.616 8.500 18.575 0.700000
103436 -34.378 -6.912 24.018 0.200000
103450 -36.082 -3.705 33.551 0.100000
103455 -40.506 9.679 20.158 0.100000
103610 -43.206 0.699 12.934 0.300000
103672 -31.085 -4.368 40.001 0.100000
103683 -44.477 5.705 4.222 0.300000
103727 -39.975 -1.804 18.079 0.400000
103773 -47.847 12.673 27.448 0.100000
103786 -47.422 5.750 20.023 0.600000
103829 -50.528 9.659 16.014 0.800000
103841 -40.893 -5.063 18.388 0.100000
103873 -33.778 -1.755 29.533 0.100000
103946 -41.623 10.273 20.517 0.200000
103972 -48.037 -7.216 30.462 0.100000
104001 -46.630 6.748 27.441 0.300000
104138 -44.694 9.013 25.646 0.100000
104179 -43.529 7.994 5.549 0.600000
104436 -53.679 -2.734 18.564 0.100000
104523 -53.068 -16.054 27.789 0.100000
104534 -47.889 -7.443 26.774 0.100000
104545 -33.022 -5.771 25.571 0.100000
104605 -44.605 4.909 4.207 0.400000
104612 -32.215 -1.418 25.629 0.100000
104666 -51.485 -15.942 28.545 0.100000
104715 -50.212 -4.393 29.275 0.100000
104738 -51.127 -11.146 28.529 0.100000
104776 -44.164 3.255 10.068 0.600000
104807 -40.959 -9.445 23.695 0.100000
104813 -35.984 -4.415 22.520 0.200000
104839 -53.117 2.576 12.449 0.300000
104840 -45.904 5.000 18.397 0.700000
104930 -48.613 -8.076 31.357 0.100000
104947 -51.131 -10.406 28.815 0.100000
104957 -38.250 -9.157 21.595 0.100000
105012 -45.806 8.607 20.734 0.500000
105173 -52.634 1.336 7.714 0.100000
105197 -53.639 -0.998 17.497 0.100000
105286 -46.515 14.116 26.745 0.100000
105287 -38.175 0.492 23.969 0.200000
105289 -45.347 -9.266 26.812 0.100000
105329 -48.742 9.978 23.532 0.400000
105367 -32.030 -4.316 27.557 0.100000
105562 -49.431 -15.974 28.121 0.100000
105576 -52.148 -12.707 26.895 0.100000
105592 -45.233 14.954 25.555 0.100000
105666 -34.119 -4.966 37.719 0.100000
105688 -31.724 -2.397 32.006 0.100000
105730 -50.198 -7.515 31.393 0.100000
105741 -42.405 2.797 6.204 0.300000
105768 -47.142 15.752 25.945 0.100000
105797 -49.729 8.162 22.740 0.600000
105826 -43.626 4.865 12.451 0.800000
105849 -32.242 -4.350 38.766 0.100000
105852 -45.274 -8.723 21.608 0.100000
105857 -48.334 9.807 14.858 0.800000
105884 -38.857 7.877 12.317 0.100000
105911 -44.968 4.413 19.785 0.600000
105913 -50.332 2.390 12.398 0.300000
105941 -47.537 9.699 14.379 0.700000
105971 -45.359 -3.255 15.757 0.100000
105976 -51.594 7.158 17.763 1.000000
105999 -39.286 -6.857 19.739 0.100000
106046 -31.922 -4.594 38.172 0.100000
106186 -50.678 -2.602 21.221 0.100000
106227 -38.160 -2.004 32.175 0.100000
106358 -48.677 -0.390 5.689 0.100000
106385 -40.557 1.410 24.909 0.300000
106406 -42.438 14.111 20.549 0.100000
106408 -51.026 -18.152 26.086 0.100000
106419 -49.423 -8.185 31.572 0.100000
106463 -41.864 -2.820 17.154 0.200000
106563 -42.458 1.109 21.761 0.700000
106594 -46.909 -12.758 28.574 0.100000
106609 -48.180 6.718 23.092 0.700000
106621 -47.784 8.842 22.444 0.500000
106643 -32.171 -2.007 31.714 0.100000
106828 -50.966 3.796 9.317 0.300000
106846 -38.282 2.783 24.640 0.100000
107021 -39.050 -3.245 21.361 0.400000
107121 -44.856 4.264 18.840 0.700000
107138 -51.097 6.639 19.180 0.800000
107213 -50.482 -13.019 28.970 0.100000
107235 -41.764 2.841 7.394 0.100000
107245 -41.578 7.936 13.507 0.400000
107258 -50.046 4.442 6.181 0.200000
107294 -48.949 -5.611 27.751 0.100000
107304 -51.084 2.874 12.485 0.200000
107319 -47.924 -4.527 19.160 0.100000
107442 -40.007 0.254 20.163 0.500000
107446 -47.180 -3.874 17.202 0.100000
107470 -49.216 9.557 10.517 1.000000
107471 -45.188 5.933 6.487 0.600000
107481 -46.436 8.418 8.787 0.700000
107520 -49.741 10.921 25.218 0.300000
107570 -39.756 8.518 11.763 0.300000
107605 -44.941 3.792 25.486 0.700000
107646 -37.416 1.834 24.478 0.100000
107661 -45.712 8.289 7.677 0.700000
107754 -52.979 -0.774 15.096 0.200000
107755 -49.384 -6.558 31.336 0.100000
107810 -42.969 -9.656 21.860 0.100000
107854 -45.349 6.233 26.967 0.300000
107922 -42.878 11.809 21.295 0.100000
107970 -45.150 -8.436 29.421 0.100000
107991 -49.642 -7.327 31.650 0.100000
108063 -43.486 -0.612 14.013 0.200000
108152 -33.073 -5.128 37.512 0.100000
108187 -34.825 -1.669 24.153 0.200000
108202 -35.293 -0.722 31.090 0.100000
108236 -45.812 10.466 8.136 0.800000
108237 -49.777 7.614 22.701 0.700000
108250 -51.657 2.373 5.732 0.200000
108264 -44.730 9.911 25.659 0.100000
108335 -44.137 9.023 25.064 0.100000
108346 -49.385 -15.420 28.183 0.100000
108449 -45.464 -6.843 19.793 0.100000
108494 -34.673 1.352 24.641 0.100000
108496 -40.019 -9.328 20.932 0.100000
108617 -52.973 -13.903 26.840 0.100000
108642 -42.065 4.232 25.986 0.200000
108703 -42.673 -1.979 5.121 0.100000
108768 -35.517 -3.309 29.654 0.100000
108970 -48.079 6.690 15.743 0.900000
109083 -46.438 16.000 26.106 0.100000
109142 -44.761 -11.309 29.390 0.100000
109157 -51.086 -17.662 28.418 0.100000
