#!ascii label  , from subject OAS1_0001-3 vox2ras=TkReg 
918
68052 -46.077 6.333 27.396 0.000000
68059 -43.913 5.658 26.538 0.000000
68686 -46.074 7.389 27.575 0.000000
68687 -46.353 6.990 27.693 0.000000
68688 -47.057 7.281 27.541 0.000000
68692 -44.085 6.482 26.170 0.000000
68693 -44.948 6.825 26.683 0.000000
68694 -45.754 6.672 27.326 0.000000
68696 -47.200 7.028 26.953 0.000000
69303 -46.055 8.250 27.267 0.000000
69304 -46.721 7.867 27.528 0.000000
69305 -47.684 7.715 27.112 0.000000
69306 -47.428 7.918 27.474 0.000000
69307 -47.996 8.383 27.260 0.000000
69311 -44.850 7.926 26.118 0.000000
69312 -45.563 7.543 26.988 0.000000
69313 -47.919 7.761 26.343 0.000000
69314 -48.242 8.319 26.611 0.000000
69315 -48.641 8.337 25.592 0.000000
69319 -43.470 7.969 24.952 0.000000
69320 -44.220 7.390 25.637 0.000000
69321 -48.262 7.761 25.097 0.000000
69931 -46.617 9.009 27.389 0.000000
69932 -47.450 8.773 27.467 0.000000
69933 -48.460 8.928 26.846 0.000000
69934 -48.156 9.190 27.363 0.000000
69939 -45.313 9.623 26.242 0.000000
69940 -45.948 9.327 26.964 0.000000
69941 -48.757 8.853 25.934 0.000000
69942 -48.882 9.501 26.212 0.000000
69948 -43.496 9.001 24.730 0.000000
69949 -44.157 8.370 25.293 0.000000
70577 -46.396 10.119 27.335 0.000000
70578 -46.895 10.864 27.551 0.000000
70579 -47.630 10.517 27.594 0.000000
70580 -48.217 10.070 27.469 0.000000
70581 -48.600 9.678 27.085 0.000000
70586 -45.149 10.577 26.079 0.000000
70587 -45.785 10.380 26.796 0.000000
70588 -48.938 10.259 26.585 0.000000
70589 -49.529 10.062 25.366 0.000000
70594 -43.564 10.612 25.020 0.000000
70604 -47.938 10.446 23.374 0.000000
71170 -46.717 11.821 27.470 0.000000
71171 -47.466 11.477 27.635 0.000000
71172 -48.268 11.054 27.564 0.000000
71173 -48.807 11.010 27.087 0.000000
71179 -45.606 11.333 26.596 0.000000
71180 -46.219 11.150 27.244 0.000000
71181 -49.203 10.929 26.074 0.000000
71186 -44.021 11.394 25.345 0.000000
71187 -44.875 11.417 25.884 0.000000
71188 -49.787 10.551 24.641 0.000000
71197 -48.232 11.468 23.391 0.000000
71198 -48.999 10.759 23.665 0.000000
71201 -45.446 11.431 22.262 0.000000
71202 -46.032 10.629 22.611 0.000000
71216 -44.522 11.115 21.834 0.000000
71223 -41.902 10.983 20.839 0.000000
71699 -47.299 12.335 27.558 0.000000
71700 -48.053 11.992 27.615 0.000000
71704 -45.435 12.138 26.381 0.000000
71705 -45.967 12.824 26.949 0.000000
71706 -46.608 12.671 27.352 0.000000
71707 -48.860 11.677 26.642 0.000000
71708 -48.790 12.295 26.152 0.000000
71714 -43.664 12.393 25.140 0.000000
71715 -44.514 12.142 25.622 0.000000
71716 -49.353 11.576 25.605 0.000000
71717 -49.721 11.314 24.762 0.000000
71721 -42.152 12.226 24.692 0.000000
71722 -42.956 11.992 24.964 0.000000
71723 -49.584 11.690 24.323 0.000000
71725 -49.284 11.721 23.776 0.000000
71727 -45.891 12.333 22.084 0.000000
71728 -46.433 11.732 22.642 0.000000
71729 -47.478 12.088 22.954 0.000000
71740 -43.378 12.102 21.430 0.000000
71741 -42.498 11.501 21.145 0.000000
71742 -44.300 12.060 21.638 0.000000
71743 -45.092 12.832 21.624 0.000000
72236 -48.421 12.429 27.150 0.000000
72242 -45.944 13.477 26.611 0.000000
72243 -46.700 13.550 27.154 0.000000
72244 -47.320 13.117 27.391 0.000000
72245 -48.054 13.252 27.166 0.000000
72246 -48.407 12.996 26.663 0.000000
72251 -44.481 12.854 25.451 0.000000
72252 -45.380 12.778 26.096 0.000000
72253 -49.343 12.159 25.001 0.000000
72254 -48.646 12.904 25.753 0.000000
72256 -41.359 13.767 24.736 0.000000
72257 -42.054 12.942 24.540 0.000000
72258 -43.563 13.186 24.827 0.000000
72259 -49.284 12.375 24.096 0.000000
72260 -48.614 13.130 23.996 0.000000
72262 -48.377 12.452 23.209 0.000000
72263 -48.760 12.704 23.448 0.000000
72265 -47.069 12.520 22.140 0.000000
72266 -48.015 12.856 22.293 0.000000
72267 -48.431 13.212 22.611 0.000000
72268 -48.491 13.772 22.182 0.000000
72279 -42.605 12.379 21.219 0.000000
72280 -43.174 12.894 21.315 0.000000
72281 -43.956 12.871 21.493 0.000000
72282 -46.347 13.064 21.669 0.000000
72283 -47.580 13.234 21.655 0.000000
72284 -48.356 13.677 21.739 0.000000
72295 -41.987 12.861 20.915 0.000000
72296 -42.641 13.407 20.981 0.000000
72736 -39.586 14.221 27.223 0.000000
72742 -47.135 14.439 26.925 0.000000
72743 -47.580 13.913 27.146 0.000000
72744 -48.170 13.737 26.500 0.000000
72745 -47.693 14.528 26.592 0.000000
72749 -40.515 14.259 25.411 0.000000
72750 -40.942 14.835 25.349 0.000000
72751 -44.369 13.512 25.254 0.000000
72752 -44.792 14.210 25.398 0.000000
72753 -45.832 14.332 26.196 0.000000
72754 -48.378 13.481 25.264 0.000000
72755 -48.038 14.286 25.901 0.000000
72757 -42.472 13.476 24.526 0.000000
72758 -43.007 14.012 24.488 0.000000
72759 -43.845 14.104 24.832 0.000000
72760 -48.006 14.055 24.605 0.000000
72762 -48.425 13.724 23.372 0.000000
72763 -48.539 14.063 22.370 0.000000
72765 -48.600 14.135 21.671 0.000000
72773 -44.540 13.548 21.147 0.000000
72774 -45.694 13.591 21.201 0.000000
72775 -46.971 13.650 21.152 0.000000
72776 -48.219 13.853 21.064 0.000000
72777 -48.742 14.371 21.114 0.000000
72794 -41.392 13.988 20.366 0.000000
72795 -41.950 13.672 20.591 0.000000
72796 -43.148 14.208 20.704 0.000000
72797 -44.078 14.256 20.734 0.000000
72798 -45.132 14.136 20.639 0.000000
72799 -46.334 14.137 20.615 0.000000
72800 -47.707 14.163 20.484 0.000000
72801 -48.690 14.543 20.581 0.000000
73197 -39.881 14.819 27.251 0.000000
73207 -39.646 15.305 27.083 0.000000
73208 -40.058 14.561 27.135 0.000000
73209 -40.158 15.281 26.996 0.000000
73218 -42.028 14.610 24.711 0.000000
73219 -41.334 15.443 25.376 0.000000
73220 -42.212 15.701 25.082 0.000000
73221 -45.083 15.786 25.496 0.000000
73222 -46.053 15.455 26.137 0.000000
73223 -46.666 14.880 26.571 0.000000
73224 -47.259 15.114 26.459 0.000000
73225 -47.655 14.999 25.777 0.000000
73228 -43.104 14.869 24.628 0.000000
73229 -44.230 15.083 24.954 0.000000
73230 -47.565 14.903 24.500 0.000000
73232 -48.034 14.303 23.380 0.000000
73233 -47.507 14.990 23.346 0.000000
73235 -48.209 14.644 22.324 0.000000
73236 -48.778 14.584 21.383 0.000000
73239 -49.017 14.859 20.742 0.000000
73251 -41.856 14.504 20.141 0.000000
73252 -43.639 14.892 20.276 0.000000
73253 -44.622 14.780 20.186 0.000000
73254 -45.724 14.653 20.049 0.000000
73255 -46.970 14.570 19.912 0.000000
73256 -48.115 14.798 19.971 0.000000
73257 -48.758 15.114 20.144 0.000000
73270 -43.183 15.435 19.626 0.000000
73271 -44.177 15.373 19.595 0.000000
73272 -45.175 15.009 19.335 0.000000
73273 -46.299 15.062 19.338 0.000000
73274 -47.454 15.041 19.292 0.000000
73275 -48.277 15.253 19.382 0.000000
73697 -41.975 16.526 25.428 0.000000
73698 -43.305 15.774 24.787 0.000000
73699 -42.660 16.374 25.091 0.000000
73700 -43.414 16.596 24.982 0.000000
73701 -45.959 16.485 25.819 0.000000
73702 -46.782 15.639 26.289 0.000000
73703 -47.266 15.545 25.285 0.000000
73704 -46.856 16.352 25.239 0.000000
73712 -44.187 16.097 25.001 0.000000
73713 -47.028 15.589 24.292 0.000000
73714 -46.990 15.671 23.293 0.000000
73715 -46.615 16.400 23.958 0.000000
73717 -46.958 16.468 22.621 0.000000
73718 -48.530 15.057 21.596 0.000000
73719 -47.955 15.940 21.394 0.000000
73721 -49.025 15.122 20.923 0.000000
73722 -48.966 15.112 20.398 0.000000
73731 -48.642 15.552 19.780 0.000000
73742 -42.697 15.803 18.855 0.000000
73743 -43.728 15.803 18.846 0.000000
73744 -44.697 15.426 18.648 0.000000
73745 -45.715 15.387 18.630 0.000000
73746 -46.839 15.385 18.643 0.000000
73747 -47.740 15.390 18.760 0.000000
73748 -48.295 15.760 18.621 0.000000
73749 -48.737 16.021 18.942 0.000000
73759 -42.225 16.127 18.176 0.000000
73760 -43.265 16.122 18.096 0.000000
73762 -45.196 15.610 17.911 0.000000
73763 -46.253 15.641 17.943 0.000000
73764 -47.424 15.802 18.030 0.000000
73765 -48.197 16.206 17.772 0.000000
73766 -48.666 16.431 18.072 0.000000
73774 -42.807 16.362 17.449 0.000000
73776 -44.746 16.030 17.308 0.000000
73777 -45.725 15.880 17.283 0.000000
73778 -47.863 16.126 17.153 0.000000
74152 -42.449 17.715 24.998 0.000000
74153 -42.719 17.124 25.231 0.000000
74154 -44.935 16.690 25.457 0.000000
74155 -43.680 17.365 25.155 0.000000
74156 -45.561 17.499 25.634 0.000000
74157 -46.355 17.369 25.649 0.000000
74158 -46.612 17.141 25.411 0.000000
74171 -46.694 17.376 24.797 0.000000
74176 -46.372 17.452 23.515 0.000000
74178 -46.813 17.824 22.453 0.000000
74179 -47.236 17.112 21.698 0.000000
74181 -48.469 15.967 20.277 0.000000
74182 -47.751 17.212 20.807 0.000000
74190 -48.282 17.406 19.883 0.000000
74191 -48.682 16.450 19.303 0.000000
74198 -48.837 16.864 18.521 0.000000
74206 -49.008 17.068 17.702 0.000000
74217 -43.309 16.534 16.709 0.000000
74218 -44.306 16.381 16.648 0.000000
74219 -45.293 16.252 16.655 0.000000
74220 -46.318 16.147 16.626 0.000000
74221 -48.124 16.414 16.361 0.000000
74222 -48.791 16.598 17.006 0.000000
74223 -49.041 17.033 16.503 0.000000
74232 -43.811 16.839 15.849 0.000000
74234 -44.918 16.560 15.949 0.000000
74235 -45.938 16.480 15.942 0.000000
74236 -47.165 16.442 15.885 0.000000
74237 -48.729 16.837 16.033 0.000000
74238 -48.740 17.332 15.857 0.000000
74240 -44.759 17.030 15.256 0.000000
74241 -46.589 16.719 15.126 0.000000
74242 -45.847 17.143 14.607 0.000000
74243 -47.784 16.793 14.957 0.000000
74244 -48.103 17.322 14.439 0.000000
74245 -48.560 17.023 15.170 0.000000
74248 -47.210 17.109 14.327 0.000000
74658 -41.602 17.522 24.941 0.000000
74659 -42.794 18.472 24.689 0.000000
74660 -43.328 18.024 25.109 0.000000
74661 -44.071 18.703 25.228 0.000000
74662 -44.980 18.423 25.617 0.000000
74663 -46.015 18.356 25.595 0.000000
74664 -46.535 18.179 25.244 0.000000
74675 -41.989 18.456 24.407 0.000000
74676 -46.400 18.315 24.316 0.000000
74687 -46.295 18.526 23.177 0.000000
74689 -47.029 19.056 22.292 0.000000
74690 -47.446 18.324 21.558 0.000000
74692 -48.013 18.763 20.622 0.000000
74699 -48.310 18.413 19.734 0.000000
74700 -48.699 17.591 19.111 0.000000
74706 -48.786 17.661 18.350 0.000000
74712 -48.914 17.641 17.534 0.000000
74719 -49.042 17.548 16.735 0.000000
74734 -43.727 17.314 14.954 0.000000
74735 -48.198 17.890 14.017 0.000000
74736 -48.473 17.589 14.849 0.000000
74742 -45.459 17.646 13.963 0.000000
74743 -44.494 18.104 13.832 0.000000
74744 -46.589 17.595 13.768 0.000000
74745 -47.654 17.695 13.764 0.000000
74749 -47.122 18.249 13.174 0.000000
75161 -43.393 18.975 24.774 0.000000
75162 -44.659 19.293 25.348 0.000000
75163 -45.565 19.191 25.497 0.000000
75164 -46.250 19.143 25.262 0.000000
75165 -45.883 19.837 25.097 0.000000
75171 -41.220 18.811 23.938 0.000000
75172 -42.727 19.319 24.355 0.000000
75173 -43.410 19.836 24.557 0.000000
75174 -46.275 19.688 24.819 0.000000
75175 -46.326 19.747 24.126 0.000000
75187 -39.945 18.803 23.503 0.000000
75188 -40.656 19.015 23.580 0.000000
75189 -41.318 19.228 23.538 0.000000
75190 -42.046 19.366 23.862 0.000000
75191 -46.473 19.628 22.981 0.000000
75196 -38.747 18.875 22.429 0.000000
75197 -39.601 19.003 22.716 0.000000
75198 -47.710 19.576 21.513 0.000000
75200 -48.005 19.829 20.931 0.000000
75207 -48.411 18.413 19.159 0.000000
75208 -47.977 19.239 20.076 0.000000
75214 -45.813 18.941 18.863 0.000000
75215 -44.614 18.934 19.093 0.000000
75216 -46.731 18.769 18.274 0.000000
75217 -47.061 19.317 19.305 0.000000
75218 -48.408 18.300 18.374 0.000000
75219 -48.034 18.883 19.332 0.000000
75228 -45.774 18.753 17.751 0.000000
75229 -44.735 18.939 18.021 0.000000
75230 -47.743 18.539 17.821 0.000000
75231 -47.708 18.919 18.882 0.000000
75232 -48.638 18.082 17.279 0.000000
75239 -45.215 19.312 17.083 0.000000
75240 -46.789 18.653 17.326 0.000000
75241 -46.065 19.250 16.198 0.000000
75242 -47.875 18.333 16.837 0.000000
75243 -48.626 17.855 16.331 0.000000
75251 -46.862 19.107 15.239 0.000000
75252 -47.863 18.469 15.186 0.000000
75253 -47.601 18.906 14.188 0.000000
75254 -48.549 17.903 15.381 0.000000
75262 -48.290 18.119 14.464 0.000000
75267 -41.935 18.354 14.030 0.000000
75270 -43.328 19.073 13.280 0.000000
75271 -47.928 18.349 13.731 0.000000
75272 -47.747 18.405 13.471 0.000000
75275 -45.618 18.963 12.612 0.000000
75276 -46.640 18.900 12.582 0.000000
75277 -46.236 19.563 12.263 0.000000
75278 -47.246 19.665 12.195 0.000000
75279 -47.519 19.033 12.758 0.000000
75669 -45.136 19.738 25.172 0.000000
75675 -42.846 20.001 24.100 0.000000
75676 -43.582 20.328 24.212 0.000000
75677 -44.291 19.995 24.788 0.000000
75678 -45.186 20.194 24.595 0.000000
75679 -45.927 20.197 24.264 0.000000
75684 -40.898 19.301 23.046 0.000000
75685 -41.758 19.505 23.132 0.000000
75686 -43.151 20.208 23.640 0.000000
75687 -43.860 20.513 23.790 0.000000
75688 -46.171 20.191 23.287 0.000000
75696 -37.329 19.493 21.752 0.000000
75697 -38.257 19.403 21.758 0.000000
75698 -39.264 19.420 21.767 0.000000
75699 -40.240 19.357 22.317 0.000000
75700 -41.118 19.470 22.334 0.000000
75701 -41.945 19.459 22.238 0.000000
75702 -42.825 19.415 22.208 0.000000
75703 -43.909 19.598 22.233 0.000000
75704 -43.877 20.273 23.182 0.000000
75705 -44.718 20.421 22.682 0.000000
75706 -47.617 20.228 21.528 0.000000
75707 -46.885 20.378 22.309 0.000000
75710 -36.941 20.260 21.461 0.000000
75711 -37.771 20.125 21.319 0.000000
75712 -38.632 19.984 21.172 0.000000
75713 -39.966 19.614 21.478 0.000000
75714 -41.328 19.441 21.450 0.000000
75715 -42.177 19.148 21.160 0.000000
75716 -43.260 18.933 21.286 0.000000
75717 -44.302 19.175 21.144 0.000000
75718 -45.396 19.649 20.872 0.000000
75719 -45.026 20.132 21.787 0.000000
75720 -46.084 20.343 21.522 0.000000
75721 -47.658 20.108 20.659 0.000000
75722 -47.038 20.516 21.461 0.000000
75727 -39.991 20.208 20.145 0.000000
75728 -41.334 19.488 20.462 0.000000
75729 -40.519 20.344 19.640 0.000000
75730 -41.987 19.335 19.914 0.000000
75731 -42.750 19.224 19.509 0.000000
75732 -44.526 18.986 20.127 0.000000
75733 -45.588 19.224 19.916 0.000000
75734 -47.256 19.811 20.081 0.000000
75735 -46.627 20.028 20.621 0.000000
75736 -47.660 19.447 19.833 0.000000
75743 -41.194 19.894 19.449 0.000000
75744 -42.032 19.627 18.977 0.000000
75745 -41.562 20.361 18.669 0.000000
75746 -42.860 19.526 18.646 0.000000
75754 -42.352 20.109 18.357 0.000000
75755 -43.754 19.332 18.350 0.000000
75756 -43.092 19.893 17.931 0.000000
75761 -44.015 19.823 17.339 0.000000
75762 -44.727 20.153 16.625 0.000000
75766 -45.434 20.012 16.147 0.000000
75767 -46.355 19.944 15.088 0.000000
75771 -47.627 19.876 13.741 0.000000
75775 -42.654 19.297 13.632 0.000000
75777 -47.778 19.220 13.101 0.000000
75780 -43.341 19.853 13.233 0.000000
75781 -44.130 19.577 12.845 0.000000
75782 -45.122 19.482 12.474 0.000000
75783 -47.809 20.330 11.953 0.000000
75787 -45.853 20.099 12.161 0.000000
75788 -46.979 20.228 11.885 0.000000
76124 -44.400 20.506 24.160 0.000000
76125 -45.233 20.553 23.866 0.000000
76133 -44.558 20.574 23.478 0.000000
76134 -45.327 20.603 23.081 0.000000
76135 -46.053 20.423 22.732 0.000000
76142 -45.617 20.460 22.299 0.000000
76143 -46.426 20.520 22.052 0.000000
76154 -38.197 21.318 20.586 0.000000
76155 -38.790 20.604 20.611 0.000000
76156 -39.380 20.748 20.127 0.000000
76167 -40.069 21.072 19.549 0.000000
76168 -40.805 20.732 19.035 0.000000
76175 -41.262 21.261 18.494 0.000000
76176 -41.984 20.917 18.157 0.000000
76177 -42.672 20.624 17.814 0.000000
76182 -43.143 21.256 17.397 0.000000
76183 -43.823 20.928 16.845 0.000000
76189 -44.676 20.998 16.303 0.000000
76190 -45.674 20.886 15.555 0.000000
76196 -47.065 20.777 14.361 0.000000
76202 -43.606 20.765 13.551 0.000000
76204 -48.134 20.921 12.912 0.000000
76205 -48.084 21.039 12.131 0.000000
76208 -44.792 21.278 13.133 0.000000
76209 -45.413 20.593 12.480 0.000000
76210 -47.591 20.738 11.824 0.000000
76213 -46.677 20.720 11.987 0.000000
76587 -37.336 21.698 20.848 0.000000
76590 -37.845 22.428 20.498 0.000000
76591 -38.665 21.975 20.110 0.000000
76602 -39.242 22.488 19.676 0.000000
76603 -39.934 22.088 19.349 0.000000
76604 -40.574 21.660 18.909 0.000000
76613 -41.105 22.210 18.429 0.000000
76614 -41.791 21.844 18.083 0.000000
76615 -42.473 21.524 17.746 0.000000
76622 -43.140 22.204 17.508 0.000000
76623 -44.536 21.771 16.536 0.000000
76624 -43.818 21.969 17.078 0.000000
76625 -44.619 22.628 16.805 0.000000
76633 -45.408 21.725 15.830 0.000000
76634 -45.251 22.300 16.246 0.000000
76635 -46.469 22.462 15.532 0.000000
76643 -47.945 21.643 13.645 0.000000
76644 -47.884 22.351 14.402 0.000000
76645 -48.387 22.500 13.485 0.000000
76651 -43.771 21.719 13.803 0.000000
76652 -48.196 21.860 12.778 0.000000
76653 -48.238 22.517 13.090 0.000000
76657 -44.829 22.247 13.596 0.000000
76658 -46.210 21.366 12.374 0.000000
76659 -47.480 21.321 11.977 0.000000
76660 -47.937 21.887 12.488 0.000000
77063 -36.493 22.992 21.347 0.000000
77070 -37.911 23.397 20.470 0.000000
77071 -38.559 22.907 20.067 0.000000
77077 -39.172 23.413 19.692 0.000000
77078 -39.845 23.036 19.285 0.000000
77079 -40.483 22.629 18.863 0.000000
77092 -41.130 23.223 18.512 0.000000
77093 -41.799 22.837 18.182 0.000000
77094 -42.444 22.514 17.806 0.000000
77101 -43.237 23.211 17.688 0.000000
77102 -43.951 22.919 17.317 0.000000
77111 -45.702 22.977 16.507 0.000000
77112 -47.037 23.418 16.118 0.000000
77113 -48.098 23.973 16.034 0.000000
77124 -48.581 23.488 14.356 0.000000
77135 -48.572 23.047 13.686 0.000000
77146 -46.182 22.776 13.159 0.000000
77147 -47.598 22.677 12.882 0.000000
77569 -37.307 24.183 21.863 0.000000
77577 -37.463 23.907 21.003 0.000000
77579 -38.015 24.131 20.651 0.000000
77580 -38.514 23.838 20.142 0.000000
77582 -39.178 24.378 19.894 0.000000
77583 -39.764 24.022 19.281 0.000000
77584 -40.452 23.626 18.865 0.000000
77593 -41.237 24.248 18.737 0.000000
77594 -41.911 23.886 18.397 0.000000
77595 -43.506 24.215 18.156 0.000000
77596 -44.164 23.819 17.730 0.000000
77597 -44.484 24.625 18.382 0.000000
77598 -45.045 24.286 17.885 0.000000
77608 -45.058 23.561 17.248 0.000000
77609 -45.999 24.331 17.645 0.000000
77610 -47.047 24.382 17.311 0.000000
77611 -47.734 24.460 16.687 0.000000
77619 -48.241 24.553 15.894 0.000000
77630 -48.455 24.075 14.506 0.000000
77634 -44.706 24.017 14.659 0.000000
77635 -45.835 23.738 14.125 0.000000
77636 -47.007 23.486 13.470 0.000000
77637 -47.940 24.075 13.985 0.000000
77638 -48.165 23.237 13.406 0.000000
78113 -38.847 25.062 22.828 0.000000
78117 -38.005 24.637 22.353 0.000000
78118 -38.575 25.167 21.739 0.000000
78127 -37.906 24.557 21.340 0.000000
78134 -38.590 24.804 20.680 0.000000
78135 -39.472 25.238 20.377 0.000000
78137 -39.877 24.957 19.616 0.000000
78138 -41.649 25.202 19.539 0.000000
78139 -42.084 24.708 18.918 0.000000
78140 -42.837 25.307 19.750 0.000000
78141 -42.929 24.672 18.774 0.000000
78142 -43.786 25.413 19.920 0.000000
78143 -43.955 25.081 18.998 0.000000
78144 -45.187 25.763 19.556 0.000000
78148 -45.591 25.088 18.429 0.000000
78149 -45.691 25.802 18.786 0.000000
78150 -46.681 24.785 17.883 0.000000
78151 -46.621 25.380 18.124 0.000000
78157 -47.427 24.964 17.370 0.000000
78158 -47.760 25.618 16.593 0.000000
78166 -48.138 25.289 15.832 0.000000
78177 -44.834 24.873 15.168 0.000000
78178 -45.870 24.472 14.634 0.000000
78179 -46.186 25.312 15.142 0.000000
78180 -47.128 24.783 14.586 0.000000
78181 -47.416 25.555 15.165 0.000000
78182 -48.015 24.837 14.766 0.000000
78183 -47.911 25.472 15.393 0.000000
78612 -41.258 26.165 24.766 0.000000
78614 -39.830 25.457 23.257 0.000000
78615 -40.874 25.929 23.725 0.000000
78616 -41.685 26.275 23.373 0.000000
78618 -39.496 25.532 22.202 0.000000
78619 -40.580 25.825 22.722 0.000000
78620 -41.437 26.215 22.382 0.000000
78623 -39.313 25.492 21.244 0.000000
78624 -41.155 26.208 21.375 0.000000
78632 -40.383 25.612 20.390 0.000000
78633 -41.518 25.831 20.585 0.000000
78634 -42.780 26.144 21.813 0.000000
78635 -42.772 25.736 20.741 0.000000
78636 -43.669 26.055 21.702 0.000000
78637 -43.717 25.703 20.857 0.000000
78638 -44.165 26.107 21.394 0.000000
78639 -44.384 25.791 20.764 0.000000
78640 -44.570 26.163 20.969 0.000000
78641 -44.943 25.919 20.469 0.000000
78647 -45.363 26.077 19.902 0.000000
78650 -45.638 26.386 18.883 0.000000
78651 -46.473 26.177 18.130 0.000000
78652 -47.206 25.905 17.414 0.000000
78662 -47.831 26.057 15.904 0.000000
78673 -45.101 25.753 15.730 0.000000
78674 -46.664 26.288 15.625 0.000000
78675 -47.518 26.059 15.616 0.000000
79085 -37.244 27.464 26.318 0.000000
79094 -32.046 26.533 24.262 0.000000
79095 -32.856 26.516 24.470 0.000000
79096 -33.950 26.758 24.848 0.000000
79097 -34.570 26.705 24.765 0.000000
79098 -35.540 26.530 24.553 0.000000
79099 -36.535 26.497 24.256 0.000000
79100 -37.390 26.812 23.941 0.000000
79101 -42.129 27.167 25.143 0.000000
79107 -30.718 27.133 23.764 0.000000
79108 -31.577 27.163 23.824 0.000000
79109 -32.960 26.953 23.514 0.000000
79110 -33.432 26.603 24.134 0.000000
79111 -33.812 26.737 23.183 0.000000
79112 -35.012 26.473 23.494 0.000000
79113 -35.918 26.378 23.255 0.000000
79114 -36.738 26.634 22.960 0.000000
79115 -37.596 27.107 22.809 0.000000
79117 -42.388 28.265 24.132 0.000000
79119 -34.628 26.751 22.659 0.000000
79120 -36.075 26.629 22.135 0.000000
79121 -35.283 26.982 21.696 0.000000
79122 -42.549 26.617 23.138 0.000000
79123 -42.660 27.087 23.455 0.000000
79125 -36.941 26.896 21.884 0.000000
79126 -42.352 26.346 22.373 0.000000
79127 -43.106 26.752 22.714 0.000000
79128 -43.319 27.144 22.409 0.000000
79131 -43.834 26.589 21.841 0.000000
79132 -44.293 26.670 21.234 0.000000
79133 -44.988 26.306 20.565 0.000000
79141 -45.233 26.575 19.861 0.000000
79148 -45.468 27.105 18.692 0.000000
79149 -46.296 27.084 17.966 0.000000
79150 -46.892 27.917 17.291 0.000000
79156 -47.447 26.486 16.626 0.000000
79157 -47.188 27.456 16.857 0.000000
79163 -44.376 27.136 16.282 0.000000
79164 -45.367 26.668 16.104 0.000000
79165 -45.823 27.657 16.273 0.000000
79166 -47.210 26.707 16.233 0.000000
79167 -46.890 27.696 16.633 0.000000
79572 -40.123 28.698 27.048 0.000000
79581 -40.361 28.989 26.106 0.000000
79584 -38.056 27.747 25.718 0.000000
79585 -39.313 28.220 25.136 0.000000
79586 -40.561 28.936 24.676 0.000000
79591 -30.982 27.893 23.623 0.000000
79592 -31.802 27.990 23.391 0.000000
79594 -33.717 27.308 22.696 0.000000
79595 -38.322 27.410 24.042 0.000000
79596 -39.435 28.140 23.722 0.000000
79597 -40.467 29.133 23.497 0.000000
79598 -42.447 29.633 24.507 0.000000
79600 -34.608 27.392 21.900 0.000000
79601 -34.238 27.730 22.102 0.000000
79602 -37.821 27.423 21.812 0.000000
79603 -38.795 28.058 21.861 0.000000
79604 -40.036 29.199 22.357 0.000000
79605 -42.529 27.642 23.227 0.000000
79606 -42.165 29.186 23.788 0.000000
79608 -34.134 27.828 21.293 0.000000
79609 -34.767 27.547 20.988 0.000000
79610 -34.027 28.124 20.663 0.000000
79611 -36.200 27.141 21.137 0.000000
79612 -38.023 27.848 21.051 0.000000
79613 -38.958 28.681 21.249 0.000000
79614 -42.106 28.397 22.647 0.000000
79616 -34.725 28.164 20.387 0.000000
79617 -35.587 27.856 20.454 0.000000
79618 -38.078 28.560 20.691 0.000000
79619 -42.719 27.552 21.199 0.000000
79620 -41.838 28.335 21.463 0.000000
79621 -43.709 27.145 21.710 0.000000
79622 -44.739 26.869 20.427 0.000000
79625 -41.918 28.135 20.033 0.000000
79626 -43.668 27.255 20.500 0.000000
79627 -44.279 27.447 19.311 0.000000
79631 -42.930 27.900 18.930 0.000000
79632 -45.176 27.889 18.472 0.000000
79633 -46.143 28.129 17.748 0.000000
79634 -46.771 28.848 17.200 0.000000
79639 -47.041 28.405 16.976 0.000000
79647 -44.713 27.998 16.219 0.000000
79648 -46.645 28.508 16.654 0.000000
80006 -41.145 28.991 26.640 0.000000
80007 -41.719 29.076 26.026 0.000000
80010 -41.754 29.438 25.466 0.000000
80011 -42.408 29.750 24.672 0.000000
80019 -33.863 28.105 22.190 0.000000
80020 -41.691 29.876 24.243 0.000000
80021 -42.109 30.048 23.937 0.000000
80023 -33.855 28.129 21.521 0.000000
80024 -41.256 30.379 22.618 0.000000
80025 -41.648 29.869 23.086 0.000000
80026 -32.979 28.639 21.096 0.000000
80027 -33.428 28.267 20.968 0.000000
80028 -39.988 29.857 21.568 0.000000
80029 -41.898 30.012 22.281 0.000000
80031 -33.426 28.825 20.235 0.000000
80032 -35.183 28.822 19.905 0.000000
80033 -34.325 28.812 19.978 0.000000
80034 -36.100 28.802 19.893 0.000000
80035 -36.814 29.204 20.026 0.000000
80036 -37.612 29.279 20.291 0.000000
80037 -38.812 29.483 20.690 0.000000
80038 -41.666 29.784 21.106 0.000000
80040 -35.639 29.406 19.404 0.000000
80041 -36.461 29.445 19.539 0.000000
80042 -41.569 29.981 19.675 0.000000
80044 -41.992 28.745 18.741 0.000000
80045 -42.902 28.967 18.118 0.000000
80046 -45.232 28.828 17.815 0.000000
80047 -44.218 29.394 17.684 0.000000
80049 -45.528 29.748 17.388 0.000000
80050 -46.197 29.168 17.450 0.000000
80051 -46.545 29.372 17.173 0.000000
80052 -46.755 29.178 16.949 0.000000
80056 -45.147 28.875 15.951 0.000000
80057 -46.149 29.122 16.424 0.000000
80058 -46.150 29.726 16.610 0.000000
80066 -45.610 29.733 15.925 0.000000
80456 -33.785 28.600 21.897 0.000000
80463 -40.989 31.197 21.865 0.000000
80464 -42.171 31.868 21.840 0.000000
80468 -32.586 29.163 20.339 0.000000
80469 -37.244 29.697 19.842 0.000000
80470 -39.007 30.432 20.134 0.000000
80471 -40.109 30.851 20.850 0.000000
80472 -42.242 31.398 21.250 0.000000
80483 -37.781 29.937 19.747 0.000000
80484 -42.160 31.702 20.511 0.000000
80493 -38.489 30.168 19.223 0.000000
80494 -41.937 29.903 18.286 0.000000
80495 -42.038 31.425 19.296 0.000000
80504 -37.254 29.760 17.728 0.000000
80505 -41.975 31.187 18.026 0.000000
80506 -42.929 30.286 17.528 0.000000
80507 -44.536 30.419 17.215 0.000000
80508 -46.183 29.809 17.171 0.000000
80509 -46.419 29.642 17.036 0.000000
80510 -45.828 30.225 16.689 0.000000
80515 -45.696 30.488 16.083 0.000000
80519 -44.281 30.783 14.559 0.000000
80531 -43.568 30.627 13.570 0.000000
80999 -41.812 31.920 21.958 0.000000
81002 -41.104 31.811 21.426 0.000000
81003 -41.791 32.110 21.490 0.000000
81004 -42.112 32.051 21.186 0.000000
81009 -39.563 30.843 19.587 0.000000
81010 -40.402 31.558 20.006 0.000000
81011 -41.092 32.124 20.872 0.000000
81012 -42.055 32.273 20.110 0.000000
81015 -38.200 30.033 17.981 0.000000
81016 -39.223 30.627 18.373 0.000000
81017 -40.170 31.600 19.101 0.000000
81018 -41.922 32.569 19.083 0.000000
81024 -37.687 30.327 16.827 0.000000
81025 -38.752 30.713 17.170 0.000000
81026 -39.933 31.466 17.666 0.000000
81027 -42.022 32.293 18.228 0.000000
81028 -42.524 31.638 17.176 0.000000
81029 -44.809 31.346 16.623 0.000000
81030 -43.594 32.006 16.493 0.000000
81031 -45.472 30.946 16.486 0.000000
81043 -38.193 31.102 16.290 0.000000
81044 -45.308 31.687 16.156 0.000000
81045 -45.560 31.196 16.107 0.000000
81055 -44.915 31.675 14.626 0.000000
81056 -45.178 32.193 14.983 0.000000
81057 -45.357 31.443 15.448 0.000000
81073 -44.221 31.164 14.015 0.000000
81074 -44.809 32.015 13.767 0.000000
81075 -44.928 32.563 14.377 0.000000
81087 -44.338 31.495 13.222 0.000000
81088 -44.611 32.051 13.121 0.000000
81098 -41.249 30.924 11.839 0.000000
81099 -42.064 31.498 12.239 0.000000
81100 -44.275 31.502 12.383 0.000000
81101 -44.329 31.841 12.509 0.000000
81530 -41.676 32.279 20.718 0.000000
81533 -40.962 32.388 20.019 0.000000
81534 -41.545 32.565 19.692 0.000000
81538 -40.841 32.422 18.893 0.000000
81539 -41.407 32.833 18.601 0.000000
81542 -39.998 32.127 16.743 0.000000
81543 -41.242 33.017 17.620 0.000000
81544 -41.747 32.641 17.949 0.000000
81545 -42.102 32.428 17.303 0.000000
81546 -42.737 32.391 16.714 0.000000
81547 -42.537 32.763 16.700 0.000000
81553 -40.147 32.625 16.303 0.000000
81554 -40.982 33.105 16.819 0.000000
81555 -43.498 32.892 16.256 0.000000
81556 -44.567 32.446 15.995 0.000000
81557 -45.174 32.135 15.526 0.000000
81565 -45.033 32.698 14.977 0.000000
81572 -41.387 32.096 13.665 0.000000
81574 -42.007 32.711 14.582 0.000000
81584 -42.014 31.814 13.000 0.000000
81585 -43.031 32.182 12.606 0.000000
81586 -42.503 32.489 13.514 0.000000
81587 -43.439 32.745 13.282 0.000000
81588 -44.385 32.439 13.151 0.000000
81594 -43.049 31.618 11.811 0.000000
81595 -43.732 32.106 12.082 0.000000
81596 -43.922 32.484 12.773 0.000000
81597 -44.195 31.929 12.076 0.000000
81604 -43.869 31.612 11.455 0.000000
81605 -44.302 31.307 11.227 0.000000
82044 -41.670 32.937 17.173 0.000000
82045 -42.236 32.959 16.693 0.000000
82047 -41.614 33.181 16.368 0.000000
82048 -42.562 33.273 16.105 0.000000
82049 -43.263 33.206 16.078 0.000000
82050 -44.687 32.951 15.367 0.000000
82061 -40.563 32.858 16.034 0.000000
82062 -41.198 32.856 15.447 0.000000
82063 -43.313 33.388 15.334 0.000000
82064 -44.170 33.393 15.355 0.000000
82065 -44.730 33.187 14.750 0.000000
82073 -43.253 33.182 14.213 0.000000
82074 -44.206 33.437 14.523 0.000000
82075 -44.658 33.056 13.964 0.000000
82080 -44.130 33.108 13.575 0.000000
89003 -41.235 16.013 25.699 0.000000
89111 -42.847 12.640 24.734 0.000000
89215 -39.786 30.363 21.040 0.000000
89466 -48.316 24.713 15.198 0.000000
89590 -41.338 12.722 24.649 0.000000
89942 -48.545 15.530 19.483 0.000000
90409 -36.965 28.126 20.475 0.000000
90488 -40.217 19.741 20.840 0.000000
90868 -45.232 13.460 25.738 0.000000
90869 -46.075 12.068 27.066 0.000000
90871 -47.704 15.399 22.397 0.000000
91171 -34.020 28.993 22.527 0.000000
91373 -46.999 18.631 16.256 0.000000
91465 -46.448 19.131 24.769 0.000000
91943 -48.615 10.395 27.263 0.000000
91947 -40.234 31.219 20.502 0.000000
92162 -46.664 21.606 14.931 0.000000
92272 -44.628 17.499 14.521 0.000000
92514 -39.448 19.984 20.818 0.000000
92786 -42.563 23.571 18.014 0.000000
92950 -44.090 33.119 15.783 0.000000
93028 -48.597 24.014 15.166 0.000000
93108 -42.551 19.764 23.038 0.000000
93224 -44.130 28.317 18.324 0.000000
93225 -43.216 19.943 22.944 0.000000
93359 -38.556 27.634 22.734 0.000000
93687 -48.910 12.780 24.768 0.000000
93870 -43.550 13.561 21.115 0.000000
93943 -47.121 9.821 27.532 0.000000
93959 -41.972 31.207 22.342 0.000000
94029 -48.031 20.231 12.503 0.000000
94112 -40.561 24.579 19.184 0.000000
94300 -40.281 25.883 21.746 0.000000
94377 -47.752 9.654 27.517 0.000000
94379 -45.774 18.293 13.250 0.000000
94427 -37.202 27.343 21.151 0.000000
94716 -40.606 19.538 21.575 0.000000
94743 -39.336 21.594 19.776 0.000000
95127 -47.066 26.891 17.375 0.000000
95220 -43.686 31.166 17.031 0.000000
95723 -45.429 8.589 26.534 0.000000
95881 -45.591 16.784 15.383 0.000000
95904 -46.408 23.740 17.034 0.000000
95934 -45.539 30.394 16.919 0.000000
96105 -44.265 20.301 12.889 0.000000
96128 -34.139 26.542 23.707 0.000000
96284 -44.380 10.620 25.495 0.000000
96299 -46.710 16.437 25.879 0.000000
96392 -46.507 27.047 16.224 0.000000
96467 -46.807 24.144 14.101 0.000000
96542 -39.152 30.261 20.478 0.000000
96618 -40.736 32.498 17.743 0.000000
96657 -44.108 18.019 25.360 0.000000
96795 -37.060 22.478 20.863 0.000000
96804 -48.516 11.675 27.351 0.000000
96829 -44.731 32.460 13.677 0.000000
96939 -44.596 17.486 25.410 0.000000
97233 -41.978 32.661 17.189 0.000000
97268 -49.163 17.166 17.056 0.000000
97315 -41.950 11.981 21.015 0.000000
97348 -40.355 14.870 26.471 0.000000
97563 -44.838 5.812 26.908 0.000000
97701 -46.527 19.462 19.772 0.000000
97781 -41.327 29.985 23.330 0.000000
97832 -42.500 19.785 23.601 0.000000
98445 -37.230 23.158 20.825 0.000000
98489 -46.986 22.086 12.429 0.000000
98902 -48.574 13.411 22.916 0.000000
98922 -45.748 20.462 23.463 0.000000
99089 -40.634 19.822 20.209 0.000000
99453 -46.790 15.911 17.279 0.000000
99574 -40.242 19.132 23.090 0.000000
99619 -32.208 26.991 23.880 0.000000
99675 -32.329 27.471 23.481 0.000000
99793 -46.371 19.134 23.945 0.000000
99871 -38.153 30.014 20.186 0.000000
99997 -48.213 16.692 15.617 0.000000
100026 -45.770 28.418 16.265 0.000000
100342 -45.104 30.582 15.260 0.000000
100358 -48.074 18.205 15.983 0.000000
100403 -43.636 19.133 19.300 0.000000
100455 -46.094 18.859 16.985 0.000000
100742 -45.565 5.902 26.987 0.000000
100758 -45.076 11.982 21.810 0.000000
100776 -39.421 28.335 22.752 0.000000
100887 -42.208 15.259 19.547 0.000000
100939 -37.162 27.130 25.226 0.000000
100964 -42.136 32.240 19.108 0.000000
101027 -43.177 11.360 24.951 0.000000
101054 -42.251 33.213 15.558 0.000000
102118 -35.392 26.593 22.567 0.000000
102213 -44.686 25.391 18.982 0.000000
102447 -42.180 31.175 21.941 0.000000
102453 -40.044 25.771 20.968 0.000000
102467 -43.111 11.267 21.242 0.000000
102731 -44.548 25.552 19.929 0.000000
102737 -40.722 25.290 19.766 0.000000
102878 -42.710 14.771 20.196 0.000000
103322 -47.331 19.969 22.131 0.000000
103325 -43.285 20.446 17.456 0.000000
103423 -43.537 18.913 20.280 0.000000
103773 -47.847 12.673 27.448 0.000000
103892 -47.961 24.937 16.512 0.000000
104001 -46.630 6.748 27.441 0.000000
104064 -45.027 27.088 19.488 0.000000
104138 -44.694 9.013 25.646 0.000000
104141 -42.157 18.830 13.895 0.000000
104180 -38.877 21.240 20.243 0.000000
104355 -42.835 27.601 22.025 0.000000
104917 -40.674 32.764 17.005 0.000000
105095 -45.757 22.009 12.878 0.000000
105150 -48.628 22.961 14.152 0.000000
105182 -40.747 28.751 27.071 0.000000
105256 -43.943 19.410 24.962 0.000000
105286 -46.515 14.116 26.745 0.000000
105337 -48.222 23.268 15.100 0.000000
105498 -44.871 19.982 12.490 0.000000
105583 -36.953 23.638 21.399 0.000000
105592 -45.233 14.954 25.555 0.000000
105729 -47.259 16.178 16.669 0.000000
105768 -47.142 15.752 25.945 0.000000
106076 -43.637 11.898 25.219 0.000000
106266 -45.751 28.523 17.796 0.000000
106406 -42.438 14.111 20.549 0.000000
106509 -35.430 27.324 21.035 0.000000
106885 -40.805 19.567 20.888 0.000000
106940 -45.038 20.559 16.141 0.000000
107104 -34.212 27.137 22.514 0.000000
107178 -45.955 23.311 13.634 0.000000
107244 -32.975 28.659 20.735 0.000000
107269 -42.723 18.986 20.401 0.000000
107296 -47.384 24.032 16.746 0.000000
107465 -41.750 26.488 24.210 0.000000
107520 -49.741 10.921 25.218 0.000000
107680 -47.023 19.475 14.608 0.000000
107714 -41.616 29.945 23.322 0.000000
107736 -44.928 23.139 14.053 0.000000
107785 -37.306 20.584 21.242 0.000000
107854 -45.349 6.233 26.967 0.000000
107922 -42.878 11.809 21.295 0.000000
107925 -47.798 19.781 12.408 0.000000
107933 -42.742 33.216 14.953 0.000000
108133 -43.524 26.477 22.219 0.000000
108264 -44.730 9.911 25.659 0.000000
108275 -44.673 26.493 20.887 0.000000
108335 -44.137 9.023 25.064 0.000000
108491 -37.718 27.248 24.712 0.000000
108720 -48.461 23.548 13.929 0.000000
108875 -44.247 20.477 16.756 0.000000
109083 -46.438 16.000 26.106 0.000000
109134 -44.151 16.820 25.107 0.000000
