#!ascii label  , from subject OAS1_0001-3 vox2ras=TkReg 
1259
23777 -28.494 -54.571 42.306 0.000000
23778 -27.867 -54.311 42.062 0.000000
23780 -29.697 -54.313 42.279 0.000000
23786 -28.557 -54.253 41.638 0.000000
23787 -29.877 -54.007 41.534 0.000000
23788 -29.372 -53.931 41.190 0.000000
24479 -25.323 -53.858 43.300 0.000000
24492 -24.236 -53.189 42.391 0.000000
24493 -25.041 -53.299 42.404 0.000000
24494 -26.405 -53.654 42.035 0.000000
24501 -22.668 -52.535 41.628 0.000000
24502 -23.580 -52.760 41.926 0.000000
24503 -25.113 -52.901 41.617 0.000000
24504 -26.305 -53.239 41.503 0.000000
24505 -26.630 -52.959 40.908 0.000000
24506 -31.915 -53.480 40.698 0.000000
24507 -32.883 -53.247 40.736 0.000000
24508 -32.945 -53.057 41.296 0.000000
24509 -33.503 -52.832 40.921 0.000000
24514 -27.521 -53.288 40.806 0.000000
24515 -28.614 -53.539 40.785 0.000000
24516 -28.066 -52.743 40.147 0.000000
24517 -29.625 -53.491 40.282 0.000000
24518 -30.091 -53.649 40.542 0.000000
24519 -31.418 -53.600 39.923 0.000000
24520 -32.409 -53.353 39.953 0.000000
24521 -33.104 -52.641 39.802 0.000000
24522 -33.147 -52.971 40.308 0.000000
24524 -29.074 -53.068 39.886 0.000000
24525 -29.907 -53.351 39.451 0.000000
24526 -29.331 -52.805 39.064 0.000000
24527 -31.085 -53.622 39.208 0.000000
24528 -32.349 -53.251 39.157 0.000000
24529 -32.720 -52.835 39.037 0.000000
24531 -30.049 -53.194 38.718 0.000000
24532 -30.508 -53.358 38.461 0.000000
24533 -30.953 -53.536 38.544 0.000000
24534 -30.827 -53.297 37.848 0.000000
24535 -32.178 -53.066 38.457 0.000000
24537 -31.524 -53.304 38.035 0.000000
25339 -21.897 -52.474 41.328 0.000000
25340 -23.192 -52.404 40.969 0.000000
25341 -24.646 -52.510 40.864 0.000000
25342 -25.708 -52.688 41.077 0.000000
25343 -33.773 -52.035 41.176 0.000000
25351 -22.176 -52.186 39.910 0.000000
25352 -24.361 -52.260 39.908 0.000000
25353 -25.262 -52.316 40.150 0.000000
25354 -26.156 -52.448 40.225 0.000000
25355 -27.065 -52.583 40.193 0.000000
25356 -33.533 -52.466 40.612 0.000000
25365 -21.956 -51.910 39.192 0.000000
25366 -22.643 -52.031 39.406 0.000000
25367 -23.487 -52.152 39.526 0.000000
25368 -24.930 -51.955 39.424 0.000000
25369 -25.782 -52.109 39.485 0.000000
25370 -27.470 -52.198 39.344 0.000000
25371 -28.491 -52.524 39.435 0.000000
25372 -32.834 -52.362 39.100 0.000000
25373 -33.371 -52.023 40.061 0.000000
25378 -21.746 -51.759 38.421 0.000000
25379 -22.448 -51.791 38.676 0.000000
25380 -23.750 -51.806 38.804 0.000000
25381 -24.565 -51.709 38.763 0.000000
25382 -25.417 -51.716 38.809 0.000000
25383 -26.436 -51.857 38.855 0.000000
25384 -28.430 -52.092 38.623 0.000000
25385 -27.805 -51.582 37.934 0.000000
25386 -30.208 -52.951 37.968 0.000000
25387 -32.013 -52.783 37.723 0.000000
25388 -32.404 -52.535 38.350 0.000000
25392 -28.788 -51.946 37.670 0.000000
25393 -29.650 -52.374 37.374 0.000000
25394 -29.108 -51.781 36.848 0.000000
25395 -30.526 -52.672 37.121 0.000000
25396 -31.362 -52.925 37.332 0.000000
25397 -31.831 -52.399 37.016 0.000000
25398 -32.192 -52.192 37.597 0.000000
25402 -29.890 -52.168 36.524 0.000000
25403 -30.519 -52.330 36.296 0.000000
25404 -30.107 -52.127 35.645 0.000000
25405 -31.171 -52.486 36.583 0.000000
25406 -31.648 -52.069 36.254 0.000000
25409 -31.001 -52.217 35.642 0.000000
25425 -20.200 -51.532 31.886 0.000000
25426 -20.938 -51.815 31.396 0.000000
26119 -33.816 -51.714 41.007 0.000000
26125 -32.859 -51.832 39.157 0.000000
26129 -20.170 -51.562 37.992 0.000000
26130 -21.012 -51.695 38.187 0.000000
26131 -22.281 -51.595 37.902 0.000000
26132 -23.163 -51.605 38.173 0.000000
26133 -24.115 -51.482 38.144 0.000000
26134 -24.979 -51.450 38.127 0.000000
26135 -25.884 -51.343 38.211 0.000000
26136 -32.476 -52.068 38.312 0.000000
26138 -19.028 -51.442 37.006 0.000000
26139 -19.864 -51.389 37.226 0.000000
26140 -20.715 -51.397 37.465 0.000000
26141 -22.032 -51.143 37.246 0.000000
26142 -22.841 -51.155 37.423 0.000000
26143 -23.703 -51.162 37.548 0.000000
26144 -24.538 -51.125 37.564 0.000000
26145 -25.392 -51.015 37.581 0.000000
26146 -26.320 -50.895 37.603 0.000000
26147 -27.274 -51.038 37.449 0.000000
26148 -26.749 -50.629 36.881 0.000000
26149 -28.215 -51.377 37.173 0.000000
26150 -32.065 -51.768 36.845 0.000000
26151 -32.208 -51.617 37.533 0.000000
26154 -19.611 -51.226 36.508 0.000000
26155 -20.426 -51.131 36.702 0.000000
26156 -21.261 -51.116 36.998 0.000000
26157 -21.759 -50.803 36.623 0.000000
26158 -22.545 -50.639 36.668 0.000000
26159 -23.451 -50.662 36.963 0.000000
26160 -24.900 -50.650 37.028 0.000000
26161 -27.709 -50.815 36.699 0.000000
26162 -28.651 -51.129 36.417 0.000000
26163 -28.153 -50.617 35.939 0.000000
26164 -29.512 -51.523 36.043 0.000000
26165 -31.753 -51.427 36.097 0.000000
26168 -19.601 -51.078 35.075 0.000000
26169 -20.025 -50.832 35.975 0.000000
26170 -29.010 -50.955 35.604 0.000000
26171 -29.113 -50.943 34.767 0.000000
26172 -30.403 -52.006 34.726 0.000000
26173 -31.348 -51.782 34.878 0.000000
26174 -31.853 -51.192 35.191 0.000000
26179 -29.716 -51.588 33.344 0.000000
26180 -29.139 -50.983 33.857 0.000000
26181 -30.263 -51.829 33.766 0.000000
26182 -31.091 -51.701 34.129 0.000000
26183 -31.813 -51.145 33.831 0.000000
26186 -29.696 -51.580 32.478 0.000000
26187 -29.197 -51.080 32.906 0.000000
26188 -30.183 -51.779 32.907 0.000000
26189 -30.999 -51.607 33.353 0.000000
26190 -31.838 -51.056 33.009 0.000000
26195 -29.570 -51.508 31.711 0.000000
26196 -29.238 -51.254 31.981 0.000000
26197 -30.134 -51.770 32.120 0.000000
26198 -30.986 -51.585 32.522 0.000000
26199 -32.030 -51.108 32.127 0.000000
26203 -21.807 -51.205 30.935 0.000000
26204 -21.522 -50.232 30.945 0.000000
26205 -29.530 -51.507 30.818 0.000000
26206 -29.117 -51.347 31.190 0.000000
26207 -30.343 -51.553 30.847 0.000000
26208 -31.027 -51.545 31.579 0.000000
26209 -32.050 -50.856 31.300 0.000000
26216 -29.281 -51.530 30.090 0.000000
26217 -28.936 -51.370 30.354 0.000000
26218 -29.859 -51.648 30.206 0.000000
26219 -31.245 -51.225 30.815 0.000000
26220 -31.946 -50.476 30.571 0.000000
26234 -29.376 -51.488 29.559 0.000000
26235 -28.775 -51.375 29.628 0.000000
26236 -30.297 -51.430 29.819 0.000000
26237 -31.162 -50.954 30.203 0.000000
26248 -28.714 -51.390 29.031 0.000000
26950 -33.903 -50.939 41.552 0.000000
26953 -33.705 -51.234 40.757 0.000000
26954 -33.750 -50.176 41.092 0.000000
26956 -32.575 -50.965 39.352 0.000000
26959 -32.342 -51.420 38.395 0.000000
26960 -32.081 -50.951 37.699 0.000000
26961 -32.004 -50.427 38.590 0.000000
26964 -25.801 -50.591 36.972 0.000000
26965 -32.060 -50.899 36.840 0.000000
26967 -21.907 -50.469 35.925 0.000000
26968 -23.285 -50.202 36.261 0.000000
26969 -24.260 -50.285 36.490 0.000000
26970 -25.305 -50.191 36.420 0.000000
26971 -26.267 -50.214 36.326 0.000000
26972 -27.216 -50.378 36.156 0.000000
26973 -31.568 -50.645 35.966 0.000000
26975 -20.389 -50.539 35.212 0.000000
26976 -20.566 -50.154 34.482 0.000000
26977 -21.195 -50.034 35.143 0.000000
26978 -22.163 -49.827 35.307 0.000000
26979 -23.020 -49.729 35.550 0.000000
26980 -23.893 -49.710 35.777 0.000000
26981 -24.844 -49.708 35.861 0.000000
26982 -25.823 -49.712 35.817 0.000000
26983 -27.736 -50.166 35.412 0.000000
26984 -26.300 -49.449 35.047 0.000000
26985 -28.525 -50.505 35.256 0.000000
26986 -31.888 -50.533 34.460 0.000000
26992 -27.302 -49.686 34.829 0.000000
26993 -28.374 -50.215 34.509 0.000000
26994 -27.701 -49.595 33.911 0.000000
26995 -32.009 -50.380 33.521 0.000000
26999 -28.555 -50.238 33.434 0.000000
27000 -32.245 -50.333 32.609 0.000000
27004 -28.669 -50.363 32.333 0.000000
27005 -32.420 -50.349 31.799 0.000000
27008 -28.644 -50.929 30.800 0.000000
27009 -32.392 -50.046 30.916 0.000000
27011 -22.074 -49.774 30.665 0.000000
27012 -28.332 -50.938 29.817 0.000000
27013 -27.833 -50.151 29.790 0.000000
27014 -28.091 -50.045 30.599 0.000000
27015 -32.227 -49.701 30.076 0.000000
27024 -23.023 -49.390 29.574 0.000000
27025 -28.106 -51.145 28.859 0.000000
27026 -27.769 -50.500 29.023 0.000000
27027 -29.964 -51.105 29.178 0.000000
27028 -30.962 -50.664 29.560 0.000000
27029 -31.881 -50.183 29.842 0.000000
27046 -23.398 -50.097 27.528 0.000000
27047 -27.233 -50.963 27.631 0.000000
27048 -26.791 -50.566 27.762 0.000000
27049 -27.450 -50.787 28.256 0.000000
27050 -27.753 -50.964 28.091 0.000000
27051 -28.466 -51.025 28.321 0.000000
27053 -30.752 -50.231 28.964 0.000000
27066 -25.907 -50.054 27.338 0.000000
27068 -27.817 -50.897 27.538 0.000000
27788 -34.267 -50.201 41.898 0.000000
27792 -32.621 -49.246 40.180 0.000000
27793 -33.449 -49.195 40.778 0.000000
27794 -34.240 -49.462 41.539 0.000000
27797 -32.244 -49.807 39.515 0.000000
27798 -31.721 -49.270 38.736 0.000000
27799 -32.194 -48.635 39.451 0.000000
27801 -31.692 -49.918 37.683 0.000000
27804 -31.505 -49.872 36.664 0.000000
27806 -31.253 -49.762 35.806 0.000000
27808 -21.746 -49.449 34.468 0.000000
27809 -22.647 -49.317 34.726 0.000000
27810 -24.435 -49.243 35.190 0.000000
27811 -25.348 -49.247 35.215 0.000000
27812 -31.518 -49.665 34.944 0.000000
27816 -22.244 -48.954 33.898 0.000000
27817 -23.251 -48.781 34.097 0.000000
27818 -24.880 -48.639 34.625 0.000000
27819 -25.768 -48.921 34.467 0.000000
27820 -25.260 -48.348 33.877 0.000000
27821 -26.710 -49.249 34.203 0.000000
27822 -31.906 -49.745 33.241 0.000000
27827 -26.153 -48.711 33.616 0.000000
27828 -27.095 -48.976 33.361 0.000000
27829 -26.502 -48.429 32.851 0.000000
27830 -27.945 -49.459 32.973 0.000000
27831 -32.122 -49.703 32.516 0.000000
27835 -21.266 -48.824 31.939 0.000000
27836 -27.271 -48.859 32.533 0.000000
27837 -27.899 -49.525 32.077 0.000000
27838 -27.365 -48.900 31.712 0.000000
27839 -32.335 -49.782 31.723 0.000000
27841 -21.448 -49.276 31.193 0.000000
27842 -21.886 -48.457 31.424 0.000000
27843 -28.417 -50.224 31.444 0.000000
27844 -27.544 -49.050 30.903 0.000000
27845 -32.234 -49.085 30.069 0.000000
27847 -22.684 -48.808 30.174 0.000000
27848 -27.314 -49.336 29.386 0.000000
27849 -32.330 -49.069 29.525 0.000000
27855 -27.085 -50.049 28.468 0.000000
27856 -26.555 -48.940 28.645 0.000000
27857 -32.186 -49.373 29.309 0.000000
27871 -23.941 -48.706 28.214 0.000000
27872 -24.142 -49.366 27.518 0.000000
27873 -26.397 -49.687 27.993 0.000000
27874 -25.625 -48.734 27.977 0.000000
27892 -25.082 -49.149 27.370 0.000000
28466 -34.645 -48.441 42.025 0.000000
28467 -35.123 -47.293 41.020 0.000000
28482 -32.884 -48.387 40.154 0.000000
28483 -33.600 -48.204 40.516 0.000000
28484 -34.179 -48.520 40.980 0.000000
28485 -34.695 -47.811 40.937 0.000000
28493 -32.664 -47.803 39.412 0.000000
28494 -33.426 -47.609 39.881 0.000000
28497 -31.358 -48.754 38.010 0.000000
28498 -32.343 -47.475 38.639 0.000000
28500 -30.900 -48.805 36.542 0.000000
28501 -30.697 -47.711 36.802 0.000000
28502 -30.968 -48.231 37.374 0.000000
28505 -30.925 -48.788 35.549 0.000000
28506 -30.561 -48.010 36.127 0.000000
28508 -31.016 -48.744 34.545 0.000000
28511 -22.609 -48.454 33.294 0.000000
28512 -24.248 -48.384 33.795 0.000000
28513 -31.475 -49.088 33.080 0.000000
28514 -30.472 -47.649 34.370 0.000000
28516 -21.990 -48.329 32.418 0.000000
28517 -23.028 -48.009 32.649 0.000000
28518 -23.950 -47.970 32.914 0.000000
28519 -24.837 -48.046 33.100 0.000000
28520 -25.669 -48.203 33.054 0.000000
28521 -31.614 -49.038 32.301 0.000000
28522 -30.827 -48.329 32.883 0.000000
28525 -22.725 -47.848 31.669 0.000000
28526 -23.652 -47.679 32.127 0.000000
28527 -24.546 -47.750 32.354 0.000000
28528 -25.946 -48.017 32.320 0.000000
28529 -26.697 -48.351 32.062 0.000000
28530 -31.627 -49.043 31.447 0.000000
28531 -30.823 -48.312 32.017 0.000000
28533 -22.460 -48.208 30.777 0.000000
28534 -26.176 -47.888 31.518 0.000000
28535 -26.896 -48.395 31.217 0.000000
28536 -31.693 -48.937 30.716 0.000000
28537 -30.904 -48.325 31.156 0.000000
28541 -23.617 -47.875 29.566 0.000000
28542 -22.954 -48.024 30.123 0.000000
28543 -23.483 -47.633 30.238 0.000000
28544 -26.608 -48.371 29.547 0.000000
28545 -31.381 -48.292 30.214 0.000000
28546 -32.216 -48.597 29.446 0.000000
28547 -25.918 -48.101 28.944 0.000000
28548 -25.116 -47.901 28.542 0.000000
28549 -25.381 -47.588 29.370 0.000000
28559 -24.770 -48.455 27.881 0.000000
28560 -24.224 -48.084 28.709 0.000000
29180 -34.736 -47.678 41.867 0.000000
29196 -35.144 -47.013 41.477 0.000000
29207 -34.179 -47.685 40.308 0.000000
29208 -34.927 -47.156 39.908 0.000000
29209 -35.756 -46.824 39.376 0.000000
29210 -36.832 -46.696 39.554 0.000000
29227 -33.234 -47.176 39.053 0.000000
29228 -34.279 -47.020 39.361 0.000000
29229 -35.376 -46.853 38.922 0.000000
29230 -36.063 -46.905 38.611 0.000000
29231 -37.904 -46.810 38.339 0.000000
29232 -37.532 -46.770 39.001 0.000000
29233 -38.437 -46.599 38.679 0.000000
29247 -32.988 -46.947 38.206 0.000000
29248 -33.986 -46.842 38.393 0.000000
29249 -35.078 -46.770 38.277 0.000000
29250 -35.884 -46.990 38.031 0.000000
29251 -37.839 -47.004 37.730 0.000000
29252 -39.431 -46.772 37.416 0.000000
29253 -39.253 -46.639 38.140 0.000000
29254 -40.378 -46.616 37.263 0.000000
29263 -31.000 -47.419 37.315 0.000000
29264 -31.510 -46.853 37.309 0.000000
29265 -32.576 -46.667 37.493 0.000000
29266 -33.639 -46.728 37.608 0.000000
29267 -34.747 -46.769 37.616 0.000000
29268 -34.283 -46.628 36.944 0.000000
29269 -35.679 -47.061 37.433 0.000000
29270 -37.002 -47.362 36.768 0.000000
29271 -37.740 -47.265 36.971 0.000000
29272 -39.251 -47.074 36.648 0.000000
29273 -39.947 -46.845 36.817 0.000000
29274 -40.577 -46.843 36.603 0.000000
29276 -41.153 -46.727 36.391 0.000000
29278 -30.604 -47.161 36.252 0.000000
29279 -30.835 -47.008 36.905 0.000000
29280 -35.385 -46.962 36.874 0.000000
29281 -36.069 -47.168 36.557 0.000000
29282 -37.054 -47.297 36.193 0.000000
29283 -36.606 -46.963 35.846 0.000000
29284 -38.393 -47.266 35.621 0.000000
29285 -39.157 -47.301 35.892 0.000000
29286 -39.942 -47.225 36.230 0.000000
29287 -40.531 -47.120 35.971 0.000000
29289 -30.395 -46.872 34.869 0.000000
29290 -37.627 -47.091 35.498 0.000000
29291 -38.437 -47.078 34.925 0.000000
29292 -37.854 -46.809 34.665 0.000000
29293 -39.074 -47.299 35.185 0.000000
29294 -39.803 -47.276 35.569 0.000000
29295 -40.286 -47.110 35.456 0.000000
29296 -41.074 -46.829 35.668 0.000000
29299 -30.295 -46.724 34.128 0.000000
29300 -38.977 -47.085 34.642 0.000000
29301 -39.634 -47.086 34.950 0.000000
29303 -30.169 -47.421 32.579 0.000000
29304 -29.966 -46.461 32.483 0.000000
29305 -30.235 -45.854 32.942 0.000000
29308 -23.518 -47.581 31.414 0.000000
29309 -24.279 -47.480 31.586 0.000000
29310 -30.217 -47.550 31.669 0.000000
29311 -29.847 -46.917 31.997 0.000000
29313 -23.119 -47.698 30.832 0.000000
29314 -23.917 -47.400 30.760 0.000000
29315 -24.810 -47.337 30.901 0.000000
29316 -25.680 -47.530 30.826 0.000000
29317 -30.294 -47.508 30.809 0.000000
29318 -29.796 -46.811 31.325 0.000000
29321 -23.932 -47.414 30.010 0.000000
29322 -24.470 -47.300 30.248 0.000000
29323 -25.192 -47.325 30.114 0.000000
29324 -31.633 -47.858 29.397 0.000000
29325 -30.427 -47.371 29.910 0.000000
29960 -35.525 -46.351 41.658 0.000000
29982 -38.080 -46.413 39.372 0.000000
29984 -38.761 -46.021 39.341 0.000000
30034 -32.088 -46.290 36.792 0.000000
30035 -33.210 -46.383 36.910 0.000000
30051 -31.143 -46.469 36.410 0.000000
30052 -31.838 -45.978 36.091 0.000000
30053 -32.806 -45.933 36.193 0.000000
30054 -32.378 -45.591 35.343 0.000000
30055 -33.898 -46.197 36.279 0.000000
30056 -41.873 -46.391 35.926 0.000000
30057 -42.356 -45.965 35.989 0.000000
30065 -30.642 -46.005 34.734 0.000000
30066 -31.255 -45.952 35.530 0.000000
30067 -33.629 -45.778 35.483 0.000000
30068 -35.497 -46.261 35.193 0.000000
30069 -34.557 -45.789 34.713 0.000000
30070 -36.394 -46.498 34.867 0.000000
30071 -37.195 -46.799 35.043 0.000000
30072 -41.605 -46.407 35.239 0.000000
30073 -42.143 -46.044 35.540 0.000000
30076 -30.414 -45.891 33.779 0.000000
30077 -35.565 -46.025 34.329 0.000000
30078 -36.376 -46.187 33.921 0.000000
30079 -35.558 -45.767 33.587 0.000000
30080 -37.167 -46.581 34.298 0.000000
30081 -38.522 -46.758 34.230 0.000000
30082 -39.204 -46.741 34.290 0.000000
30083 -39.926 -46.622 34.570 0.000000
30084 -40.830 -46.651 34.834 0.000000
30085 -41.324 -46.087 34.555 0.000000
30086 -42.094 -45.880 34.953 0.000000
30089 -37.221 -46.217 33.521 0.000000
30090 -38.165 -46.375 33.575 0.000000
30091 -38.878 -46.449 33.660 0.000000
30092 -39.515 -46.266 33.881 0.000000
30093 -40.356 -46.094 34.227 0.000000
30096 -29.790 -46.277 31.771 0.000000
30097 -30.007 -45.761 32.176 0.000000
30099 -29.595 -46.061 31.054 0.000000
30102 -29.567 -45.674 30.158 0.000000
30107 -29.546 -45.585 29.195 0.000000
30770 -31.558 -45.483 34.721 0.000000
30781 -31.051 -45.384 34.008 0.000000
30782 -32.007 -45.072 33.955 0.000000
30783 -33.143 -45.195 33.731 0.000000
30784 -34.126 -45.528 33.869 0.000000
30785 -34.899 -45.739 33.924 0.000000
30786 -41.852 -45.470 34.387 0.000000
30790 -30.721 -45.334 33.235 0.000000
30791 -31.452 -44.974 33.308 0.000000
30792 -32.454 -44.899 33.159 0.000000
30793 -33.281 -44.987 32.975 0.000000
30794 -33.988 -45.206 33.180 0.000000
30795 -34.782 -45.465 33.350 0.000000
30796 -36.281 -45.810 33.225 0.000000
30797 -37.752 -45.903 32.985 0.000000
30798 -38.533 -46.013 33.128 0.000000
30799 -39.190 -45.954 33.223 0.000000
30800 -40.002 -45.661 33.409 0.000000
30801 -40.973 -45.500 33.861 0.000000
30802 -41.696 -45.027 33.884 0.000000
30803 -42.416 -44.967 34.204 0.000000
30806 -30.411 -45.245 32.514 0.000000
30807 -30.984 -44.825 32.696 0.000000
30808 -33.847 -44.855 32.518 0.000000
30809 -34.691 -45.106 32.711 0.000000
30810 -36.131 -45.451 32.672 0.000000
30811 -35.508 -45.004 32.242 0.000000
30812 -37.374 -45.297 32.400 0.000000
30813 -38.182 -45.454 32.587 0.000000
30814 -38.813 -45.589 32.746 0.000000
30815 -39.441 -45.221 32.633 0.000000
30816 -40.314 -45.026 32.892 0.000000
30817 -41.126 -44.790 33.306 0.000000
30820 -29.716 -45.323 30.952 0.000000
30821 -30.087 -45.084 31.721 0.000000
30822 -36.493 -45.157 32.246 0.000000
30823 -36.981 -44.738 31.782 0.000000
30824 -37.882 -44.801 31.928 0.000000
30825 -38.653 -44.980 32.278 0.000000
30828 -29.552 -44.900 29.539 0.000000
30833 -29.518 -44.812 28.779 0.000000
30837 -29.805 -44.758 27.906 0.000000
31490 -31.803 -44.663 32.593 0.000000
31491 -42.093 -44.508 33.563 0.000000
31492 -42.963 -44.477 33.901 0.000000
31497 -30.680 -44.588 31.532 0.000000
31498 -31.997 -44.386 31.850 0.000000
31499 -32.841 -44.664 32.342 0.000000
31500 -34.539 -44.713 32.016 0.000000
31501 -40.025 -44.375 32.339 0.000000
31502 -40.740 -44.346 32.710 0.000000
31503 -41.597 -43.935 32.768 0.000000
31504 -42.651 -43.873 33.201 0.000000
31507 -30.127 -44.657 30.814 0.000000
31508 -31.009 -44.359 30.893 0.000000
31509 -31.930 -44.060 31.105 0.000000
31510 -32.802 -44.246 31.544 0.000000
31511 -34.275 -44.306 31.358 0.000000
31512 -35.166 -44.450 31.524 0.000000
31513 -36.076 -44.616 31.662 0.000000
31514 -37.417 -44.243 31.334 0.000000
31515 -38.048 -44.265 31.384 0.000000
31516 -38.472 -44.486 31.691 0.000000
31519 -29.902 -44.326 29.811 0.000000
31520 -31.365 -43.758 30.374 0.000000
31521 -32.842 -43.748 30.868 0.000000
31522 -33.877 -43.817 30.821 0.000000
31523 -34.792 -43.891 30.929 0.000000
31524 -35.699 -43.975 31.083 0.000000
31525 -37.097 -43.648 30.726 0.000000
31526 -37.852 -43.728 30.870 0.000000
31529 -29.629 -44.330 29.131 0.000000
31533 -29.715 -44.098 28.502 0.000000
31535 -30.018 -43.831 27.699 0.000000
31536 -30.505 -43.806 26.707 0.000000
31541 -31.293 -44.485 25.880 0.000000
32206 -40.706 -43.709 32.243 0.000000
32207 -43.265 -43.268 32.863 0.000000
32212 -38.594 -43.754 31.140 0.000000
32213 -39.430 -43.424 31.059 0.000000
32214 -40.739 -43.239 31.539 0.000000
32215 -41.247 -42.649 30.998 0.000000
32216 -42.192 -42.728 31.526 0.000000
32217 -43.141 -42.706 32.004 0.000000
32220 -30.527 -43.690 29.705 0.000000
32221 -33.369 -43.230 30.304 0.000000
32222 -34.372 -43.340 30.338 0.000000
32223 -35.279 -43.457 30.407 0.000000
32224 -37.585 -43.175 30.258 0.000000
32225 -38.328 -43.179 30.347 0.000000
32226 -39.025 -43.109 30.358 0.000000
32227 -39.716 -42.723 30.374 0.000000
32228 -40.262 -42.973 30.994 0.000000
32231 -29.919 -43.749 29.092 0.000000
32232 -30.587 -43.179 28.996 0.000000
32233 -31.356 -42.650 28.966 0.000000
32234 -32.019 -42.761 29.508 0.000000
32235 -32.905 -42.727 29.650 0.000000
32236 -33.949 -42.811 29.721 0.000000
32237 -34.902 -42.947 29.772 0.000000
32238 -36.376 -42.775 29.665 0.000000
32239 -37.234 -42.715 29.647 0.000000
32240 -38.035 -42.674 29.689 0.000000
32241 -38.791 -42.647 29.741 0.000000
32244 -30.738 -42.657 28.288 0.000000
32246 -30.444 -42.905 27.431 0.000000
32253 -30.529 -42.937 26.363 0.000000
32933 -43.989 -42.426 32.081 0.000000
32934 -44.678 -42.114 32.263 0.000000
32940 -42.104 -42.283 30.699 0.000000
32941 -43.419 -42.221 31.357 0.000000
32942 -44.107 -41.966 31.509 0.000000
32943 -44.654 -41.657 31.604 0.000000
32946 -39.973 -42.296 29.651 0.000000
32947 -41.388 -42.062 30.095 0.000000
32948 -42.138 -41.785 29.923 0.000000
32949 -42.806 -41.997 30.615 0.000000
32950 -43.534 -41.747 30.742 0.000000
32951 -44.278 -41.472 30.922 0.000000
32954 -32.324 -42.333 28.895 0.000000
32955 -33.485 -42.387 29.019 0.000000
32956 -34.531 -42.430 29.138 0.000000
32957 -35.561 -42.466 29.271 0.000000
32958 -36.792 -42.278 29.060 0.000000
32959 -37.648 -42.198 29.042 0.000000
32960 -38.532 -42.174 29.098 0.000000
32961 -39.416 -42.205 29.155 0.000000
32962 -40.196 -42.084 28.986 0.000000
32963 -40.744 -41.976 29.460 0.000000
32964 -41.520 -41.734 29.247 0.000000
32965 -42.192 -41.547 29.134 0.000000
32966 -42.881 -41.505 29.854 0.000000
32969 -31.008 -42.081 27.602 0.000000
32971 -32.928 -41.820 28.360 0.000000
32972 -34.087 -41.932 28.537 0.000000
32973 -35.099 -41.984 28.563 0.000000
32974 -36.115 -41.939 28.599 0.000000
32975 -37.128 -41.708 28.314 0.000000
32976 -38.142 -41.731 28.390 0.000000
32977 -39.058 -41.809 28.420 0.000000
32978 -39.931 -41.858 28.424 0.000000
32979 -40.834 -41.735 28.592 0.000000
32981 -30.759 -42.184 26.752 0.000000
33633 -45.079 -41.174 31.152 0.000000
33634 -45.708 -40.578 31.000 0.000000
33636 -43.772 -41.317 30.100 0.000000
33637 -44.561 -41.002 30.249 0.000000
33638 -45.160 -40.695 30.420 0.000000
33641 -42.762 -41.219 28.983 0.000000
33642 -43.416 -40.686 28.757 0.000000
33643 -44.131 -40.364 28.809 0.000000
33644 -44.926 -40.425 29.468 0.000000
33650 -32.911 -41.153 27.731 0.000000
33651 -34.623 -41.493 27.980 0.000000
33652 -35.603 -41.534 27.924 0.000000
33653 -36.960 -41.302 27.470 0.000000
33654 -37.787 -41.377 27.630 0.000000
33655 -38.670 -41.469 27.690 0.000000
33656 -39.523 -41.514 27.769 0.000000
33657 -40.384 -41.523 27.831 0.000000
33658 -41.226 -41.473 27.902 0.000000
33659 -42.060 -41.247 27.951 0.000000
33660 -42.787 -40.998 28.292 0.000000
33661 -43.452 -40.501 28.034 0.000000
33667 -32.192 -40.906 27.188 0.000000
33668 -32.994 -40.631 27.216 0.000000
33669 -33.955 -40.862 27.473 0.000000
33670 -35.163 -41.011 27.373 0.000000
33671 -36.178 -41.147 27.251 0.000000
33672 -37.517 -40.912 27.032 0.000000
33673 -36.840 -40.912 26.987 0.000000
33674 -38.337 -41.003 27.104 0.000000
33675 -39.109 -41.127 27.163 0.000000
33676 -39.894 -41.070 27.276 0.000000
33677 -40.732 -41.084 27.347 0.000000
33678 -41.261 -40.584 27.157 0.000000
33679 -42.019 -40.625 27.505 0.000000
33680 -42.706 -40.665 27.790 0.000000
33689 -38.804 -40.638 26.680 0.000000
33690 -39.879 -40.594 26.834 0.000000
34324 -46.805 -40.382 32.575 0.000000
34325 -47.066 -39.742 31.967 0.000000
34328 -46.450 -40.236 31.593 0.000000
34329 -46.984 -39.571 31.254 0.000000
34331 -45.554 -40.199 30.225 0.000000
34332 -45.983 -39.638 30.129 0.000000
34333 -46.536 -39.604 30.705 0.000000
34336 -45.319 -39.812 28.964 0.000000
34337 -45.542 -39.876 29.602 0.000000
34343 -44.123 -40.081 28.254 0.000000
34344 -44.680 -40.094 28.716 0.000000
34355 -32.537 -40.421 26.541 0.000000
34356 -33.599 -40.326 26.746 0.000000
34357 -35.724 -40.635 26.712 0.000000
34358 -36.451 -40.714 26.707 0.000000
34359 -42.575 -40.173 27.476 0.000000
34360 -43.103 -40.176 27.657 0.000000
34361 -43.646 -39.852 27.741 0.000000
34375 -34.243 -39.919 26.186 0.000000
34376 -35.374 -40.020 26.130 0.000000
34377 -34.756 -39.588 25.699 0.000000
34378 -36.309 -40.291 26.201 0.000000
34379 -37.155 -40.463 26.418 0.000000
34380 -38.057 -40.488 26.550 0.000000
34381 -38.590 -40.120 26.198 0.000000
34382 -39.274 -40.325 26.485 0.000000
34383 -39.981 -40.023 26.463 0.000000
34384 -40.966 -39.978 26.715 0.000000
34393 -35.488 -39.508 25.556 0.000000
34394 -36.101 -39.853 25.800 0.000000
34395 -36.924 -39.884 25.772 0.000000
34396 -38.406 -39.593 25.852 0.000000
35103 -47.609 -39.285 32.112 0.000000
35104 -48.355 -38.109 32.125 0.000000
35116 -47.507 -39.167 31.358 0.000000
35117 -48.101 -38.491 31.598 0.000000
35123 -46.434 -39.123 29.960 0.000000
35124 -47.098 -39.014 30.540 0.000000
35127 -45.873 -39.353 29.411 0.000000
35128 -46.312 -38.795 29.290 0.000000
35129 -46.786 -38.653 29.824 0.000000
35136 -44.829 -39.601 28.432 0.000000
35137 -45.609 -39.098 28.708 0.000000
35147 -42.936 -39.555 27.392 0.000000
35148 -43.097 -38.823 27.282 0.000000
35149 -43.677 -39.200 27.539 0.000000
35150 -44.929 -38.983 28.160 0.000000
35156 -39.102 -39.798 26.130 0.000000
35157 -39.656 -39.326 26.123 0.000000
35158 -41.471 -39.216 26.659 0.000000
35159 -42.353 -39.041 26.981 0.000000
35165 -33.744 -38.858 24.822 0.000000
35166 -34.696 -39.085 25.139 0.000000
35167 -35.534 -38.966 25.151 0.000000
35168 -36.208 -39.397 25.505 0.000000
35169 -36.971 -39.031 25.501 0.000000
35170 -37.906 -38.984 25.617 0.000000
35171 -38.652 -38.884 25.725 0.000000
35172 -39.337 -38.716 25.901 0.000000
35178 -34.920 -38.484 24.686 0.000000
35834 -48.871 -37.297 31.929 0.000000
35845 -47.820 -38.431 30.806 0.000000
35846 -48.453 -37.704 31.047 0.000000
35863 -47.360 -38.257 30.070 0.000000
35864 -48.081 -37.638 30.334 0.000000
35872 -46.898 -38.099 29.313 0.000000
35873 -47.676 -37.508 29.633 0.000000
35875 -46.159 -38.390 28.752 0.000000
35876 -46.653 -37.558 28.726 0.000000
35877 -47.353 -37.330 29.087 0.000000
35889 -43.326 -38.160 27.301 0.000000
35890 -43.716 -38.649 27.463 0.000000
35891 -44.997 -38.352 27.974 0.000000
35892 -45.782 -37.914 28.299 0.000000
35902 -40.129 -38.588 26.163 0.000000
35903 -41.007 -38.531 26.406 0.000000
35904 -41.831 -38.455 26.667 0.000000
35905 -42.590 -38.284 26.982 0.000000
35911 -36.150 -38.781 25.258 0.000000
35912 -37.387 -38.173 25.445 0.000000
35913 -38.180 -38.112 25.614 0.000000
35914 -38.935 -38.012 25.708 0.000000
35915 -39.686 -37.879 25.953 0.000000
35919 -34.035 -37.699 23.682 0.000000
35920 -34.852 -37.678 24.206 0.000000
35921 -35.590 -38.237 24.841 0.000000
35922 -36.451 -38.000 25.134 0.000000
36615 -49.477 -36.512 31.717 0.000000
36620 -49.138 -36.946 31.254 0.000000
36621 -49.886 -36.181 31.175 0.000000
36630 -48.831 -36.991 30.575 0.000000
36631 -49.574 -36.425 30.651 0.000000
36646 -48.470 -36.914 29.874 0.000000
36653 -47.382 -36.515 28.647 0.000000
36654 -48.063 -36.737 29.219 0.000000
36662 -44.328 -37.083 27.476 0.000000
36663 -45.149 -37.504 27.826 0.000000
36664 -46.178 -36.766 28.204 0.000000
36675 -40.590 -37.671 26.212 0.000000
36676 -41.382 -37.154 26.371 0.000000
36677 -42.049 -37.689 26.650 0.000000
36678 -42.855 -37.422 26.969 0.000000
36685 -37.729 -37.377 25.249 0.000000
36686 -38.488 -37.271 25.397 0.000000
36687 -39.252 -37.177 25.582 0.000000
36688 -39.946 -37.107 25.887 0.000000
36692 -35.668 -37.346 24.476 0.000000
36693 -37.202 -36.793 24.746 0.000000
36694 -38.020 -36.534 24.855 0.000000
37502 -50.159 -35.821 30.730 0.000000
37510 -49.712 -36.050 30.022 0.000000
37518 -48.989 -36.205 29.414 0.000000
37519 -49.524 -35.607 29.455 0.000000
37528 -46.984 -35.746 28.123 0.000000
37529 -47.824 -35.484 28.377 0.000000
37530 -48.567 -35.240 28.559 0.000000
37531 -49.025 -35.612 28.937 0.000000
37541 -43.504 -36.766 27.191 0.000000
37542 -44.260 -36.051 27.342 0.000000
37543 -45.227 -36.457 27.619 0.000000
37544 -46.849 -35.214 27.663 0.000000
37545 -47.460 -35.030 27.869 0.000000
37555 -41.450 -36.260 26.278 0.000000
37556 -42.179 -36.001 26.477 0.000000
37557 -42.816 -36.475 26.768 0.000000
37558 -43.412 -35.914 26.938 0.000000
37566 -38.802 -36.518 25.151 0.000000
37567 -39.627 -36.298 25.477 0.000000
37568 -40.242 -35.764 25.576 0.000000
37569 -40.918 -35.662 25.804 0.000000
37572 -35.785 -36.456 23.887 0.000000
37573 -36.610 -36.372 24.270 0.000000
37574 -37.240 -36.038 24.295 0.000000
37575 -38.049 -35.637 24.384 0.000000
37576 -38.946 -35.728 24.760 0.000000
37581 -36.443 -35.781 23.695 0.000000
38306 -50.301 -35.373 31.234 0.000000
38318 -50.390 -35.225 30.730 0.000000
38319 -50.463 -34.693 30.889 0.000000
38327 -49.707 -34.891 29.418 0.000000
38328 -50.407 -34.974 30.021 0.000000
38334 -48.035 -34.800 28.178 0.000000
38335 -48.609 -34.665 28.463 0.000000
38336 -49.251 -35.103 28.951 0.000000
38347 -45.217 -35.417 27.386 0.000000
38348 -46.285 -34.969 27.336 0.000000
38349 -47.046 -34.655 27.488 0.000000
38350 -47.578 -34.448 27.734 0.000000
38356 -41.591 -35.439 26.120 0.000000
38357 -42.316 -35.208 26.368 0.000000
38358 -43.179 -35.021 26.557 0.000000
38359 -44.670 -34.851 27.022 0.000000
38367 -39.702 -35.363 25.119 0.000000
38368 -40.430 -35.095 25.310 0.000000
38369 -41.133 -34.910 25.545 0.000000
38370 -41.789 -34.664 25.883 0.000000
38374 -37.935 -34.865 23.798 0.000000
38375 -39.172 -34.842 24.547 0.000000
38376 -39.909 -34.595 24.786 0.000000
39012 -50.413 -34.267 30.572 0.000000
39020 -49.912 -34.430 29.746 0.000000
39027 -48.486 -34.117 28.348 0.000000
39028 -49.182 -34.475 28.962 0.000000
39040 -47.174 -34.201 27.376 0.000000
39041 -47.467 -33.882 27.491 0.000000
39042 -48.023 -34.274 28.022 0.000000
39048 -42.515 -34.405 26.170 0.000000
39049 -43.284 -34.052 26.280 0.000000
39050 -44.004 -34.506 26.579 0.000000
39051 -45.691 -33.817 26.588 0.000000
39052 -46.522 -34.209 27.046 0.000000
39053 -46.942 -33.830 27.146 0.000000
39058 -40.625 -34.360 25.035 0.000000
39059 -41.320 -34.124 25.331 0.000000
39060 -42.023 -33.878 25.665 0.000000
39061 -42.692 -33.716 25.895 0.000000
39063 -38.654 -34.405 23.810 0.000000
39065 -40.098 -33.833 24.486 0.000000
39066 -40.808 -33.565 24.829 0.000000
39637 -50.629 -32.959 31.726 0.000000
39645 -50.034 -33.701 30.176 0.000000
39646 -50.504 -33.437 30.984 0.000000
39654 -49.436 -33.865 29.506 0.000000
39655 -48.864 -33.616 28.898 0.000000
39664 -48.267 -33.424 28.385 0.000000
39676 -47.349 -33.130 27.453 0.000000
39677 -47.897 -33.703 27.903 0.000000
39685 -44.101 -33.678 26.253 0.000000
39686 -44.938 -33.326 26.091 0.000000
39687 -45.647 -33.208 26.330 0.000000
39688 -46.378 -33.454 26.707 0.000000
39689 -46.935 -33.335 27.060 0.000000
39693 -41.548 -33.273 25.207 0.000000
39694 -42.402 -33.137 25.481 0.000000
39695 -45.283 -32.693 25.902 0.000000
39700 -41.969 -32.429 24.857 0.000000
40326 -50.568 -32.000 31.695 0.000000
40333 -49.925 -32.151 30.474 0.000000
40334 -50.459 -32.537 31.131 0.000000
40340 -48.386 -32.463 29.048 0.000000
40341 -49.385 -32.928 29.776 0.000000
40353 -47.728 -32.779 28.151 0.000000
40354 -47.153 -31.988 27.637 0.000000
40355 -47.711 -31.675 28.538 0.000000
40362 -46.834 -32.530 26.954 0.000000
40372 -45.927 -32.722 26.343 0.000000
40373 -46.200 -31.998 26.442 0.000000
40375 -42.971 -32.536 25.173 0.000000
40376 -44.242 -32.001 25.206 0.000000
40377 -44.917 -32.002 25.510 0.000000
40378 -45.557 -31.997 25.892 0.000000
40380 -40.597 -32.248 23.925 0.000000
40381 -41.297 -32.101 24.303 0.000000
40382 -41.930 -31.694 24.168 0.000000
40383 -42.757 -31.882 24.564 0.000000
40384 -43.523 -31.997 24.882 0.000000
41106 -49.911 -31.156 30.436 0.000000
41107 -50.418 -31.617 31.062 0.000000
41116 -48.476 -31.208 29.169 0.000000
41117 -49.160 -31.721 29.818 0.000000
41134 -47.454 -30.937 27.987 0.000000
41140 -46.726 -31.561 26.868 0.000000
41141 -47.054 -31.044 27.313 0.000000
41147 -46.337 -30.971 26.310 0.000000
41148 -46.924 -30.600 26.674 0.000000
41150 -44.628 -31.359 25.014 0.000000
41151 -45.805 -31.174 25.863 0.000000
41154 -43.965 -31.416 24.628 0.000000
41155 -44.509 -30.851 24.318 0.000000
41964 -50.364 -30.324 30.223 0.000000
41965 -50.924 -29.845 30.739 0.000000
41980 -49.427 -30.618 29.634 0.000000
41981 -50.115 -29.865 29.508 0.000000
41982 -50.959 -29.592 29.959 0.000000
41992 -48.072 -30.804 28.563 0.000000
41993 -48.884 -30.212 28.821 0.000000
41994 -49.833 -29.642 28.755 0.000000
42003 -47.672 -30.205 27.153 0.000000
42004 -48.267 -30.144 27.985 0.000000
42006 -46.666 -30.143 25.990 0.000000
42007 -47.348 -29.795 26.310 0.000000
42009 -45.703 -30.452 25.182 0.000000
42010 -46.433 -29.881 25.268 0.000000
42011 -47.151 -29.517 25.524 0.000000
42013 -45.147 -30.373 24.014 0.000000
42014 -45.770 -29.818 23.850 0.000000
42015 -46.136 -29.795 24.522 0.000000
42023 -45.266 -29.832 23.300 0.000000
42806 -51.597 -29.217 30.253 0.000000
42821 -50.972 -29.311 29.025 0.000000
42822 -52.039 -29.041 28.981 0.000000
42840 -49.318 -29.708 27.944 0.000000
42841 -50.533 -29.421 27.852 0.000000
42842 -51.829 -29.343 28.139 0.000000
42843 -52.712 -29.174 28.350 0.000000
42844 -53.051 -28.956 28.547 0.000000
42845 -53.450 -28.969 28.151 0.000000
42847 -48.771 -29.580 27.055 0.000000
42848 -49.710 -29.329 26.370 0.000000
42849 -50.605 -29.441 26.758 0.000000
42850 -51.635 -29.537 27.067 0.000000
42851 -52.585 -29.523 27.347 0.000000
42852 -53.242 -29.303 27.700 0.000000
42853 -53.781 -29.021 27.651 0.000000
42855 -47.890 -29.314 25.831 0.000000
42856 -49.701 -29.175 25.420 0.000000
42857 -50.727 -29.528 25.845 0.000000
42858 -51.728 -29.916 25.656 0.000000
42859 -52.436 -29.998 26.284 0.000000
42860 -53.800 -30.176 26.028 0.000000
42861 -54.003 -29.136 26.807 0.000000
42863 -47.153 -29.277 24.535 0.000000
42864 -48.240 -28.948 24.624 0.000000
42865 -49.097 -28.939 24.818 0.000000
42866 -50.862 -29.555 25.092 0.000000
42867 -51.904 -29.899 25.196 0.000000
42868 -53.785 -30.265 25.392 0.000000
42869 -54.204 -30.193 25.299 0.000000
42870 -54.748 -30.133 24.711 0.000000
42874 -46.559 -29.404 23.738 0.000000
42875 -47.294 -29.100 23.610 0.000000
42876 -47.996 -28.864 23.898 0.000000
42877 -48.994 -28.765 24.227 0.000000
42878 -50.498 -29.169 24.412 0.000000
42879 -51.492 -29.579 24.598 0.000000
42880 -53.384 -29.768 24.189 0.000000
42881 -54.598 -30.083 24.380 0.000000
42882 -54.959 -29.972 24.400 0.000000
42889 -46.109 -29.452 22.968 0.000000
42890 -46.985 -29.185 22.953 0.000000
42891 -47.752 -28.888 23.099 0.000000
42892 -48.588 -28.697 23.458 0.000000
42893 -49.325 -28.672 23.817 0.000000
42894 -50.038 -28.747 23.853 0.000000
42895 -50.954 -29.151 23.902 0.000000
42896 -52.083 -29.444 24.045 0.000000
42897 -53.925 -29.515 23.379 0.000000
42898 -52.638 -29.166 23.399 0.000000
42899 -54.981 -29.747 23.783 0.000000
42900 -55.257 -29.463 23.877 0.000000
42904 -46.077 -29.366 22.113 0.000000
42905 -46.717 -29.076 21.742 0.000000
42906 -47.386 -28.883 22.261 0.000000
42907 -48.254 -28.624 22.636 0.000000
42908 -54.650 -29.251 22.735 0.000000
42909 -55.294 -29.160 23.039 0.000000
42917 -46.687 -28.859 21.150 0.000000
42918 -47.278 -28.711 21.455 0.000000
43694 -53.616 -28.438 28.196 0.000000
43709 -53.937 -28.516 27.613 0.000000
43721 -54.128 -27.920 27.149 0.000000
43726 -54.226 -29.778 25.585 0.000000
43727 -53.869 -28.489 25.896 0.000000
43737 -54.581 -29.374 24.895 0.000000
43738 -55.187 -29.614 24.281 0.000000
43740 -49.275 -28.517 23.123 0.000000
43741 -50.382 -28.533 23.253 0.000000
43742 -51.493 -28.800 23.330 0.000000
43743 -55.541 -28.769 23.711 0.000000
43744 -55.577 -28.699 23.073 0.000000
43747 -47.948 -28.536 21.809 0.000000
43748 -48.785 -28.320 22.141 0.000000
43749 -50.182 -27.609 21.975 0.000000
43750 -50.957 -28.084 22.517 0.000000
43751 -52.130 -28.437 22.706 0.000000
43752 -53.733 -28.900 22.392 0.000000
43753 -55.039 -28.760 22.030 0.000000
43754 -55.616 -28.577 22.217 0.000000
43755 -56.227 -28.358 21.472 0.000000
43756 -56.108 -28.236 22.267 0.000000
43759 -47.092 -28.439 20.605 0.000000
43760 -47.730 -28.388 21.118 0.000000
43761 -48.395 -28.117 21.265 0.000000
43762 -49.363 -27.756 21.518 0.000000
43763 -50.917 -27.490 21.605 0.000000
43764 -51.912 -27.773 21.893 0.000000
43765 -53.545 -28.433 21.656 0.000000
43766 -52.869 -27.808 21.129 0.000000
43767 -54.839 -28.738 21.049 0.000000
43768 -55.600 -28.689 21.264 0.000000
43769 -56.771 -28.035 21.008 0.000000
43775 -47.275 -28.076 19.684 0.000000
43776 -47.942 -27.938 20.345 0.000000
43777 -48.584 -27.530 19.650 0.000000
43778 -48.865 -27.671 20.525 0.000000
43779 -53.942 -28.352 20.933 0.000000
43780 -54.551 -28.383 20.078 0.000000
43781 -53.521 -27.796 20.118 0.000000
43782 -55.353 -28.733 20.389 0.000000
43783 -56.183 -28.450 20.571 0.000000
43784 -56.719 -27.802 20.338 0.000000
43795 -46.823 -28.245 18.934 0.000000
43796 -47.923 -27.721 19.325 0.000000
43797 -48.458 -27.451 18.873 0.000000
43798 -54.803 -28.539 19.105 0.000000
43799 -53.972 -28.007 19.274 0.000000
43800 -55.577 -28.778 19.168 0.000000
43801 -56.293 -28.592 19.153 0.000000
43802 -56.498 -27.990 19.520 0.000000
43806 -47.174 -28.037 18.150 0.000000
43807 -47.939 -27.619 18.277 0.000000
43810 -53.426 -27.928 18.533 0.000000
43811 -54.633 -28.776 18.279 0.000000
43812 -56.834 -28.356 18.810 0.000000
43821 -51.294 -27.576 17.436 0.000000
44609 -53.858 -27.547 27.958 0.000000
44664 -53.873 -28.205 24.985 0.000000
44672 -54.831 -28.406 24.293 0.000000
44673 -55.359 -27.744 23.512 0.000000
44674 -55.865 -27.963 22.928 0.000000
44678 -56.200 -27.656 22.146 0.000000
44679 -56.594 -27.722 21.541 0.000000
44684 -49.761 -27.371 20.607 0.000000
44685 -51.709 -27.326 20.956 0.000000
44686 -56.978 -27.401 20.941 0.000000
44691 -49.389 -27.228 19.775 0.000000
44692 -50.316 -26.980 19.866 0.000000
44693 -51.357 -27.145 19.959 0.000000
44694 -52.426 -27.434 20.088 0.000000
44695 -56.629 -27.298 19.821 0.000000
44699 -49.093 -27.184 18.937 0.000000
44700 -49.971 -26.998 19.004 0.000000
44701 -50.975 -27.016 19.075 0.000000
44702 -52.044 -27.114 19.168 0.000000
44703 -53.065 -27.476 19.259 0.000000
44704 -56.448 -27.568 19.041 0.000000
44707 -49.642 -27.144 18.153 0.000000
44708 -50.602 -27.149 18.204 0.000000
44709 -52.542 -27.500 18.461 0.000000
45417 -54.185 -25.981 25.955 0.000000
45451 -55.435 -27.234 22.817 0.000000
45461 -55.048 -26.253 22.309 0.000000
45462 -55.996 -26.178 21.755 0.000000
45465 -56.616 -26.330 21.217 0.000000
45470 -56.679 -26.436 20.156 0.000000
45472 -56.409 -26.792 19.374 0.000000
45476 -55.887 -26.257 18.782 0.000000
46166 -55.210 -25.202 21.762 0.000000
46174 -56.203 -25.343 21.182 0.000000
46175 -56.650 -25.875 20.806 0.000000
46177 -56.349 -25.535 20.304 0.000000
46179 -56.263 -25.952 19.478 0.000000
46180 -55.664 -25.436 19.162 0.000000
46866 -54.526 -24.104 21.998 0.000000
46878 -55.708 -24.248 21.350 0.000000
46879 -56.035 -24.450 21.023 0.000000
46880 -55.715 -23.495 21.145 0.000000
46886 -55.880 -24.705 20.474 0.000000
46888 -55.377 -24.759 19.660 0.000000
46889 -54.505 -24.215 19.428 0.000000
47588 -55.228 -23.218 21.712 0.000000
47606 -55.262 -23.937 20.202 0.000000
88874 -51.659 -29.197 29.652 0.000000
88875 -44.486 -30.321 23.515 0.000000
88989 -52.131 -28.858 29.617 0.000000
89013 -55.765 -23.695 20.874 0.000000
89024 -22.396 -52.371 40.680 0.000000
89163 -54.336 -28.765 21.787 0.000000
89172 -22.121 -48.994 30.694 0.000000
89188 -53.198 -29.812 26.636 0.000000
89243 -45.108 -30.764 24.745 0.000000
89349 -43.347 -33.224 25.791 0.000000
89548 -54.594 -30.185 24.819 0.000000
89569 -37.529 -46.420 39.809 0.000000
89879 -37.086 -47.178 37.505 0.000000
90016 -29.677 -51.637 34.241 0.000000
90029 -52.694 -30.160 25.589 0.000000
90205 -36.323 -47.290 37.277 0.000000
90286 -38.570 -46.858 37.956 0.000000
90319 -56.267 -26.942 18.742 0.000000
90352 -41.694 -41.537 28.527 0.000000
90385 -27.078 -53.656 41.620 0.000000
90387 -36.478 -47.302 36.624 0.000000
90398 -53.279 -30.269 25.965 0.000000
90521 -44.588 -32.643 25.615 0.000000
90558 -37.665 -47.318 36.194 0.000000
90582 -36.881 -45.670 32.829 0.000000
90615 -30.667 -46.610 35.569 0.000000
90693 -48.072 -29.581 26.528 0.000000
90753 -35.607 -46.722 36.036 0.000000
90916 -33.413 -45.479 34.593 0.000000
90985 -37.237 -46.925 38.261 0.000000
91091 -46.168 -30.507 25.718 0.000000
91154 -38.544 -47.060 37.216 0.000000
91325 -48.556 -29.121 25.276 0.000000
91410 -31.328 -43.192 29.630 0.000000
91466 -31.818 -48.248 38.671 0.000000
91577 -47.754 -29.191 25.141 0.000000
91618 -36.531 -47.012 38.051 0.000000
91719 -34.383 -38.170 24.287 0.000000
91761 -44.274 -39.446 27.925 0.000000
91872 -52.789 -29.935 24.889 0.000000
92042 -29.146 -51.317 28.853 0.000000
92142 -35.480 -45.444 32.945 0.000000
92215 -27.021 -48.585 30.306 0.000000
92256 -38.439 -47.259 36.398 0.000000
92271 -52.854 -28.307 22.114 0.000000
92427 -51.493 -29.772 26.227 0.000000
92441 -46.063 -40.040 30.750 0.000000
92525 -34.663 -46.182 35.684 0.000000
92783 -33.184 -51.387 39.944 0.000000
92832 -43.978 -40.753 29.490 0.000000
92846 -21.519 -51.496 37.702 0.000000
93005 -53.627 -29.488 26.919 0.000000
93106 -50.172 -35.519 30.024 0.000000
93333 -40.009 -43.646 31.691 0.000000
93334 -29.785 -45.696 31.541 0.000000
93430 -33.653 -44.516 31.819 0.000000
93540 -29.701 -44.935 30.264 0.000000
93595 -39.182 -46.323 38.688 0.000000
93814 -23.686 -53.315 42.773 0.000000
93833 -19.416 -51.187 35.882 0.000000
93980 -30.461 -53.519 39.115 0.000000
94097 -37.839 -40.023 25.979 0.000000
94128 -40.514 -40.555 26.916 0.000000
94234 -33.053 -50.303 40.328 0.000000
94468 -31.694 -50.392 35.245 0.000000
94488 -55.757 -28.541 19.799 0.000000
94528 -34.714 -40.431 26.796 0.000000
94633 -45.494 -38.560 28.364 0.000000
94642 -32.271 -43.241 30.187 0.000000
94748 -26.540 -52.236 39.594 0.000000
94760 -23.555 -49.280 35.002 0.000000
95049 -48.576 -37.684 31.598 0.000000
95075 -33.701 -41.458 28.034 0.000000
95115 -42.146 -36.851 26.555 0.000000
95469 -25.737 -53.305 41.852 0.000000
95519 -42.394 -43.272 32.376 0.000000
95610 -30.320 -44.434 27.210 0.000000
95636 -32.485 -50.037 32.140 0.000000
95637 -31.735 -49.706 34.066 0.000000
95721 -49.878 -28.946 24.725 0.000000
95970 -28.840 -50.938 31.523 0.000000
96049 -29.767 -46.640 30.487 0.000000
96370 -56.286 -28.243 19.894 0.000000
96433 -42.745 -42.386 31.225 0.000000
96475 -36.456 -37.032 24.660 0.000000
96492 -36.588 -44.113 31.212 0.000000
96579 -29.597 -51.666 35.123 0.000000
96699 -41.390 -37.904 26.460 0.000000
96703 -22.614 -49.694 30.287 0.000000
96777 -41.481 -43.246 31.895 0.000000
96838 -27.558 -49.416 30.205 0.000000
96890 -29.454 -52.551 38.232 0.000000
96987 -31.602 -51.790 35.564 0.000000
97005 -45.571 -34.550 26.990 0.000000
97047 -44.002 -35.307 26.933 0.000000
97102 -27.918 -53.829 41.398 0.000000
97287 -50.674 -27.201 20.708 0.000000
97362 -40.355 -46.940 35.095 0.000000
97368 -51.599 -27.269 18.330 0.000000
97529 -23.744 -52.387 40.375 0.000000
97537 -50.141 -32.959 30.492 0.000000
97619 -49.775 -28.074 22.488 0.000000
97623 -44.844 -34.111 26.595 0.000000
97663 -23.418 -48.305 33.352 0.000000
97669 -40.593 -36.546 25.986 0.000000
97782 -31.775 -51.325 34.464 0.000000
97922 -26.837 -51.362 38.144 0.000000
97959 -46.130 -35.770 27.701 0.000000
97978 -43.348 -31.479 24.363 0.000000
97980 -31.205 -44.519 32.079 0.000000
98019 -46.686 -29.209 22.358 0.000000
98096 -55.263 -29.010 18.658 0.000000
98130 -30.609 -53.594 39.819 0.000000
98138 -40.537 -42.386 30.268 0.000000
98157 -36.629 -46.884 38.868 0.000000
98208 -49.768 -28.812 24.244 0.000000
98287 -55.976 -25.230 19.797 0.000000
98321 -32.251 -49.534 30.202 0.000000
98467 -54.143 -28.354 18.596 0.000000
98474 -40.539 -39.300 26.394 0.000000
98538 -30.348 -47.553 33.514 0.000000
98777 -25.968 -53.730 42.644 0.000000
98785 -45.484 -29.567 22.578 0.000000
98869 -24.167 -50.754 37.139 0.000000
98899 -55.850 -27.092 22.262 0.000000
98940 -30.513 -47.672 35.351 0.000000
98998 -37.827 -46.597 34.035 0.000000
99145 -24.969 -49.956 26.780 0.000000
99300 -43.325 -41.080 29.446 0.000000
99312 -48.775 -29.339 26.072 0.000000
99500 -34.771 -46.567 36.366 0.000000
99609 -53.036 -28.836 22.814 0.000000
99635 -32.161 -49.550 30.781 0.000000
99655 -43.596 -44.404 34.233 0.000000
99696 -24.421 -52.840 41.745 0.000000
99969 -34.492 -48.750 41.608 0.000000
100007 -31.372 -44.372 31.462 0.000000
100064 -31.642 -53.447 38.759 0.000000
100180 -54.033 -27.034 23.780 0.000000
100340 -26.785 -49.886 35.641 0.000000
100384 -46.490 -32.863 26.668 0.000000
100388 -23.061 -51.859 38.944 0.000000
100573 -56.944 -26.671 20.851 0.000000
100581 -32.507 -45.299 34.483 0.000000
100936 -33.514 -44.147 31.271 0.000000
101032 -23.916 -52.541 41.170 0.000000
101122 -56.394 -27.009 21.691 0.000000
101255 -45.246 -31.267 25.394 0.000000
101292 -30.849 -48.452 33.706 0.000000
101304 -30.033 -51.618 31.445 0.000000
101334 -48.373 -35.969 28.790 0.000000
101424 -50.593 -30.744 30.889 0.000000
101833 -30.509 -44.142 30.328 0.000000
101905 -27.377 -51.769 38.587 0.000000
102062 -23.092 -48.515 29.652 0.000000
102174 -30.745 -53.605 40.843 0.000000
102192 -31.665 -49.973 29.305 0.000000
102199 -31.569 -47.672 37.919 0.000000
102364 -30.167 -43.390 28.338 0.000000
102449 -32.826 -53.018 39.637 0.000000
102492 -30.211 -53.504 39.772 0.000000
102494 -43.614 -37.534 27.327 0.000000
102674 -31.522 -42.175 28.326 0.000000
102712 -35.271 -47.064 40.222 0.000000
102899 -49.759 -29.413 27.194 0.000000
102903 -56.292 -25.184 20.846 0.000000
102968 -31.790 -53.508 39.359 0.000000
102972 -37.653 -39.591 25.729 0.000000
103004 -32.211 -47.088 37.914 0.000000
103013 -44.322 -38.813 27.715 0.000000
103034 -44.223 -38.060 27.541 0.000000
103048 -41.956 -39.867 27.123 0.000000
103079 -39.977 -46.516 37.772 0.000000
103088 -42.776 -35.740 26.620 0.000000
103100 -26.001 -47.748 29.939 0.000000
103296 -39.353 -42.568 29.837 0.000000
103308 -30.629 -44.772 32.155 0.000000
103522 -30.544 -51.459 30.375 0.000000
103536 -36.395 -41.525 27.887 0.000000
103750 -24.543 -47.500 29.464 0.000000
103756 -24.203 -52.007 39.278 0.000000
103870 -22.914 -52.330 40.083 0.000000
103878 -25.270 -47.905 32.526 0.000000
103919 -31.446 -49.177 33.742 0.000000
104059 -50.189 -35.746 31.171 0.000000
104116 -24.079 -48.863 34.539 0.000000
104345 -36.225 -43.461 30.456 0.000000
104454 -39.201 -44.341 31.798 0.000000
104549 -54.014 -29.966 26.112 0.000000
104579 -30.117 -46.617 33.282 0.000000
104633 -42.275 -41.353 28.544 0.000000
104641 -49.172 -36.505 30.096 0.000000
104723 -41.628 -46.505 36.295 0.000000
104740 -54.030 -30.218 24.818 0.000000
104787 -55.194 -28.690 19.730 0.000000
104909 -26.411 -47.964 30.674 0.000000
104998 -21.015 -50.742 36.083 0.000000
105120 -37.060 -37.473 25.076 0.000000
105251 -49.830 -35.215 29.551 0.000000
105320 -38.485 -36.132 24.751 0.000000
105352 -31.184 -49.120 37.293 0.000000
105543 -25.262 -47.631 31.753 0.000000
105553 -41.453 -41.075 27.554 0.000000
105817 -35.998 -47.382 36.938 0.000000
106036 -36.911 -43.160 30.156 0.000000
106059 -27.896 -49.499 31.363 0.000000
106382 -38.527 -35.044 24.317 0.000000
106397 -40.568 -45.265 33.341 0.000000
106500 -22.592 -50.222 35.934 0.000000
106764 -32.097 -43.702 30.647 0.000000
106807 -36.061 -46.623 35.503 0.000000
106971 -49.484 -30.005 29.213 0.000000
107129 -43.800 -32.579 25.414 0.000000
107237 -45.546 -30.252 24.462 0.000000
107257 -42.525 -45.401 34.705 0.000000
107284 -36.305 -46.759 39.393 0.000000
107289 -40.263 -40.824 27.102 0.000000
107468 -44.507 -35.399 27.215 0.000000
107540 -53.556 -29.177 27.663 0.000000
107609 -36.211 -42.342 29.157 0.000000
107693 -32.138 -41.964 28.354 0.000000
107768 -32.193 -47.978 39.062 0.000000
107814 -39.384 -40.753 26.859 0.000000
107858 -44.167 -33.076 25.812 0.000000
108080 -56.854 -27.015 21.238 0.000000
108132 -39.001 -39.337 25.899 0.000000
108271 -43.781 -40.396 28.398 0.000000
108472 -56.189 -26.499 19.089 0.000000
108506 -50.738 -30.369 31.163 0.000000
108549 -56.882 -27.114 20.442 0.000000
108614 -35.673 -43.053 29.891 0.000000
108809 -26.524 -48.108 30.129 0.000000
108910 -47.429 -27.927 18.906 0.000000
108991 -47.936 -38.804 32.269 0.000000
109095 -50.151 -27.467 21.315 0.000000
