#!ascii label  , from subject OAS1_0001-3 vox2ras=TkReg 
746
27651 -6.290 -50.145 51.624 0.000000
27660 -5.502 -49.920 50.920 0.000000
27661 -6.078 -49.765 51.229 0.000000
27669 -3.824 -48.920 49.579 0.000000
27670 -4.714 -49.627 49.952 0.000000
27673 -9.755 -49.667 49.362 0.000000
27676 -9.107 -49.438 48.844 0.000000
27677 -8.380 -49.143 49.098 0.000000
27678 -9.813 -49.654 48.597 0.000000
27682 -9.204 -49.232 47.977 0.000000
27683 -8.123 -48.565 47.617 0.000000
27692 -8.780 -48.724 47.308 0.000000
27693 -9.549 -48.952 47.222 0.000000
27694 -10.717 -48.756 46.300 0.000000
27707 -11.943 -48.663 45.515 0.000000
28370 -6.750 -49.222 51.624 0.000000
28371 -5.257 -49.381 50.088 0.000000
28372 -6.107 -49.190 50.412 0.000000
28373 -7.213 -48.891 50.620 0.000000
28376 -4.442 -48.658 49.589 0.000000
28377 -3.862 -48.019 49.683 0.000000
28378 -5.624 -48.635 49.541 0.000000
28379 -6.530 -48.739 49.464 0.000000
28380 -7.492 -48.862 49.312 0.000000
28385 -5.612 -47.828 49.095 0.000000
28386 -6.908 -48.318 48.474 0.000000
28387 -6.363 -47.624 48.453 0.000000
28390 -7.099 -47.592 47.853 0.000000
28391 -7.796 -48.717 48.400 0.000000
28393 -7.676 -47.943 47.297 0.000000
28394 -9.016 -48.367 46.652 0.000000
28395 -8.301 -48.179 46.914 0.000000
28396 -9.821 -48.588 46.439 0.000000
28399 -8.727 -47.620 46.506 0.000000
28400 -9.388 -47.765 46.114 0.000000
28401 -9.704 -47.168 45.455 0.000000
28402 -10.492 -47.357 44.971 0.000000
28403 -11.443 -47.862 44.932 0.000000
28404 -11.086 -47.257 44.336 0.000000
28408 -11.836 -47.574 44.263 0.000000
28409 -12.669 -47.962 44.139 0.000000
28410 -13.423 -48.413 43.883 0.000000
28411 -12.941 -47.580 43.340 0.000000
28425 -14.120 -47.930 42.436 0.000000
28439 -14.929 -48.239 42.180 0.000000
28457 -19.403 -48.512 40.368 0.000000
29126 -5.457 -47.226 49.259 0.000000
29146 -7.216 -46.976 47.747 0.000000
29147 -8.098 -47.428 46.941 0.000000
29148 -7.571 -47.377 47.425 0.000000
29151 -8.623 -47.020 46.563 0.000000
29152 -9.140 -46.877 46.031 0.000000
29154 -10.112 -46.565 45.038 0.000000
29155 -10.753 -46.594 44.377 0.000000
29156 -12.186 -47.343 43.712 0.000000
29164 -11.477 -46.879 43.794 0.000000
29165 -12.219 -46.766 43.266 0.000000
29166 -12.921 -46.702 42.653 0.000000
29174 -13.604 -47.052 42.095 0.000000
29175 -15.310 -47.717 41.532 0.000000
29176 -14.389 -47.417 41.714 0.000000
29177 -16.232 -47.935 41.451 0.000000
29188 -14.816 -46.824 41.124 0.000000
29189 -15.733 -47.197 40.939 0.000000
29190 -16.688 -47.529 40.713 0.000000
29191 -16.086 -46.700 40.298 0.000000
29192 -17.479 -47.959 40.822 0.000000
29193 -18.879 -47.992 39.787 0.000000
29202 -16.838 -46.985 39.948 0.000000
29203 -18.022 -47.542 39.640 0.000000
29204 -17.088 -46.548 39.334 0.000000
29205 -19.753 -48.284 39.616 0.000000
29215 -17.746 -46.923 39.076 0.000000
29216 -18.557 -47.370 38.877 0.000000
29217 -18.081 -46.581 38.455 0.000000
29218 -20.060 -48.035 38.819 0.000000
29237 -18.696 -46.865 38.207 0.000000
29238 -19.423 -47.392 38.278 0.000000
29239 -21.302 -47.776 37.975 0.000000
29240 -19.969 -46.945 37.536 0.000000
29242 -23.227 -47.909 38.091 0.000000
29258 -20.828 -47.247 37.345 0.000000
29259 -21.699 -47.416 37.254 0.000000
29260 -22.655 -47.460 37.301 0.000000
29261 -23.661 -47.393 37.380 0.000000
29262 -24.606 -47.239 37.444 0.000000
29918 -7.809 -46.913 47.349 0.000000
29919 -8.367 -46.674 46.992 0.000000
29920 -8.999 -46.400 46.652 0.000000
29933 -9.953 -45.911 45.329 0.000000
29934 -9.528 -45.953 46.067 0.000000
29940 -10.382 -46.077 44.783 0.000000
29941 -11.257 -46.191 43.867 0.000000
29950 -11.784 -46.310 43.492 0.000000
29951 -12.292 -45.933 42.950 0.000000
29957 -12.878 -45.835 42.421 0.000000
29958 -13.248 -46.237 42.040 0.000000
29966 -13.850 -46.296 41.454 0.000000
29967 -14.531 -45.732 41.015 0.000000
29968 -15.280 -46.270 40.614 0.000000
29979 -15.730 -45.716 40.105 0.000000
29980 -16.426 -46.181 39.695 0.000000
29994 -16.795 -45.685 39.125 0.000000
29995 -17.419 -46.161 38.731 0.000000
30009 -17.810 -45.715 38.196 0.000000
30010 -19.120 -46.589 37.683 0.000000
30011 -18.426 -46.157 37.908 0.000000
30025 -18.824 -45.680 37.388 0.000000
30026 -19.572 -46.108 37.062 0.000000
30027 -21.223 -46.818 36.654 0.000000
30028 -20.415 -46.500 36.851 0.000000
30029 -22.110 -46.951 36.607 0.000000
30030 -23.089 -46.936 36.680 0.000000
30031 -24.078 -46.854 36.813 0.000000
30032 -24.990 -46.768 36.924 0.000000
30033 -25.325 -46.177 36.501 0.000000
30046 -20.815 -46.035 36.200 0.000000
30047 -21.623 -46.268 36.066 0.000000
30048 -22.533 -46.349 36.044 0.000000
30049 -23.514 -46.338 36.140 0.000000
30050 -24.480 -46.293 36.291 0.000000
30662 -10.856 -45.857 44.377 0.000000
30663 -11.485 -45.344 44.749 0.000000
30674 -11.788 -45.764 43.569 0.000000
30688 -12.819 -45.148 42.751 0.000000
30696 -13.370 -45.318 42.021 0.000000
30697 -13.457 -44.463 42.738 0.000000
30698 -13.982 -44.374 41.926 0.000000
30704 -14.397 -44.667 41.116 0.000000
30705 -15.030 -45.142 40.574 0.000000
30714 -15.594 -44.576 40.162 0.000000
30715 -16.172 -45.164 39.585 0.000000
30722 -16.657 -44.601 39.095 0.000000
30723 -17.206 -45.185 38.570 0.000000
30730 -17.690 -44.685 38.108 0.000000
30731 -18.194 -45.225 37.723 0.000000
30738 -19.201 -44.946 36.791 0.000000
30739 -19.877 -44.612 36.208 0.000000
30748 -21.188 -45.563 35.613 0.000000
30749 -20.496 -45.215 35.851 0.000000
30750 -21.999 -45.719 35.467 0.000000
30751 -22.946 -45.778 35.446 0.000000
30752 -23.954 -45.758 35.608 0.000000
30753 -24.901 -45.747 35.798 0.000000
30754 -25.468 -45.153 35.386 0.000000
30765 -20.912 -44.882 35.426 0.000000
30766 -21.578 -44.980 35.154 0.000000
30767 -22.463 -45.048 34.994 0.000000
30768 -23.431 -45.119 34.941 0.000000
30769 -24.451 -45.195 35.072 0.000000
31417 -14.545 -43.970 41.481 0.000000
31418 -14.676 -43.697 42.257 0.000000
31428 -14.996 -43.993 40.816 0.000000
31435 -16.211 -44.047 39.767 0.000000
31441 -17.225 -44.054 38.656 0.000000
31447 -18.214 -44.208 37.752 0.000000
31453 -19.378 -43.877 36.647 0.000000
31460 -20.486 -44.343 35.738 0.000000
31462 -26.849 -43.963 35.643 0.000000
31469 -22.001 -44.275 34.688 0.000000
31470 -22.194 -43.540 34.578 0.000000
31471 -22.919 -44.337 34.343 0.000000
31472 -23.964 -44.523 34.374 0.000000
31473 -24.954 -44.605 34.566 0.000000
31474 -25.483 -43.914 34.252 0.000000
31475 -26.231 -44.026 34.933 0.000000
31484 -23.640 -43.702 33.991 0.000000
31485 -24.521 -43.896 34.026 0.000000
32067 -15.126 -43.506 41.642 0.000000
32084 -15.767 -43.575 40.481 0.000000
32085 -18.170 -42.116 40.847 0.000000
32101 -16.867 -43.461 39.418 0.000000
32117 -17.913 -43.653 38.332 0.000000
32118 -18.985 -43.038 38.031 0.000000
32135 -18.797 -43.754 37.311 0.000000
32136 -19.577 -42.999 37.270 0.000000
32137 -20.492 -42.428 38.115 0.000000
32138 -21.051 -42.205 37.507 0.000000
32155 -20.385 -42.709 36.889 0.000000
32156 -21.073 -42.672 36.388 0.000000
32167 -20.702 -43.464 35.812 0.000000
32168 -21.285 -43.113 35.431 0.000000
32178 -26.293 -43.374 34.436 0.000000
32179 -26.887 -42.778 34.899 0.000000
32188 -22.863 -43.449 34.184 0.000000
32189 -24.224 -43.112 33.664 0.000000
32190 -23.560 -42.836 33.789 0.000000
32191 -24.927 -43.351 33.806 0.000000
32192 -25.652 -43.079 33.833 0.000000
32193 -26.431 -42.575 34.109 0.000000
32198 -24.249 -42.303 33.462 0.000000
32199 -24.922 -42.662 33.495 0.000000
32852 -21.514 -41.889 38.161 0.000000
32853 -22.068 -41.751 37.883 0.000000
32868 -21.725 -42.144 37.188 0.000000
32869 -22.278 -41.860 36.951 0.000000
32879 -21.908 -42.375 36.025 0.000000
32880 -22.475 -42.203 35.138 0.000000
32894 -22.430 -42.909 34.557 0.000000
32895 -23.059 -41.634 34.644 0.000000
32896 -26.990 -42.084 34.678 0.000000
32897 -27.422 -42.279 35.370 0.000000
32916 -23.544 -41.840 33.835 0.000000
32917 -25.769 -42.229 33.519 0.000000
32918 -26.483 -41.726 33.896 0.000000
32927 -24.337 -41.385 33.400 0.000000
32928 -25.016 -41.837 33.203 0.000000
33545 -22.509 -41.226 37.619 0.000000
33557 -22.720 -40.485 37.040 0.000000
33573 -22.660 -41.287 36.595 0.000000
33574 -23.012 -40.572 36.036 0.000000
33586 -26.851 -41.206 34.286 0.000000
33605 -23.731 -40.952 34.013 0.000000
33606 -26.580 -40.918 33.856 0.000000
33620 -24.267 -40.315 33.517 0.000000
33621 -25.065 -40.905 33.125 0.000000
33622 -25.831 -41.343 33.423 0.000000
34255 -23.197 -39.765 35.445 0.000000
34267 -23.417 -39.811 34.616 0.000000
34268 -27.291 -40.528 34.053 0.000000
34287 -23.738 -39.396 33.962 0.000000
34288 -26.824 -40.229 33.795 0.000000
34299 -24.440 -39.431 33.422 0.000000
34300 -25.107 -39.935 33.171 0.000000
34301 -25.919 -40.446 33.398 0.000000
34318 -32.697 -40.414 32.214 0.000000
35043 -23.220 -38.809 35.940 0.000000
35051 -23.370 -39.051 34.864 0.000000
35052 -27.639 -40.579 34.098 0.000000
35053 -28.064 -40.345 34.091 0.000000
35068 -27.196 -39.847 33.776 0.000000
35069 -27.630 -39.855 33.832 0.000000
35070 -28.018 -39.822 33.940 0.000000
35072 -28.680 -39.863 33.777 0.000000
35079 -24.224 -38.632 33.600 0.000000
35080 -25.210 -38.913 33.212 0.000000
35081 -26.050 -39.649 33.357 0.000000
35082 -29.035 -39.394 33.163 0.000000
35090 -29.633 -39.280 32.379 0.000000
35091 -31.483 -39.617 31.734 0.000000
35092 -30.596 -39.430 31.942 0.000000
35093 -32.364 -39.780 31.680 0.000000
35094 -33.180 -39.924 31.634 0.000000
35095 -34.028 -40.017 31.523 0.000000
35106 -31.022 -38.916 31.146 0.000000
35107 -32.064 -39.004 31.052 0.000000
35108 -32.831 -39.429 31.154 0.000000
35109 -32.933 -38.901 30.484 0.000000
35119 -33.895 -39.057 30.331 0.000000
35120 -34.818 -39.120 30.337 0.000000
35790 -23.385 -37.970 35.957 0.000000
35795 -23.441 -38.189 35.188 0.000000
35807 -23.686 -38.420 34.316 0.000000
35808 -24.165 -37.787 33.937 0.000000
35809 -27.237 -38.986 33.546 0.000000
35810 -27.818 -39.030 33.615 0.000000
35811 -28.397 -39.187 33.475 0.000000
35818 -24.772 -37.952 33.338 0.000000
35819 -26.625 -38.055 33.350 0.000000
35820 -27.416 -37.967 33.269 0.000000
35821 -28.157 -38.359 33.099 0.000000
35822 -27.826 -37.527 32.552 0.000000
35827 -28.437 -38.042 32.100 0.000000
35828 -30.058 -38.762 31.421 0.000000
35829 -29.208 -38.455 31.762 0.000000
35836 -30.528 -38.195 30.629 0.000000
35837 -29.732 -37.938 30.924 0.000000
35838 -31.462 -38.300 30.349 0.000000
35839 -32.210 -38.535 30.310 0.000000
35849 -30.281 -37.473 30.458 0.000000
35850 -30.929 -37.560 30.164 0.000000
35851 -32.053 -38.068 29.936 0.000000
35852 -31.622 -37.574 29.816 0.000000
35853 -32.591 -38.332 29.937 0.000000
35854 -34.317 -38.571 29.772 0.000000
35855 -35.207 -38.609 29.796 0.000000
35856 -36.096 -38.686 29.729 0.000000
35857 -36.975 -38.671 29.783 0.000000
35858 -37.899 -38.681 29.971 0.000000
35866 -32.481 -37.610 29.480 0.000000
35867 -33.382 -37.577 29.165 0.000000
35868 -34.697 -38.019 29.310 0.000000
35869 -35.556 -38.045 29.261 0.000000
35870 -36.472 -38.052 29.261 0.000000
35871 -37.424 -38.030 29.379 0.000000
36549 -23.556 -37.383 35.532 0.000000
36562 -23.944 -36.716 35.090 0.000000
36584 -24.325 -36.930 34.276 0.000000
36598 -24.770 -36.687 33.805 0.000000
36599 -25.244 -37.176 33.357 0.000000
36600 -26.666 -37.058 33.056 0.000000
36601 -27.301 -37.069 32.725 0.000000
36602 -27.066 -36.319 32.496 0.000000
36609 -27.635 -36.645 32.127 0.000000
36610 -28.975 -37.548 31.335 0.000000
36611 -28.225 -37.096 31.700 0.000000
36618 -28.910 -36.525 31.129 0.000000
36624 -30.606 -36.889 30.186 0.000000
36625 -31.202 -37.044 29.830 0.000000
36634 -31.767 -36.945 29.496 0.000000
36635 -32.410 -36.830 29.240 0.000000
36636 -32.921 -37.057 29.047 0.000000
36637 -33.104 -36.534 28.885 0.000000
36638 -34.138 -37.485 28.886 0.000000
36639 -34.963 -37.463 28.728 0.000000
36640 -35.858 -37.468 28.671 0.000000
36641 -36.845 -37.363 28.721 0.000000
36642 -37.808 -37.304 29.013 0.000000
36645 -40.345 -36.762 29.450 0.000000
36648 -33.566 -36.958 28.727 0.000000
36649 -34.382 -36.842 28.443 0.000000
36650 -35.249 -36.837 28.253 0.000000
36651 -36.796 -36.692 28.269 0.000000
36652 -38.073 -36.641 28.556 0.000000
37415 -23.686 -36.598 35.988 0.000000
37424 -24.524 -36.041 34.651 0.000000
37446 -24.924 -36.026 34.025 0.000000
37447 -25.010 -35.234 34.384 0.000000
37464 -25.673 -35.503 33.689 0.000000
37465 -26.414 -35.963 32.967 0.000000
37479 -27.144 -35.387 32.490 0.000000
37480 -27.543 -35.920 32.055 0.000000
37493 -28.167 -36.036 31.556 0.000000
37494 -28.942 -35.757 31.234 0.000000
37495 -29.616 -35.969 30.904 0.000000
37497 -33.514 -34.707 31.430 0.000000
37498 -34.053 -34.509 31.893 0.000000
37504 -30.405 -36.166 30.451 0.000000
37505 -31.280 -36.372 29.974 0.000000
37512 -32.062 -36.278 29.492 0.000000
37513 -32.638 -36.314 29.128 0.000000
37514 -33.065 -35.937 28.878 0.000000
37517 -40.164 -35.930 29.139 0.000000
37522 -33.781 -36.206 28.586 0.000000
37523 -36.324 -36.089 27.857 0.000000
37524 -35.582 -35.620 27.770 0.000000
37525 -37.321 -36.186 28.132 0.000000
37526 -38.235 -35.878 28.219 0.000000
37527 -39.067 -35.530 28.292 0.000000
37539 -36.270 -35.272 27.667 0.000000
37540 -36.859 -35.577 27.796 0.000000
38240 -24.727 -35.192 35.140 0.000000
38241 -25.229 -34.683 34.867 0.000000
38252 -25.646 -34.629 34.358 0.000000
38254 -29.989 -33.953 34.202 0.000000
38269 -27.296 -34.509 33.038 0.000000
38270 -31.147 -34.623 33.089 0.000000
38271 -30.100 -34.453 32.621 0.000000
38281 -27.885 -35.344 32.004 0.000000
38282 -27.705 -34.793 32.438 0.000000
38283 -28.436 -34.626 32.256 0.000000
38284 -31.229 -34.778 31.170 0.000000
38285 -30.533 -34.566 31.822 0.000000
38286 -32.185 -34.857 31.795 0.000000
38294 -28.654 -35.199 31.672 0.000000
38295 -30.369 -35.316 30.975 0.000000
38296 -29.583 -35.113 31.457 0.000000
38297 -31.114 -35.563 30.455 0.000000
38298 -31.845 -35.057 30.602 0.000000
38299 -33.841 -34.692 30.580 0.000000
38310 -31.834 -35.680 29.935 0.000000
38311 -33.693 -35.080 29.417 0.000000
38312 -34.255 -34.622 29.780 0.000000
38313 -34.813 -34.386 29.067 0.000000
38321 -33.530 -35.619 28.817 0.000000
38322 -34.226 -35.324 28.616 0.000000
38323 -35.016 -35.108 27.977 0.000000
38324 -39.918 -35.156 28.600 0.000000
38325 -40.678 -34.537 28.806 0.000000
38330 -35.756 -34.860 27.726 0.000000
38331 -37.567 -35.369 27.895 0.000000
38332 -38.395 -35.030 27.986 0.000000
38333 -39.234 -34.646 28.065 0.000000
38344 -36.443 -34.531 27.648 0.000000
38345 -36.955 -34.924 27.616 0.000000
38346 -37.701 -34.578 27.634 0.000000
38968 -26.859 -34.159 33.816 0.000000
38969 -27.897 -33.785 33.939 0.000000
38970 -29.045 -33.775 34.110 0.000000
38982 -28.258 -34.298 33.104 0.000000
38983 -29.373 -34.306 33.158 0.000000
38993 -29.282 -34.549 32.062 0.000000
39015 -35.428 -34.281 28.151 0.000000
39016 -35.324 -33.529 29.194 0.000000
39017 -40.738 -33.610 28.637 0.000000
39018 -41.394 -34.031 29.088 0.000000
39023 -35.833 -33.513 28.084 0.000000
39024 -38.502 -34.182 27.676 0.000000
39025 -39.267 -33.697 27.864 0.000000
39026 -40.006 -34.142 28.312 0.000000
39037 -36.529 -33.626 27.581 0.000000
39038 -37.080 -34.163 27.444 0.000000
39039 -37.768 -33.773 27.396 0.000000
39649 -35.685 -32.888 28.712 0.000000
39650 -35.360 -32.918 29.946 0.000000
39651 -40.744 -32.681 28.655 0.000000
39652 -41.420 -33.105 29.060 0.000000
39661 -36.173 -32.668 27.737 0.000000
39662 -39.172 -32.764 27.713 0.000000
39663 -39.984 -33.086 28.201 0.000000
39673 -36.900 -32.775 27.315 0.000000
39674 -37.687 -32.945 27.255 0.000000
39675 -38.483 -33.277 27.486 0.000000
40328 -35.245 -32.649 30.527 0.000000
40329 -35.134 -32.260 29.867 0.000000
40330 -35.158 -32.488 30.853 0.000000
40336 -35.381 -31.915 28.743 0.000000
40337 -40.653 -31.811 28.749 0.000000
40338 -41.385 -32.192 29.096 0.000000
40348 -35.839 -31.701 27.804 0.000000
40349 -36.616 -31.962 27.352 0.000000
40350 -38.386 -32.395 27.378 0.000000
40351 -39.090 -31.924 27.705 0.000000
40352 -39.792 -31.572 28.322 0.000000
40361 -37.485 -32.124 27.190 0.000000
41092 -34.885 -32.001 30.597 0.000000
41099 -34.788 -31.534 29.312 0.000000
41100 -34.065 -30.875 29.446 0.000000
41101 -34.342 -31.374 30.076 0.000000
41113 -34.513 -30.863 28.754 0.000000
41115 -39.512 -30.718 28.559 0.000000
41127 -35.097 -31.150 28.219 0.000000
41128 -35.653 -30.837 27.790 0.000000
41129 -36.415 -31.112 27.527 0.000000
41130 -38.277 -31.506 27.460 0.000000
41131 -37.294 -31.318 27.343 0.000000
41132 -37.975 -30.784 27.688 0.000000
41133 -38.664 -30.497 28.235 0.000000
41951 -33.607 -30.512 31.386 0.000000
41953 -34.350 -31.351 31.000 0.000000
41958 -33.640 -30.843 30.291 0.000000
41959 -32.907 -30.132 30.472 0.000000
41976 -33.292 -30.356 29.579 0.000000
41977 -33.980 -30.282 28.773 0.000000
41979 -38.423 -29.670 28.935 0.000000
41988 -34.636 -29.664 28.185 0.000000
41989 -35.395 -30.057 27.899 0.000000
41990 -36.247 -30.219 27.740 0.000000
41991 -37.814 -30.024 28.259 0.000000
42787 -32.456 -29.188 30.559 0.000000
42801 -32.664 -29.554 29.646 0.000000
42802 -32.364 -28.702 29.880 0.000000
42815 -33.313 -29.807 29.061 0.000000
42816 -33.102 -29.144 28.877 0.000000
42817 -36.675 -28.546 28.320 0.000000
42818 -37.548 -28.645 29.014 0.000000
42837 -33.860 -29.403 28.505 0.000000
42838 -34.606 -28.737 27.948 0.000000
42839 -35.531 -29.011 27.944 0.000000
43648 -32.460 -28.256 30.542 0.000000
43663 -32.435 -28.014 29.936 0.000000
43673 -32.607 -28.820 29.282 0.000000
43674 -32.539 -28.185 29.358 0.000000
43675 -36.872 -28.056 28.351 0.000000
43683 -32.884 -28.419 28.747 0.000000
43684 -33.591 -28.678 28.301 0.000000
43685 -33.268 -27.931 28.207 0.000000
43686 -35.975 -28.483 27.853 0.000000
43696 -33.703 -27.488 27.669 0.000000
43697 -34.398 -27.951 27.422 0.000000
43712 -39.438 -28.603 25.233 0.000000
43735 -40.815 -28.226 24.493 0.000000
44539 -32.531 -27.432 30.336 0.000000
44554 -32.574 -27.450 29.575 0.000000
44572 -32.796 -27.647 28.824 0.000000
44573 -32.859 -26.844 29.084 0.000000
44595 -33.161 -27.096 28.264 0.000000
44596 -35.194 -28.284 27.341 0.000000
44597 -36.725 -27.896 27.543 0.000000
44611 -34.194 -27.118 27.068 0.000000
44612 -34.872 -27.634 26.771 0.000000
44613 -35.767 -27.847 26.782 0.000000
44614 -36.781 -27.820 26.296 0.000000
44615 -37.501 -27.917 27.156 0.000000
44616 -38.462 -28.158 26.955 0.000000
44624 -34.736 -26.728 26.521 0.000000
44625 -35.418 -27.144 26.241 0.000000
44626 -36.601 -27.518 25.569 0.000000
44627 -36.295 -26.926 25.358 0.000000
44628 -37.811 -28.118 25.942 0.000000
44629 -38.835 -28.437 25.975 0.000000
44643 -36.970 -27.177 24.993 0.000000
44644 -37.724 -27.787 25.008 0.000000
44645 -38.505 -28.303 25.072 0.000000
44654 -37.678 -27.014 24.401 0.000000
44655 -38.434 -27.647 24.252 0.000000
44656 -40.292 -27.590 23.959 0.000000
44657 -39.354 -27.650 23.958 0.000000
44668 -39.740 -26.996 23.402 0.000000
45347 -32.749 -26.753 30.813 0.000000
45375 -32.675 -26.718 29.955 0.000000
45376 -33.077 -26.078 29.506 0.000000
45389 -33.230 -26.238 28.563 0.000000
45397 -33.635 -26.507 27.682 0.000000
45401 -34.166 -26.129 27.033 0.000000
45412 -35.309 -26.222 25.989 0.000000
45413 -36.011 -26.098 25.317 0.000000
45420 -36.569 -26.473 24.934 0.000000
45428 -37.116 -26.363 24.494 0.000000
45429 -37.751 -26.212 23.993 0.000000
45430 -38.846 -26.958 23.557 0.000000
45431 -38.369 -26.081 23.378 0.000000
45440 -39.253 -26.266 23.042 0.000000
45441 -40.194 -26.363 22.873 0.000000
45443 -40.653 -25.762 22.372 0.000000
45456 -41.592 -25.923 22.260 0.000000
46099 -33.379 -25.368 29.005 0.000000
46100 -33.938 -24.716 28.466 0.000000
46103 -33.613 -25.673 28.092 0.000000
46106 -34.558 -25.255 26.884 0.000000
46118 -35.114 -25.298 26.246 0.000000
46119 -35.609 -25.461 25.685 0.000000
46125 -36.216 -24.944 25.173 0.000000
46134 -38.185 -25.056 23.289 0.000000
46145 -39.728 -25.627 22.517 0.000000
46146 -38.880 -25.404 22.825 0.000000
46155 -39.387 -24.742 22.372 0.000000
46156 -40.197 -24.989 22.104 0.000000
46157 -41.129 -25.089 21.931 0.000000
46809 -34.494 -23.959 28.337 0.000000
46810 -35.082 -23.676 27.711 0.000000
46812 -35.163 -24.263 26.771 0.000000
46817 -35.693 -24.559 25.921 0.000000
46818 -35.985 -23.583 26.301 0.000000
46819 -36.386 -23.829 25.547 0.000000
46825 -36.740 -24.076 24.950 0.000000
46834 -37.224 -23.868 24.492 0.000000
46835 -37.540 -24.664 23.886 0.000000
46845 -38.050 -24.048 23.402 0.000000
46846 -38.619 -24.404 22.790 0.000000
46858 -39.155 -23.749 22.425 0.000000
46859 -39.911 -24.123 22.036 0.000000
46860 -41.160 -24.274 21.533 0.000000
46861 -40.531 -23.572 21.660 0.000000
46868 -41.364 -23.545 21.360 0.000000
46869 -42.427 -24.489 21.223 0.000000
46870 -42.997 -24.083 20.915 0.000000
46871 -43.974 -24.509 21.026 0.000000
46873 -44.489 -23.946 20.545 0.000000
46882 -45.139 -23.507 20.120 0.000000
47553 -37.139 -23.168 25.185 0.000000
47563 -37.654 -23.688 24.010 0.000000
47564 -37.679 -23.063 24.588 0.000000
47565 -38.211 -23.013 23.969 0.000000
47574 -38.483 -23.367 22.972 0.000000
47582 -39.090 -22.816 22.665 0.000000
47583 -39.763 -23.185 22.133 0.000000
47591 -40.939 -22.907 21.472 0.000000
47592 -41.723 -22.741 21.228 0.000000
47593 -42.723 -23.144 20.941 0.000000
47594 -43.602 -23.578 20.669 0.000000
47595 -43.330 -22.604 20.645 0.000000
47600 -44.187 -23.079 20.300 0.000000
48343 -38.300 -22.385 24.795 0.000000
48344 -38.998 -21.872 25.080 0.000000
48359 -38.677 -22.255 24.360 0.000000
48360 -39.312 -21.798 24.418 0.000000
48361 -39.853 -21.401 23.973 0.000000
48368 -38.739 -22.491 23.538 0.000000
48369 -39.350 -22.038 23.264 0.000000
48378 -39.739 -22.324 22.380 0.000000
48379 -40.324 -22.639 21.790 0.000000
48385 -40.918 -22.168 21.525 0.000000
48386 -41.584 -21.725 21.329 0.000000
48387 -42.441 -22.151 21.024 0.000000
48392 -44.031 -22.019 20.333 0.000000
49141 -40.535 -21.002 24.557 0.000000
49142 -41.002 -20.589 24.006 0.000000
49148 -39.907 -21.549 22.846 0.000000
49149 -40.344 -20.952 23.459 0.000000
49156 -40.319 -21.827 22.010 0.000000
49157 -40.556 -21.154 22.492 0.000000
49158 -41.094 -20.688 22.152 0.000000
49166 -42.652 -20.471 20.850 0.000000
49167 -43.575 -20.978 20.361 0.000000
49172 -44.199 -20.512 20.034 0.000000
49173 -44.962 -21.067 19.633 0.000000
49174 -45.766 -21.225 19.279 0.000000
49180 -46.016 -20.524 19.118 0.000000
49827 -41.405 -20.049 23.486 0.000000
49836 -40.835 -20.486 22.972 0.000000
49837 -41.362 -20.040 22.558 0.000000
49842 -41.562 -20.181 21.814 0.000000
49848 -42.091 -19.763 21.405 0.000000
49849 -43.376 -19.999 20.360 0.000000
49854 -44.074 -19.634 20.022 0.000000
49855 -44.765 -20.151 19.598 0.000000
49856 -45.407 -19.884 19.292 0.000000
50589 -41.765 -19.442 22.157 0.000000
50596 -43.388 -19.085 20.406 0.000000
50601 -44.027 -18.873 20.096 0.000000
50602 -44.721 -19.203 19.639 0.000000
50607 -45.505 -19.082 19.281 0.000000
50608 -46.102 -18.864 19.046 0.000000
51372 -42.931 -17.925 21.598 0.000000
51373 -43.401 -17.543 21.132 0.000000
51378 -43.949 -17.490 20.456 0.000000
51379 -44.388 -18.211 19.979 0.000000
51385 -45.012 -17.760 19.631 0.000000
51386 -45.623 -18.306 19.250 0.000000
51387 -46.383 -18.255 18.895 0.000000
52136 -44.269 -16.817 20.370 0.000000
52137 -44.466 -17.392 20.037 0.000000
52142 -44.889 -16.790 19.779 0.000000
52143 -45.764 -17.368 19.192 0.000000
52144 -46.864 -17.506 18.697 0.000000
52145 -46.268 -16.732 18.970 0.000000
52151 -46.888 -16.517 18.583 0.000000
52953 -46.822 -15.519 18.474 0.000000
52954 -47.537 -16.250 18.127 0.000000
53720 -46.953 -14.564 18.428 0.000000
53721 -47.559 -15.366 18.007 0.000000
53722 -47.589 -14.425 17.795 0.000000
53728 -48.186 -15.259 17.401 0.000000
54488 -47.174 -13.621 18.384 0.000000
54494 -47.713 -13.508 17.602 0.000000
54495 -48.267 -13.344 16.940 0.000000
55926 -48.476 -12.427 16.839 0.000000
89868 -18.489 -43.488 38.047 0.000000
89869 -18.565 -42.845 38.831 0.000000
89870 -17.666 -43.007 39.131 0.000000
89871 -18.345 -42.320 39.852 0.000000
89932 -17.423 -47.580 40.176 0.000000
89987 -28.805 -38.789 32.699 0.000000
90013 -31.448 -34.619 32.083 0.000000
90017 -33.093 -35.006 30.083 0.000000
90100 -20.063 -43.558 36.335 0.000000
90238 -25.597 -45.654 36.106 0.000000
90646 -17.399 -42.547 40.046 0.000000
90778 -25.883 -36.579 33.294 0.000000
90857 -25.687 -44.521 34.881 0.000000
91043 -23.206 -40.685 34.823 0.000000
91093 -26.743 -43.467 35.103 0.000000
91274 -16.557 -43.078 40.279 0.000000
91342 -11.387 -45.654 44.048 0.000000
91448 -37.123 -30.483 27.710 0.000000
91472 -11.029 -48.267 45.595 0.000000
91547 -36.289 -28.080 27.795 0.000000
91778 -12.433 -45.167 43.488 0.000000
91900 -36.103 -27.394 25.973 0.000000
92068 -34.086 -25.359 27.586 0.000000
92204 -35.423 -32.517 29.342 0.000000
92546 -37.000 -29.447 28.232 0.000000
92591 -43.615 -18.248 20.464 0.000000
92738 -37.160 -27.776 25.539 0.000000
93043 -39.017 -31.186 27.931 0.000000
93067 -22.833 -41.399 35.581 0.000000
93130 -40.954 -21.386 21.779 0.000000
93453 -36.141 -29.375 27.902 0.000000
93769 -37.278 -25.542 24.192 0.000000
93954 -36.661 -25.706 24.740 0.000000
93992 -26.433 -34.107 34.556 0.000000
94418 -36.095 -36.802 28.252 0.000000
94428 -45.582 -16.345 19.366 0.000000
94477 -35.575 -36.283 27.967 0.000000
94506 -8.557 -49.010 48.315 0.000000
94613 -25.716 -38.048 33.228 0.000000
94888 -26.028 -37.387 33.218 0.000000
95109 -33.033 -26.040 30.426 0.000000
95210 -13.907 -45.225 41.386 0.000000
95286 -20.407 -47.656 38.067 0.000000
95483 -42.967 -18.473 21.056 0.000000
95581 -26.452 -38.983 33.400 0.000000
96014 -33.347 -38.362 29.710 0.000000
96555 -40.164 -32.279 28.385 0.000000
96589 -35.681 -32.327 28.325 0.000000
96735 -33.557 -39.498 30.994 0.000000
96840 -42.197 -21.201 21.168 0.000000
96931 -20.025 -45.620 36.416 0.000000
97095 -34.764 -30.470 28.248 0.000000
97141 -37.383 -36.877 28.512 0.000000
97273 -6.126 -48.213 48.896 0.000000
97399 -45.368 -20.573 19.356 0.000000
97989 -44.717 -22.661 19.977 0.000000
98333 -33.133 -35.442 29.224 0.000000
98440 -40.552 -24.420 21.792 0.000000
98472 -10.114 -47.988 45.745 0.000000
98683 -15.530 -43.350 41.133 0.000000
98722 -25.279 -36.386 33.625 0.000000
98753 -34.481 -24.517 27.583 0.000000
98826 -21.888 -42.895 35.006 0.000000
98876 -19.802 -42.707 38.446 0.000000
99104 -18.203 -48.105 40.460 0.000000
99265 -42.176 -23.694 21.143 0.000000
99301 -24.607 -37.299 33.699 0.000000
99400 -34.825 -36.061 28.132 0.000000
99674 -29.726 -36.908 30.629 0.000000
99713 -48.275 -14.359 17.095 0.000000
99832 -41.781 -24.156 21.312 0.000000
99995 -5.022 -48.392 49.576 0.000000
100034 -16.243 -42.956 41.131 0.000000
100333 -17.418 -47.133 39.620 0.000000
100344 -34.711 -25.941 26.461 0.000000
100521 -43.027 -21.572 20.722 0.000000
101005 -44.335 -21.299 20.072 0.000000
101070 -8.675 -48.890 47.802 0.000000
101076 -26.898 -41.354 34.356 0.000000
101997 -35.814 -26.761 25.751 0.000000
102169 -45.477 -21.793 19.514 0.000000
102297 -39.637 -32.313 28.056 0.000000
102562 -23.795 -37.560 34.693 0.000000
102666 -39.081 -28.220 24.520 0.000000
102701 -42.304 -18.834 21.635 0.000000
102797 -44.835 -21.927 19.831 0.000000
102923 -36.400 -22.858 26.601 0.000000
102934 -40.640 -35.316 29.065 0.000000
103023 -37.722 -29.252 28.940 0.000000
103203 -42.716 -19.410 20.869 0.000000
103269 -10.495 -49.254 47.121 0.000000
103348 -32.540 -35.640 29.451 0.000000
103502 -32.361 -35.187 30.131 0.000000
104228 -41.521 -20.912 21.586 0.000000
104331 -13.455 -47.528 42.704 0.000000
104443 -45.041 -18.520 19.553 0.000000
104493 -9.623 -46.456 45.518 0.000000
104653 -29.854 -34.569 31.934 0.000000
104670 -22.947 -42.479 34.256 0.000000
104873 -38.213 -26.787 23.879 0.000000
105169 -35.196 -30.651 27.951 0.000000
105411 -36.947 -24.798 24.573 0.000000
105892 -33.966 -38.033 29.324 0.000000
106019 -22.467 -41.879 36.109 0.000000
106069 -21.126 -44.107 35.178 0.000000
106129 -26.143 -34.604 33.858 0.000000
106162 -37.182 -33.441 27.348 0.000000
106215 -23.611 -40.222 34.140 0.000000
106507 -23.372 -41.267 34.336 0.000000
106655 -26.709 -39.625 33.580 0.000000
106824 -33.878 -28.215 27.841 0.000000
106844 -20.545 -43.087 36.316 0.000000
106988 -37.012 -27.844 28.198 0.000000
107185 -18.600 -44.751 37.350 0.000000
107386 -38.508 -31.002 27.789 0.000000
107490 -24.629 -36.422 34.174 0.000000
107495 -7.456 -48.237 47.831 0.000000
107496 -22.491 -43.960 34.391 0.000000
107672 -37.799 -25.528 23.704 0.000000
107708 -19.313 -47.866 39.042 0.000000
107986 -21.621 -43.588 34.888 0.000000
108226 -19.354 -42.703 38.890 0.000000
108434 -32.767 -36.704 29.087 0.000000
108654 -42.649 -18.300 21.587 0.000000
108785 -26.501 -34.979 33.210 0.000000
108804 -36.047 -34.199 27.806 0.000000
108868 -33.845 -25.919 27.570 0.000000
108880 -41.972 -20.473 21.369 0.000000
