#!ascii label  , from subject OAS1_0001-3 vox2ras=TkReg 
720
46515 -23.656 -24.580 -19.377 0.111111
46522 -24.508 -25.007 -20.063 0.111111
46524 -25.249 -25.749 -20.775 0.111111
46530 -24.967 -25.292 -21.141 0.111111
46531 -25.911 -25.112 -20.639 0.111111
47234 -21.800 -23.848 -18.761 0.111111
47235 -22.652 -24.245 -18.998 0.111111
47236 -22.263 -23.460 -19.282 0.111111
47243 -23.221 -23.827 -19.672 0.111111
47244 -24.082 -24.266 -20.289 0.222222
47245 -24.714 -24.896 -21.049 0.111111
47246 -24.317 -24.014 -21.003 0.333333
47257 -24.808 -24.412 -21.196 0.333333
47258 -25.517 -24.358 -20.926 0.333333
47259 -26.510 -24.039 -20.523 0.111111
47966 -21.387 -23.084 -18.818 0.111111
47978 -21.844 -22.632 -19.406 0.111111
47979 -22.835 -22.955 -19.970 0.111111
47980 -23.629 -23.543 -20.563 0.333333
47981 -23.377 -22.964 -20.737 0.333333
47985 -23.908 -23.285 -21.154 0.333333
47986 -25.237 -23.613 -21.208 0.333333
47987 -26.069 -23.353 -20.725 0.222222
47988 -27.198 -23.069 -20.579 0.111111
48731 -21.356 -21.441 -19.061 0.111111
48749 -22.179 -22.147 -19.937 0.111111
48750 -22.910 -22.313 -20.533 0.333333
48762 -23.569 -22.483 -21.119 0.333333
48763 -23.049 -21.741 -20.986 0.333333
48764 -24.395 -22.634 -21.487 0.333333
48765 -25.181 -22.273 -21.469 0.333333
48766 -25.649 -22.723 -21.079 0.222222
48767 -27.415 -22.046 -20.670 0.111111
48782 -23.855 -21.724 -21.533 0.333333
48783 -24.735 -21.802 -21.770 0.333333
49529 -21.714 -21.445 -19.791 0.111111
49530 -21.515 -20.853 -19.592 0.111111
49537 -21.853 -20.836 -20.307 0.222222
49538 -22.367 -20.558 -21.047 0.222222
49539 -23.054 -21.128 -21.371 0.333333
49540 -25.977 -21.746 -21.133 0.222222
49541 -27.538 -21.277 -20.998 0.111111
49551 -24.452 -21.184 -22.051 0.333333
49552 -24.868 -20.636 -22.426 0.333333
49553 -25.773 -21.003 -21.683 0.333333
49554 -26.728 -20.919 -21.353 0.111111
50229 -21.770 -19.972 -20.498 0.111111
50230 -22.290 -19.634 -21.276 0.333333
50240 -23.130 -20.393 -21.614 0.333333
50241 -24.007 -20.468 -22.140 0.333333
50242 -24.423 -19.857 -22.549 0.333333
50243 -26.179 -20.213 -21.959 0.333333
50244 -27.124 -20.142 -21.740 0.111111
50245 -27.985 -20.103 -21.688 0.111111
50255 -25.392 -19.936 -22.599 0.333333
50981 -21.617 -19.343 -19.933 0.111111
50997 -21.698 -19.215 -20.636 0.222222
51007 -22.549 -18.952 -21.750 0.333333
51008 -23.383 -19.575 -22.051 0.333333
51009 -23.161 -18.667 -22.411 0.333333
51010 -26.173 -19.651 -22.520 0.333333
51011 -27.490 -19.539 -22.184 0.111111
51019 -24.017 -19.102 -22.648 0.333333
51020 -24.859 -19.295 -23.030 0.333333
51021 -25.791 -19.261 -23.073 0.333333
51022 -26.848 -19.265 -22.953 0.333333
51023 -27.777 -18.931 -22.650 0.111111
51745 -21.768 -18.609 -21.181 0.222222
51746 -21.603 -17.863 -20.874 0.222222
51756 -21.669 -17.714 -21.431 0.222222
51757 -22.164 -18.282 -21.939 0.333333
51758 -21.923 -17.520 -22.068 0.444444
51767 -22.606 -18.006 -22.520 0.333333
51768 -24.328 -18.645 -23.117 0.333333
51769 -24.494 -18.120 -23.440 0.444444
51770 -26.250 -18.592 -23.379 0.444444
51771 -27.252 -18.470 -23.237 0.444444
51788 -24.990 -17.897 -23.757 0.444444
51789 -25.699 -17.890 -23.642 0.444444
52513 -21.607 -17.077 -21.194 0.333333
52517 -21.629 -17.049 -21.581 0.333333
52525 -22.476 -17.303 -22.730 0.333333
52526 -23.205 -16.994 -23.363 0.444444
52527 -26.641 -17.778 -23.494 0.444444
52528 -27.603 -17.544 -23.276 0.333333
52529 -28.379 -17.392 -22.894 0.222222
52548 -24.317 -17.327 -23.643 0.444444
52549 -25.201 -17.264 -24.030 0.444444
52550 -26.041 -17.066 -23.686 0.444444
52551 -26.936 -16.897 -23.515 0.444444
53307 -21.693 -16.671 -22.116 0.444444
53308 -21.253 -15.909 -21.883 0.444444
53316 -21.666 -16.001 -22.433 0.555556
53317 -22.302 -16.451 -22.928 0.555556
53318 -22.207 -15.562 -23.105 0.555556
53319 -28.461 -16.573 -23.027 0.111111
53335 -22.947 -16.150 -23.452 0.666667
53336 -23.800 -16.385 -23.777 0.555556
53337 -24.686 -16.518 -24.147 0.444444
53338 -24.156 -15.784 -24.213 0.444444
53339 -25.516 -16.421 -24.149 0.444444
53340 -26.371 -16.224 -23.825 0.444444
53341 -27.181 -16.043 -23.535 0.444444
53342 -27.941 -15.875 -23.301 0.111111
53343 -28.725 -15.645 -23.147 0.111111
53352 -24.968 -15.637 -24.456 0.444444
54095 -21.164 -15.348 -21.656 0.111111
54096 -22.204 -14.952 -20.576 0.111111
54108 -20.936 -15.303 -21.833 0.333333
54117 -21.288 -15.391 -22.346 0.555556
54131 -21.694 -14.852 -22.858 0.555556
54132 -23.288 -15.424 -23.881 0.666667
54133 -25.882 -15.581 -24.240 0.444444
54134 -26.691 -15.401 -23.948 0.444444
54135 -27.450 -15.275 -23.671 0.444444
54136 -28.177 -15.105 -23.484 0.111111
54137 -28.915 -14.829 -23.347 0.111111
54151 -24.929 -14.757 -24.670 0.444444
54152 -26.151 -14.722 -24.332 0.444444
54838 -20.726 -14.107 -21.767 0.111111
54856 -20.760 -13.784 -21.840 0.111111
54863 -20.974 -14.611 -22.297 0.555556
54876 -21.593 -14.061 -23.080 0.555556
54877 -22.646 -13.799 -23.798 0.777778
54878 -23.380 -14.423 -24.202 0.777778
54879 -27.019 -14.658 -24.025 0.333333
54880 -27.504 -13.966 -23.959 0.222222
54881 -28.259 -14.373 -23.635 0.222222
54882 -29.025 -14.058 -23.509 0.111111
54891 -24.312 -14.054 -24.663 0.777778
54892 -25.120 -14.055 -24.862 0.555556
54893 -26.584 -13.942 -24.263 0.333333
55570 -20.568 -12.839 -22.128 0.222222
55577 -20.723 -12.068 -22.185 0.222222
55578 -21.139 -13.251 -22.608 0.666667
55592 -21.950 -13.163 -23.442 0.888889
55593 -27.702 -13.236 -23.929 0.222222
55594 -28.279 -12.838 -23.749 0.111111
55595 -29.045 -13.265 -23.541 0.111111
55605 -22.809 -12.935 -24.093 0.888889
55606 -24.302 -13.088 -24.727 0.888889
55607 -25.342 -13.289 -24.864 0.777778
55608 -26.093 -13.143 -24.496 0.666667
55609 -26.981 -13.172 -24.176 0.333333
55619 -24.909 -12.734 -25.097 0.888889
56268 -20.685 -11.626 -22.140 0.111111
56269 -20.561 -12.362 -22.208 0.111111
56275 -20.823 -11.339 -22.306 0.111111
56276 -21.034 -11.900 -22.673 0.333333
56289 -21.582 -11.751 -23.374 0.777778
56290 -22.173 -12.357 -23.776 1.000000
56291 -27.503 -12.530 -24.054 0.333333
56292 -28.178 -11.904 -23.802 0.333333
56293 -29.053 -12.425 -23.554 0.111111
56301 -22.885 -12.096 -24.431 1.000000
56302 -23.697 -11.718 -24.849 1.000000
56303 -24.377 -12.217 -24.992 0.888889
56304 -25.550 -12.320 -25.010 0.888889
56305 -25.927 -11.479 -24.992 0.777778
56306 -26.589 -12.237 -24.485 0.444444
56307 -27.361 -11.812 -24.220 0.444444
56314 -24.963 -11.917 -25.416 1.000000
56974 -20.931 -10.765 -22.372 0.111111
56975 -21.087 -10.563 -22.751 0.333333
56987 -22.245 -11.562 -24.125 0.888889
56988 -28.264 -10.353 -24.122 0.333333
56989 -29.098 -11.537 -23.587 0.111111
56998 -22.841 -10.458 -24.951 1.000000
56999 -23.674 -10.876 -25.217 1.000000
57000 -26.203 -10.660 -24.987 0.888889
57001 -26.824 -11.280 -24.538 0.555556
57002 -27.728 -11.138 -24.192 0.444444
57010 -24.443 -11.389 -25.366 1.000000
57011 -25.010 -11.151 -25.685 1.000000
57012 -25.468 -10.914 -25.467 1.000000
57624 -21.070 -9.764 -22.389 0.111111
57625 -20.645 -10.049 -22.463 0.111111
57637 -21.139 -9.821 -23.041 0.444444
57647 -21.629 -10.879 -23.640 0.666667
57648 -21.378 -10.167 -23.488 0.555556
57649 -28.471 -9.541 -24.178 0.333333
57650 -29.043 -10.644 -23.680 0.222222
57659 -21.976 -10.107 -24.332 1.000000
57660 -22.640 -9.608 -25.171 1.000000
57661 -23.573 -9.993 -25.487 1.000000
57662 -26.474 -9.846 -24.944 0.777778
57663 -27.221 -10.374 -24.498 0.666667
57664 -27.861 -9.793 -24.367 0.444444
57671 -24.508 -10.457 -25.655 1.000000
57672 -24.996 -9.819 -25.901 1.000000
57673 -25.627 -10.042 -25.490 1.000000
58336 -20.826 -8.810 -22.514 0.111111
58349 -21.013 -9.123 -23.047 0.555556
58350 -21.345 -9.529 -23.745 0.555556
58351 -28.571 -8.784 -24.197 0.333333
58352 -29.085 -9.252 -23.878 0.111111
58361 -21.832 -9.176 -24.617 0.777778
58362 -22.492 -8.603 -25.405 0.888889
58363 -27.218 -8.776 -24.658 0.555556
58364 -27.909 -9.133 -24.397 0.555556
58373 -23.395 -9.106 -25.688 1.000000
58374 -24.332 -9.395 -25.877 1.000000
58375 -24.592 -8.575 -26.221 1.000000
58376 -25.403 -9.191 -25.853 1.000000
58377 -26.102 -9.235 -25.408 0.888889
59031 -20.370 -7.949 -22.697 0.111111
59059 -21.174 -8.716 -23.883 0.555556
59060 -28.583 -7.918 -24.167 0.333333
59067 -21.647 -8.305 -24.775 0.666667
59068 -26.568 -8.566 -25.187 0.666667
59069 -27.160 -8.014 -24.885 0.555556
59070 -27.910 -8.336 -24.473 0.555556
59081 -23.391 -8.270 -25.845 1.000000
59082 -23.983 -8.690 -26.015 1.000000
59083 -24.086 -8.019 -26.209 1.000000
59084 -25.313 -7.525 -26.272 1.000000
59085 -25.869 -8.515 -25.708 0.888889
59086 -26.411 -7.785 -25.465 0.777778
59095 -24.747 -7.785 -26.416 1.000000
59755 -19.929 -7.402 -22.788 0.111111
59769 -19.996 -7.616 -22.977 0.333333
59770 -19.815 -6.851 -22.948 0.222222
59783 -21.001 -7.855 -24.060 0.666667
59784 -20.423 -7.321 -23.402 0.444444
59785 -28.584 -6.982 -24.054 0.444444
59786 -29.234 -7.535 -23.800 0.222222
59791 -20.887 -6.972 -24.344 0.555556
59792 -21.540 -7.485 -24.935 0.777778
59793 -21.582 -6.609 -25.163 0.666667
59794 -27.288 -6.632 -24.876 0.666667
59795 -27.808 -7.369 -24.534 0.444444
59804 -22.227 -7.172 -25.540 0.777778
59805 -22.935 -6.975 -26.081 0.888889
59806 -23.513 -7.508 -26.098 1.000000
59807 -25.494 -6.853 -26.151 1.000000
59808 -25.881 -7.238 -25.813 0.888889
59809 -26.582 -6.918 -25.384 0.777778
59819 -24.177 -7.246 -26.391 1.000000
59820 -24.884 -6.862 -26.477 1.000000
60498 -19.733 -6.849 -22.874 0.333333
60512 -19.745 -6.280 -22.970 0.444444
60521 -30.592 -5.903 -23.000 0.111111
60523 -32.153 -6.189 -22.433 0.111111
60531 -20.336 -6.417 -23.679 0.555556
60533 -28.686 -6.097 -23.921 0.444444
60534 -29.268 -6.654 -23.707 0.222222
60535 -29.974 -6.355 -23.462 0.111111
60538 -20.866 -5.956 -24.602 0.666667
60539 -27.478 -5.766 -24.715 0.666667
60540 -28.019 -6.382 -24.393 0.555556
60546 -22.372 -6.347 -25.851 0.888889
60547 -25.442 -6.164 -26.173 1.000000
60548 -26.022 -6.453 -25.722 0.888889
60549 -26.755 -6.063 -25.248 0.777778
60562 -23.221 -6.159 -26.425 0.888889
60563 -24.119 -6.455 -26.511 1.000000
60564 -24.756 -5.941 -26.485 1.000000
61249 -19.858 -4.851 -22.709 0.222222
61261 -19.490 -4.500 -23.205 0.333333
61268 -30.510 -4.481 -23.086 0.111111
61269 -31.377 -5.798 -22.622 0.111111
61270 -31.903 -5.160 -22.452 0.111111
61280 -19.837 -5.910 -23.274 0.444444
61281 -19.714 -5.064 -23.480 0.444444
61284 -28.465 -4.672 -23.981 0.555556
61285 -29.339 -5.841 -23.636 0.222222
61286 -29.918 -5.510 -23.441 0.111111
61289 -20.223 -5.551 -23.932 0.555556
61290 -20.275 -4.646 -24.306 0.666667
61291 -21.116 -5.074 -24.869 0.666667
61292 -27.658 -4.909 -24.530 0.555556
61296 -21.820 -4.589 -25.727 0.888889
61297 -22.515 -5.458 -26.110 0.888889
61298 -25.209 -4.409 -25.957 0.888889
61299 -26.106 -5.503 -25.613 0.888889
61305 -23.268 -5.198 -26.509 0.888889
61306 -23.982 -4.771 -26.615 1.000000
61307 -24.652 -5.087 -26.420 0.888889
62021 -19.141 -3.447 -22.868 0.333333
62022 -20.208 -4.291 -22.399 0.222222
62033 -19.201 -3.848 -22.872 0.222222
62038 -30.758 -3.758 -22.922 0.111111
62039 -31.296 -4.355 -22.719 0.111111
62040 -32.176 -4.248 -22.469 0.111111
62051 -19.599 -4.214 -23.558 0.444444
62055 -28.571 -3.773 -23.921 0.555556
62056 -29.198 -4.277 -23.654 0.333333
62057 -29.965 -3.896 -23.376 0.111111
62063 -19.944 -3.717 -24.177 0.555556
62064 -27.128 -4.341 -24.918 0.777778
62065 -26.594 -3.842 -25.201 0.777778
62066 -27.827 -4.046 -24.419 0.555556
62072 -20.645 -3.810 -24.859 0.777778
62073 -21.742 -3.588 -25.994 0.888889
62074 -22.487 -3.962 -26.350 0.888889
62075 -25.473 -3.529 -25.762 0.888889
62076 -25.954 -4.056 -25.563 0.777778
62082 -23.307 -4.327 -26.535 1.000000
62083 -24.040 -3.935 -26.577 1.000000
62084 -24.749 -3.712 -26.167 0.888889
62715 -19.054 -1.565 -22.636 0.111111
62716 -19.746 -2.456 -22.344 0.222222
62717 -20.336 -2.972 -22.212 0.222222
62726 -19.218 -2.951 -22.936 0.444444
62733 -30.319 -3.307 -23.061 0.111111
62734 -30.929 -3.007 -22.665 0.111111
62745 -19.456 -3.382 -23.466 0.444444
62748 -28.833 -2.912 -23.709 0.333333
62749 -29.668 -3.134 -23.325 0.111111
62754 -19.790 -2.915 -24.103 0.555556
62755 -20.343 -3.216 -24.691 0.666667
62756 -26.250 -2.788 -25.148 0.777778
62757 -27.182 -3.540 -24.777 0.777778
62758 -27.972 -3.067 -24.400 0.555556
62761 -21.070 -3.058 -25.433 0.777778
62762 -21.747 -2.893 -26.074 0.888889
62763 -25.664 -2.858 -25.595 0.888889
62767 -22.367 -3.105 -26.345 1.000000
62768 -23.297 -3.335 -26.522 1.000000
62769 -24.245 -3.074 -26.372 0.888889
62770 -25.035 -2.932 -26.037 0.888889
63352 -20.098 -1.970 -22.262 0.111111
63365 -18.820 -1.059 -22.492 0.111111
63366 -19.145 -1.817 -22.827 0.222222
63373 -30.169 -2.699 -22.924 0.111111
63374 -29.486 -2.317 -23.271 0.222222
63375 -30.034 -1.898 -22.735 0.111111
63386 -19.332 -2.485 -23.392 0.555556
63388 -28.224 -2.393 -24.003 0.555556
63389 -27.007 -2.735 -24.726 0.666667
63390 -28.751 -1.966 -23.589 0.444444
63395 -19.649 -2.024 -24.138 0.777778
63396 -20.376 -2.488 -24.769 0.555556
63397 -26.406 -2.299 -24.848 0.777778
63401 -20.987 -2.061 -25.433 0.777778
63402 -22.216 -2.252 -26.258 1.000000
63403 -21.668 -1.664 -25.841 0.777778
63404 -22.434 -1.350 -26.051 0.777778
63405 -25.213 -2.405 -25.744 0.888889
63406 -24.500 -2.216 -26.113 0.888889
63407 -24.961 -1.828 -25.598 0.888889
63408 -25.727 -2.209 -25.269 0.777778
63412 -23.030 -1.845 -26.341 0.888889
63963 -18.541 -0.072 -20.798 0.111111
63977 -18.665 -0.384 -22.350 0.111111
63978 -18.860 -0.893 -22.633 0.111111
63985 -29.326 -1.502 -23.026 0.111111
63986 -28.559 -1.167 -23.284 0.111111
63987 -29.946 -1.117 -22.452 0.111111
63998 -19.283 -1.509 -23.284 0.666667
63999 -26.986 -1.868 -24.440 0.777778
64000 -26.294 -0.611 -23.944 0.666667
64001 -27.052 -1.080 -23.879 0.666667
64002 -27.798 -0.753 -23.456 0.555556
64009 -19.775 -0.939 -24.029 0.666667
64010 -20.366 -1.579 -24.809 0.777778
64011 -26.105 -1.745 -24.709 0.777778
64012 -25.331 -1.479 -25.029 0.888889
64013 -25.750 -1.041 -24.449 0.666667
64017 -21.004 -1.142 -25.409 0.777778
64018 -21.751 -0.776 -25.666 0.777778
64019 -23.183 -1.076 -26.031 0.888889
64020 -22.587 -0.553 -25.756 0.777778
64021 -23.785 -1.590 -26.172 0.888889
64022 -23.806 -0.841 -25.737 0.888889
64023 -24.557 -1.128 -25.358 0.888889
64563 -18.371 0.727 -20.932 0.222222
64577 -18.349 0.538 -21.091 0.111111
64578 -18.792 0.785 -20.210 0.111111
64594 -18.661 0.089 -22.326 0.222222
64595 -18.831 -0.042 -22.660 0.333333
64600 -28.528 0.083 -22.476 0.111111
64601 -29.143 -0.629 -22.614 0.111111
64602 -29.934 -0.377 -21.936 0.111111
64611 -19.505 0.018 -23.477 0.555556
64612 -27.734 -0.075 -22.910 0.222222
64617 -20.214 0.019 -24.352 0.666667
64618 -24.937 -0.700 -24.733 0.666667
64619 -24.147 -0.274 -25.150 0.777778
64620 -24.656 0.224 -24.503 0.666667
64621 -25.487 -0.199 -24.191 0.666667
64626 -20.908 -0.043 -25.286 0.666667
64627 -21.840 0.170 -25.489 0.777778
64628 -22.715 0.207 -25.496 0.777778
64629 -23.432 0.049 -25.380 0.777778
65172 -18.417 0.977 -20.832 0.222222
65184 -18.334 0.852 -20.907 0.222222
65185 -18.747 1.133 -20.852 0.111111
65186 -19.420 1.031 -21.188 0.111111
65202 -18.623 1.137 -21.048 0.222222
65203 -18.988 0.434 -22.536 0.222222
65204 -20.085 1.647 -22.435 0.111111
65207 -28.702 0.951 -21.859 0.111111
65208 -29.605 0.948 -21.524 0.111111
65215 -20.028 0.832 -23.772 0.444444
65216 -19.514 0.617 -22.988 0.444444
65217 -20.137 1.301 -23.435 0.444444
65218 -26.073 0.262 -23.656 0.555556
65219 -25.217 0.730 -23.912 0.666667
65220 -25.911 1.252 -23.410 0.555556
65221 -26.673 1.130 -22.826 0.444444
65222 -27.852 0.632 -22.452 0.333333
65228 -20.292 1.509 -24.175 0.555556
65229 -23.760 0.817 -24.837 0.666667
65230 -23.076 1.918 -25.033 0.666667
65231 -24.492 1.081 -24.319 0.666667
65236 -21.017 1.110 -25.266 0.666667
65237 -21.965 1.101 -25.440 0.777778
65238 -22.878 1.011 -25.222 0.666667
65822 -29.421 1.689 -21.437 0.111111
65834 -19.750 0.890 -22.927 0.333333
65835 -20.453 1.776 -23.580 0.333333
65836 -20.677 2.654 -23.608 0.444444
65837 -20.981 3.440 -23.667 0.333333
65838 -22.268 2.542 -22.995 0.111111
65839 -27.805 1.404 -22.131 0.111111
65840 -27.074 1.672 -22.412 0.444444
65841 -27.575 2.151 -21.927 0.333333
65842 -28.466 1.912 -21.658 0.111111
65846 -20.329 2.041 -23.878 0.555556
65847 -24.103 2.524 -24.137 0.666667
65848 -25.514 2.209 -23.302 0.666667
65849 -26.283 1.844 -22.757 0.555556
65855 -20.623 1.833 -24.669 0.555556
65856 -20.674 2.465 -24.273 0.555556
65857 -21.212 1.964 -25.160 0.555556
65858 -21.321 2.733 -24.748 0.666667
65859 -22.147 2.007 -25.302 0.666667
65860 -22.334 2.782 -25.014 0.666667
65861 -23.230 2.633 -24.637 0.666667
66425 -23.107 2.964 -22.699 0.111111
66426 -21.333 3.221 -22.594 0.111111
66427 -22.589 3.743 -22.409 0.111111
66429 -29.240 2.564 -21.488 0.111111
66430 -28.272 2.733 -21.681 0.111111
66431 -29.017 3.487 -21.558 0.111111
66443 -21.029 3.747 -23.460 0.222222
66444 -26.852 2.380 -22.346 0.555556
66445 -25.991 2.612 -22.648 0.555556
66446 -26.672 3.127 -22.273 0.444444
66447 -27.419 2.873 -21.926 0.333333
66451 -20.609 2.474 -23.698 0.444444
66452 -20.841 3.024 -23.763 0.555556
66453 -21.070 3.599 -23.651 0.444444
66454 -23.397 3.120 -24.211 0.666667
66455 -24.783 2.678 -23.687 0.666667
66456 -25.251 2.983 -23.181 0.666667
66461 -22.461 3.301 -24.621 0.666667
67106 -20.658 3.738 -22.455 0.333333
67107 -20.647 4.234 -22.335 0.444444
67108 -21.431 4.146 -22.040 0.111111
67109 -28.015 3.371 -21.666 0.111111
67110 -27.302 3.648 -21.814 0.111111
67111 -28.179 4.200 -21.579 0.111111
67112 -29.381 4.545 -21.377 0.111111
67123 -21.062 3.863 -23.497 0.333333
67124 -21.243 4.301 -23.398 0.444444
67125 -25.816 3.410 -22.594 0.666667
67126 -24.993 3.721 -23.019 0.666667
67127 -25.671 4.277 -22.540 0.555556
67128 -26.510 3.967 -22.191 0.444444
67132 -21.481 3.857 -23.880 0.444444
67133 -21.262 4.119 -23.594 0.444444
67134 -23.726 3.520 -23.843 0.555556
67135 -22.557 3.711 -24.190 0.444444
67136 -23.172 4.163 -23.788 0.555556
67137 -24.238 4.015 -23.503 0.555556
67718 -20.929 4.564 -21.681 0.111111
67719 -20.804 5.167 -21.225 0.222222
67732 -20.978 5.522 -22.840 0.222222
67733 -27.183 4.499 -21.725 0.222222
67734 -26.343 4.825 -22.088 0.333333
67735 -27.034 5.384 -21.633 0.222222
67736 -27.907 5.096 -21.535 0.222222
67737 -29.933 5.340 -21.143 0.111111
67747 -20.966 5.029 -23.105 0.444444
67748 -24.701 4.631 -22.822 0.555556
67749 -23.681 4.741 -23.396 0.444444
67750 -24.053 5.463 -23.001 0.444444
67751 -25.518 5.118 -22.364 0.444444
67755 -21.412 4.554 -23.468 0.444444
67756 -22.020 4.189 -23.818 0.555556
67757 -22.452 4.715 -23.550 0.555556
68375 -20.665 7.171 -20.377 0.111111
68376 -20.979 6.124 -18.966 0.111111
68392 -20.874 6.138 -22.156 0.333333
68393 -26.142 5.659 -21.890 0.444444
68394 -25.301 5.904 -22.196 0.444444
68395 -25.846 6.484 -21.735 0.333333
68396 -26.915 6.384 -21.528 0.111111
68397 -27.858 5.962 -21.382 0.111111
68398 -29.482 6.051 -21.255 0.111111
68411 -20.995 5.272 -22.232 0.444444
68412 -21.587 5.178 -23.216 0.444444
68413 -22.021 5.869 -22.775 0.444444
68414 -22.874 5.342 -23.163 0.444444
68415 -23.325 6.048 -22.720 0.444444
68416 -24.434 6.173 -22.452 0.444444
69000 -20.825 7.691 -19.482 0.111111
69001 -21.563 8.020 -18.445 0.111111
69002 -21.348 6.370 -17.741 0.111111
69003 -21.989 6.758 -16.985 0.111111
69010 -20.657 7.491 -20.244 0.222222
69017 -20.719 7.114 -20.894 0.111111
69018 -21.334 6.492 -22.251 0.333333
69019 -21.314 7.312 -21.480 0.333333
69020 -25.062 6.525 -22.006 0.444444
69021 -24.485 6.926 -21.979 0.444444
69022 -26.414 7.316 -21.414 0.222222
69023 -27.291 7.165 -21.290 0.111111
69024 -27.935 6.792 -21.276 0.111111
69025 -30.053 7.454 -21.678 0.111111
69038 -22.556 6.636 -22.460 0.444444
69039 -23.675 6.781 -22.344 0.444444
69634 -21.453 8.226 -19.190 0.111111
69635 -21.879 8.245 -18.220 0.111111
69636 -22.294 8.259 -17.884 0.111111
69641 -20.869 7.988 -19.984 0.111111
69650 -20.888 7.818 -20.692 0.222222
69653 -21.511 8.119 -21.077 0.333333
69654 -23.016 7.342 -22.124 0.333333
69655 -22.352 7.870 -21.620 0.333333
69656 -23.386 7.967 -21.715 0.333333
69657 -25.021 8.084 -21.515 0.222222
69658 -25.794 7.913 -21.363 0.111111
69659 -27.180 7.749 -21.094 0.111111
69660 -28.512 8.509 -21.158 0.111111
69661 -29.163 7.801 -21.363 0.111111
69662 -29.773 8.194 -21.644 0.111111
69663 -30.323 8.206 -21.978 0.111111
70246 -24.124 8.652 -17.788 0.111111
70251 -22.234 8.627 -18.933 0.111111
70252 -24.751 9.155 -17.876 0.111111
70255 -22.031 8.715 -19.722 0.111111
70261 -21.525 8.410 -20.328 0.222222
70262 -22.694 8.990 -20.376 0.222222
70269 -22.308 8.514 -20.978 0.333333
70270 -23.649 8.717 -21.491 0.222222
70271 -24.540 9.036 -21.481 0.111111
70272 -25.605 8.689 -21.307 0.111111
70273 -27.878 9.218 -20.991 0.111111
70274 -28.779 9.305 -21.347 0.111111
70275 -29.806 8.783 -21.875 0.111111
70848 -22.853 9.203 -18.865 0.111111
70849 -23.247 9.949 -19.569 0.111111
70850 -23.656 9.637 -18.748 0.111111
70851 -25.120 9.749 -18.210 0.111111
70855 -22.702 9.227 -19.648 0.111111
70856 -23.167 10.034 -20.345 0.111111
70860 -23.259 9.972 -20.928 0.111111
70866 -23.675 9.669 -21.392 0.111111
70867 -24.442 10.323 -21.459 0.111111
70868 -25.859 10.378 -21.273 0.111111
70869 -27.066 9.849 -20.966 0.111111
70870 -28.106 10.180 -21.384 0.111111
70871 -29.145 9.998 -21.685 0.111111
71391 -23.852 10.542 -19.476 0.111111
71392 -24.456 11.101 -19.317 0.111111
71393 -25.164 10.581 -18.653 0.111111
71397 -23.534 10.845 -20.203 0.111111
71419 -24.028 11.320 -21.320 0.111111
71420 -24.893 11.391 -21.510 0.111111
71421 -25.924 11.372 -21.518 0.111111
71422 -26.978 10.940 -21.442 0.111111
71423 -27.943 11.145 -21.638 0.111111
71930 -23.931 11.548 -20.001 0.111111
71931 -24.064 12.368 -20.484 0.111111
71936 -24.028 11.952 -20.986 0.111111
71937 -24.271 12.962 -20.844 0.111111
71947 -24.385 12.271 -21.311 0.111111
72476 -24.278 13.374 -20.275 0.111111
88885 -20.815 -14.656 -21.759 0.222222
88923 -31.560 -3.621 -22.611 0.111111
88953 -29.348 0.228 -21.994 0.111111
88997 -21.525 -16.420 -21.514 0.333333
89637 -27.576 8.410 -20.911 0.111111
89638 -26.567 8.326 -21.043 0.111111
89643 -28.094 7.650 -21.106 0.111111
89644 -28.686 6.438 -21.263 0.222222
89645 -28.652 5.655 -21.341 0.222222
90066 -23.932 8.988 -18.143 0.111111
90178 -19.967 -3.477 -22.314 0.222222
90312 -26.980 -0.150 -23.470 0.444444
90736 -22.781 -7.732 -25.725 1.000000
90888 -24.324 -1.497 -25.867 0.888889
90982 -25.328 7.251 -21.656 0.222222
91247 -21.761 -18.650 -19.820 0.111111
91408 -29.244 -3.614 -23.588 0.111111
91419 -24.457 10.166 -18.769 0.111111
91421 -21.187 -22.261 -18.871 0.111111
91431 -27.855 -1.675 -23.832 0.555556
91519 -23.928 1.807 -24.465 0.666667
91899 -23.106 9.035 -21.067 0.222222
91999 -25.340 9.540 -21.337 0.111111
92096 -32.697 -5.625 -22.253 0.111111
92173 -26.100 -3.361 -25.406 0.777778
92198 -23.154 8.484 -17.903 0.111111
92481 -27.160 0.510 -22.897 0.444444
92544 -23.612 -12.593 -24.570 1.000000
92655 -23.529 -18.009 -23.080 0.444444
92709 -22.464 -14.688 -23.537 0.666667
92723 -25.057 11.447 -19.101 0.111111
92804 -25.113 -10.517 -25.733 1.000000
92878 -19.093 -3.995 -22.940 0.222222
93031 -22.554 8.521 -18.223 0.111111
93322 -23.896 7.435 -21.928 0.333333
93482 -21.727 -5.666 -25.410 0.666667
93549 -23.510 -13.497 -24.380 0.888889
93706 -27.705 -16.691 -23.309 0.222222
93820 -27.587 -20.654 -21.380 0.111111
93844 -20.921 6.680 -21.599 0.333333
94005 -20.415 -0.736 -24.908 0.666667
94339 -28.352 -0.518 -22.972 0.222222
94386 -21.127 -11.257 -22.907 0.555556
94616 -25.340 -21.634 -21.687 0.333333
95238 -28.292 -13.635 -23.714 0.111111
95718 -22.662 -4.721 -26.306 1.000000
95784 -27.676 -14.665 -23.759 0.222222
95811 -21.677 -18.592 -20.430 0.222222
96289 -28.194 -5.515 -24.222 0.555556
96486 -21.427 -12.498 -23.070 0.666667
96550 -21.482 3.292 -24.412 0.666667
96737 -27.229 -9.522 -24.569 0.555556
97079 -29.280 8.643 -21.473 0.111111
97081 -30.044 6.578 -21.503 0.111111
97101 -20.482 0.863 -24.711 0.666667
97120 -22.978 8.426 -21.404 0.333333
97910 -23.208 -0.442 -25.714 0.777778
97920 -22.107 -7.876 -25.345 0.888889
97926 -27.068 -24.551 -20.316 0.111111
97998 -19.215 -0.665 -23.140 0.444444
98131 -26.614 -3.246 -25.041 0.777778
98468 -22.620 1.709 -23.210 0.111111
98496 -26.457 -4.601 -25.365 0.777778
98831 -24.585 -23.557 -21.346 0.333333
98888 -23.645 -2.415 -26.398 1.000000
98918 -22.942 -11.249 -24.706 1.000000
98963 -20.774 -14.726 -21.797 0.111111
99031 -21.063 -4.380 -25.011 0.777778
99209 -26.567 0.604 -23.268 0.555556
99228 -24.177 8.121 -21.644 0.222222
99444 -24.571 3.310 -23.556 0.666667
99695 -20.955 -12.495 -22.486 0.333333
99791 -21.736 3.621 -24.235 0.666667
99940 -26.519 -22.397 -20.742 0.222222
100390 -25.338 -5.325 -26.097 1.000000
100551 -25.806 -4.764 -25.688 0.777778
100717 -29.160 -4.843 -23.699 0.333333
100891 -29.807 -4.750 -23.493 0.111111
100917 -28.863 -5.345 -23.807 0.444444
100950 -25.227 -8.399 -26.220 1.000000
101020 -24.792 5.428 -22.521 0.444444
101028 -30.969 -5.136 -22.750 0.111111
101071 -26.972 -5.178 -25.117 0.777778
101280 -24.523 -4.393 -26.374 1.000000
101359 -30.335 -5.130 -23.176 0.111111
101991 -23.688 10.529 -21.299 0.111111
102030 -27.643 -2.341 -24.325 0.555556
102198 -26.823 -25.276 -20.207 0.111111
102317 -25.021 -23.015 -21.492 0.333333
102415 -29.386 6.926 -21.392 0.111111
102426 -28.683 7.131 -21.266 0.111111
102433 -26.835 -21.642 -20.869 0.111111
102573 -24.168 3.009 -23.842 0.666667
102720 -22.039 7.162 -22.078 0.333333
102742 -25.508 -15.058 -24.519 0.444444
102810 -25.785 -13.950 -24.575 0.555556
102944 -26.764 -19.720 -22.221 0.333333
102995 -25.199 -18.601 -23.475 0.444444
103376 -28.035 -17.081 -23.168 0.222222
103499 -27.093 9.042 -20.806 0.111111
103609 -22.336 -10.848 -24.388 1.000000
103656 -20.608 -5.309 -24.426 0.555556
103671 -23.595 -6.867 -26.338 1.000000
104073 -24.005 -5.623 -26.592 1.000000
104120 -22.898 -2.582 -26.439 1.000000
104262 -20.641 -8.207 -23.018 0.222222
104284 -24.131 -15.027 -24.463 0.555556
104289 -24.934 -9.102 -26.139 1.000000
104295 -20.395 6.128 -18.190 0.111111
104308 -25.119 -21.235 -22.186 0.333333
104412 -27.062 -7.342 -25.038 0.666667
104477 -26.684 -9.176 -24.881 0.666667
104552 -28.444 -11.111 -23.831 0.333333
104803 -25.345 -11.541 -25.373 0.888889
104826 -27.396 -23.827 -20.418 0.111111
104846 -26.283 9.313 -20.997 0.111111
104927 -24.872 1.794 -23.895 0.666667
104974 -29.393 9.265 -21.677 0.111111
105067 -19.669 -5.424 -23.288 0.333333
105134 -24.582 7.550 -21.707 0.333333
105159 -24.448 9.494 -18.324 0.111111
105410 -21.539 -2.395 -25.857 0.888889
105537 -23.571 10.981 -20.916 0.111111
105883 -25.700 -7.901 -25.930 0.777778
106012 -23.231 8.903 -18.345 0.111111
106024 -19.243 -2.459 -22.801 0.222222
106040 -30.628 -2.269 -22.543 0.111111
106199 -20.669 -5.606 -22.322 0.111111
106201 -23.787 11.606 -20.608 0.111111
106273 -21.018 -13.966 -22.509 0.666667
106531 -21.653 -15.686 -21.071 0.111111
106533 -25.515 -14.510 -24.617 0.444444
106573 -22.490 -21.191 -20.876 0.333333
106847 -25.460 -20.599 -22.234 0.333333
107130 -21.266 -3.871 -25.442 0.888889
107256 -28.900 -9.922 -23.881 0.222222
107687 -26.448 -1.291 -24.282 0.777778
107753 -24.819 -13.462 -24.902 0.888889
107941 -28.672 4.963 -21.519 0.111111
107972 -21.593 2.254 -23.125 0.111111
108014 -29.418 -5.222 -23.621 0.222222
108158 -29.258 5.340 -21.322 0.111111
108239 -21.577 -21.953 -19.411 0.111111
108283 -22.750 4.240 -22.135 0.111111
108568 -20.571 1.391 -24.800 0.555556
108814 -23.783 -18.615 -22.818 0.333333
108869 -23.711 -20.982 -21.746 0.333333
108897 -22.347 -21.612 -20.419 0.222222
108943 -27.276 1.045 -22.496 0.333333
