#!ascii label  , from subject OAS1_0001-3 vox2ras=TkReg 
272
51010 -26.173 -19.651 -22.520 0.000000
51020 -24.859 -19.295 -23.030 0.000000
51021 -25.791 -19.261 -23.073 0.000000
51768 -24.328 -18.645 -23.117 0.000000
51769 -24.494 -18.120 -23.440 0.000000
51788 -24.990 -17.897 -23.757 0.000000
51789 -25.699 -17.890 -23.642 0.000000
52525 -22.476 -17.303 -22.730 0.000000
52526 -23.205 -16.994 -23.363 0.000000
52548 -24.317 -17.327 -23.643 0.000000
52549 -25.201 -17.264 -24.030 0.000000
52550 -26.041 -17.066 -23.686 0.000000
53316 -21.666 -16.001 -22.433 0.000000
53317 -22.302 -16.451 -22.928 0.000000
53318 -22.207 -15.562 -23.105 0.000000
53335 -22.947 -16.150 -23.452 0.000000
53336 -23.800 -16.385 -23.777 0.000000
53337 -24.686 -16.518 -24.147 0.000000
53338 -24.156 -15.784 -24.213 0.000000
53339 -25.516 -16.421 -24.149 0.000000
53352 -24.968 -15.637 -24.456 0.000000
54117 -21.288 -15.391 -22.346 0.000000
54131 -21.694 -14.852 -22.858 0.000000
54132 -23.288 -15.424 -23.881 0.000000
54133 -25.882 -15.581 -24.240 0.000000
54151 -24.929 -14.757 -24.670 0.000000
54152 -26.151 -14.722 -24.332 0.000000
54876 -21.593 -14.061 -23.080 0.000000
54877 -22.646 -13.799 -23.798 0.000000
54878 -23.380 -14.423 -24.202 0.000000
54891 -24.312 -14.054 -24.663 0.000000
54892 -25.120 -14.055 -24.862 0.000000
54893 -26.584 -13.942 -24.263 0.000000
55592 -21.950 -13.163 -23.442 0.000000
55593 -27.702 -13.236 -23.929 0.000000
55605 -22.809 -12.935 -24.093 0.000000
55606 -24.302 -13.088 -24.727 0.000000
55607 -25.342 -13.289 -24.864 0.000000
55608 -26.093 -13.143 -24.496 0.000000
55609 -26.981 -13.172 -24.176 0.000000
55619 -24.909 -12.734 -25.097 0.000000
56290 -22.173 -12.357 -23.776 0.000000
56291 -27.503 -12.530 -24.054 0.000000
56301 -22.885 -12.096 -24.431 0.000000
56302 -23.697 -11.718 -24.849 0.000000
56303 -24.377 -12.217 -24.992 0.000000
56304 -25.550 -12.320 -25.010 0.000000
56305 -25.927 -11.479 -24.992 0.000000
56306 -26.589 -12.237 -24.485 0.000000
56314 -24.963 -11.917 -25.416 0.000000
56987 -22.245 -11.562 -24.125 0.000000
56998 -22.841 -10.458 -24.951 0.000000
56999 -23.674 -10.876 -25.217 0.000000
57000 -26.203 -10.660 -24.987 0.000000
57001 -26.824 -11.280 -24.538 0.000000
57010 -24.443 -11.389 -25.366 0.000000
57011 -25.010 -11.151 -25.685 0.000000
57012 -25.468 -10.914 -25.467 0.000000
57659 -21.976 -10.107 -24.332 0.000000
57660 -22.640 -9.608 -25.171 0.000000
57661 -23.573 -9.993 -25.487 0.000000
57662 -26.474 -9.846 -24.944 0.000000
57663 -27.221 -10.374 -24.498 0.000000
57671 -24.508 -10.457 -25.655 0.000000
57672 -24.996 -9.819 -25.901 0.000000
57673 -25.627 -10.042 -25.490 0.000000
58361 -21.832 -9.176 -24.617 0.000000
58362 -22.492 -8.603 -25.405 0.000000
58373 -23.395 -9.106 -25.688 0.000000
58374 -24.332 -9.395 -25.877 0.000000
58375 -24.592 -8.575 -26.221 0.000000
58376 -25.403 -9.191 -25.853 0.000000
58377 -26.102 -9.235 -25.408 0.000000
59059 -21.174 -8.716 -23.883 0.000000
59067 -21.647 -8.305 -24.775 0.000000
59068 -26.568 -8.566 -25.187 0.000000
59069 -27.160 -8.014 -24.885 0.000000
59081 -23.391 -8.270 -25.845 0.000000
59082 -23.983 -8.690 -26.015 0.000000
59083 -24.086 -8.019 -26.209 0.000000
59084 -25.313 -7.525 -26.272 0.000000
59085 -25.869 -8.515 -25.708 0.000000
59086 -26.411 -7.785 -25.465 0.000000
59095 -24.747 -7.785 -26.416 0.000000
59783 -21.001 -7.855 -24.060 0.000000
59791 -20.887 -6.972 -24.344 0.000000
59792 -21.540 -7.485 -24.935 0.000000
59793 -21.582 -6.609 -25.163 0.000000
59794 -27.288 -6.632 -24.876 0.000000
59804 -22.227 -7.172 -25.540 0.000000
59805 -22.935 -6.975 -26.081 0.000000
59806 -23.513 -7.508 -26.098 0.000000
59807 -25.494 -6.853 -26.151 0.000000
59808 -25.881 -7.238 -25.813 0.000000
59809 -26.582 -6.918 -25.384 0.000000
59819 -24.177 -7.246 -26.391 0.000000
59820 -24.884 -6.862 -26.477 0.000000
60539 -27.478 -5.766 -24.715 0.000000
60546 -22.372 -6.347 -25.851 0.000000
60547 -25.442 -6.164 -26.173 0.000000
60548 -26.022 -6.453 -25.722 0.000000
60549 -26.755 -6.063 -25.248 0.000000
60562 -23.221 -6.159 -26.425 0.000000
60563 -24.119 -6.455 -26.511 0.000000
60564 -24.756 -5.941 -26.485 0.000000
61289 -20.223 -5.551 -23.932 0.000000
61290 -20.275 -4.646 -24.306 0.000000
61291 -21.116 -5.074 -24.869 0.000000
61296 -21.820 -4.589 -25.727 0.000000
61297 -22.515 -5.458 -26.110 0.000000
61298 -25.209 -4.409 -25.957 0.000000
61299 -26.106 -5.503 -25.613 0.000000
61305 -23.268 -5.198 -26.509 0.000000
61306 -23.982 -4.771 -26.615 0.000000
61307 -24.652 -5.087 -26.420 0.000000
62064 -27.128 -4.341 -24.918 0.000000
62065 -26.594 -3.842 -25.201 0.000000
62073 -21.742 -3.588 -25.994 0.000000
62074 -22.487 -3.962 -26.350 0.000000
62075 -25.473 -3.529 -25.762 0.000000
62076 -25.954 -4.056 -25.563 0.000000
62082 -23.307 -4.327 -26.535 0.000000
62083 -24.040 -3.935 -26.577 0.000000
62084 -24.749 -3.712 -26.167 0.000000
62756 -26.250 -2.788 -25.148 0.000000
62757 -27.182 -3.540 -24.777 0.000000
62761 -21.070 -3.058 -25.433 0.000000
62762 -21.747 -2.893 -26.074 0.000000
62763 -25.664 -2.858 -25.595 0.000000
62767 -22.367 -3.105 -26.345 0.000000
62768 -23.297 -3.335 -26.522 0.000000
62769 -24.245 -3.074 -26.372 0.000000
62770 -25.035 -2.932 -26.037 0.000000
63386 -19.332 -2.485 -23.392 0.000000
63389 -27.007 -2.735 -24.726 0.000000
63395 -19.649 -2.024 -24.138 0.000000
63396 -20.376 -2.488 -24.769 0.000000
63397 -26.406 -2.299 -24.848 0.000000
63401 -20.987 -2.061 -25.433 0.000000
63402 -22.216 -2.252 -26.258 0.000000
63403 -21.668 -1.664 -25.841 0.000000
63404 -22.434 -1.350 -26.051 0.000000
63405 -25.213 -2.405 -25.744 0.000000
63406 -24.500 -2.216 -26.113 0.000000
63407 -24.961 -1.828 -25.598 0.000000
63408 -25.727 -2.209 -25.269 0.000000
63412 -23.030 -1.845 -26.341 0.000000
63999 -26.986 -1.868 -24.440 0.000000
64000 -26.294 -0.611 -23.944 0.000000
64001 -27.052 -1.080 -23.879 0.000000
64009 -19.775 -0.939 -24.029 0.000000
64010 -20.366 -1.579 -24.809 0.000000
64011 -26.105 -1.745 -24.709 0.000000
64012 -25.331 -1.479 -25.029 0.000000
64013 -25.750 -1.041 -24.449 0.000000
64017 -21.004 -1.142 -25.409 0.000000
64018 -21.751 -0.776 -25.666 0.000000
64019 -23.183 -1.076 -26.031 0.000000
64020 -22.587 -0.553 -25.756 0.000000
64021 -23.785 -1.590 -26.172 0.000000
64022 -23.806 -0.841 -25.737 0.000000
64023 -24.557 -1.128 -25.358 0.000000
64611 -19.505 0.018 -23.477 0.000000
64617 -20.214 0.019 -24.352 0.000000
64618 -24.937 -0.700 -24.733 0.000000
64619 -24.147 -0.274 -25.150 0.000000
64620 -24.656 0.224 -24.503 0.000000
64621 -25.487 -0.199 -24.191 0.000000
64626 -20.908 -0.043 -25.286 0.000000
64627 -21.840 0.170 -25.489 0.000000
64628 -22.715 0.207 -25.496 0.000000
64629 -23.432 0.049 -25.380 0.000000
65215 -20.028 0.832 -23.772 0.000000
65218 -26.073 0.262 -23.656 0.000000
65219 -25.217 0.730 -23.912 0.000000
65220 -25.911 1.252 -23.410 0.000000
65228 -20.292 1.509 -24.175 0.000000
65229 -23.760 0.817 -24.837 0.000000
65230 -23.076 1.918 -25.033 0.000000
65231 -24.492 1.081 -24.319 0.000000
65236 -21.017 1.110 -25.266 0.000000
65237 -21.965 1.101 -25.440 0.000000
65238 -22.878 1.011 -25.222 0.000000
65846 -20.329 2.041 -23.878 0.000000
65847 -24.103 2.524 -24.137 0.000000
65848 -25.514 2.209 -23.302 0.000000
65855 -20.623 1.833 -24.669 0.000000
65856 -20.674 2.465 -24.273 0.000000
65857 -21.212 1.964 -25.160 0.000000
65858 -21.321 2.733 -24.748 0.000000
65859 -22.147 2.007 -25.302 0.000000
65860 -22.334 2.782 -25.014 0.000000
65861 -23.230 2.633 -24.637 0.000000
66454 -23.397 3.120 -24.211 0.000000
66455 -24.783 2.678 -23.687 0.000000
66456 -25.251 2.983 -23.181 0.000000
66461 -22.461 3.301 -24.621 0.000000
67124 -21.243 4.301 -23.398 0.000000
67126 -24.993 3.721 -23.019 0.000000
67127 -25.671 4.277 -22.540 0.000000
67134 -23.726 3.520 -23.843 0.000000
67135 -22.557 3.711 -24.190 0.000000
67136 -23.172 4.163 -23.788 0.000000
67137 -24.238 4.015 -23.503 0.000000
67747 -20.966 5.029 -23.105 0.000000
67748 -24.701 4.631 -22.822 0.000000
67749 -23.681 4.741 -23.396 0.000000
67750 -24.053 5.463 -23.001 0.000000
67755 -21.412 4.554 -23.468 0.000000
67756 -22.020 4.189 -23.818 0.000000
67757 -22.452 4.715 -23.550 0.000000
68411 -20.995 5.272 -22.232 0.000000
68412 -21.587 5.178 -23.216 0.000000
68413 -22.021 5.869 -22.775 0.000000
68414 -22.874 5.342 -23.163 0.000000
68415 -23.325 6.048 -22.720 0.000000
68416 -24.434 6.173 -22.452 0.000000
69038 -22.556 6.636 -22.460 0.000000
90736 -22.781 -7.732 -25.725 0.000000
90888 -24.324 -1.497 -25.867 0.000000
91519 -23.928 1.807 -24.465 0.000000
92173 -26.100 -3.361 -25.406 0.000000
92544 -23.612 -12.593 -24.570 0.000000
92655 -23.529 -18.009 -23.080 0.000000
92709 -22.464 -14.688 -23.537 0.000000
92804 -25.113 -10.517 -25.733 0.000000
93482 -21.727 -5.666 -25.410 0.000000
93549 -23.510 -13.497 -24.380 0.000000
94005 -20.415 -0.736 -24.908 0.000000
95718 -22.662 -4.721 -26.306 0.000000
96550 -21.482 3.292 -24.412 0.000000
96737 -27.229 -9.522 -24.569 0.000000
97101 -20.482 0.863 -24.711 0.000000
97910 -23.208 -0.442 -25.714 0.000000
97920 -22.107 -7.876 -25.345 0.000000
98131 -26.614 -3.246 -25.041 0.000000
98496 -26.457 -4.601 -25.365 0.000000
98888 -23.645 -2.415 -26.398 0.000000
98918 -22.942 -11.249 -24.706 0.000000
99031 -21.063 -4.380 -25.011 0.000000
99209 -26.567 0.604 -23.268 0.000000
99444 -24.571 3.310 -23.556 0.000000
99791 -21.736 3.621 -24.235 0.000000
100390 -25.338 -5.325 -26.097 0.000000
100551 -25.806 -4.764 -25.688 0.000000
100950 -25.227 -8.399 -26.220 0.000000
101020 -24.792 5.428 -22.521 0.000000
101071 -26.972 -5.178 -25.117 0.000000
101280 -24.523 -4.393 -26.374 0.000000
102573 -24.168 3.009 -23.842 0.000000
102742 -25.508 -15.058 -24.519 0.000000
102810 -25.785 -13.950 -24.575 0.000000
102995 -25.199 -18.601 -23.475 0.000000
103609 -22.336 -10.848 -24.388 0.000000
103656 -20.608 -5.309 -24.426 0.000000
103671 -23.595 -6.867 -26.338 0.000000
104073 -24.005 -5.623 -26.592 0.000000
104120 -22.898 -2.582 -26.439 0.000000
104284 -24.131 -15.027 -24.463 0.000000
104289 -24.934 -9.102 -26.139 0.000000
104412 -27.062 -7.342 -25.038 0.000000
104477 -26.684 -9.176 -24.881 0.000000
104803 -25.345 -11.541 -25.373 0.000000
104927 -24.872 1.794 -23.895 0.000000
105410 -21.539 -2.395 -25.857 0.000000
105883 -25.700 -7.901 -25.930 0.000000
106533 -25.515 -14.510 -24.617 0.000000
107130 -21.266 -3.871 -25.442 0.000000
107687 -26.448 -1.291 -24.282 0.000000
107753 -24.819 -13.462 -24.902 0.000000
108568 -20.571 1.391 -24.800 0.000000
108814 -23.783 -18.615 -22.818 0.000000
