#!ascii label  , from subject OAS1_0001-3 vox2ras=TkReg 
1779
19959 -39.306 -60.224 -25.362 0.300000
19961 -39.971 -60.041 -25.695 0.300000
20799 -39.657 -59.387 -25.356 0.300000
20800 -41.028 -59.372 -26.210 0.400000
20801 -40.750 -58.803 -25.755 0.400000
20802 -41.442 -58.696 -26.013 0.400000
20813 -41.893 -59.250 -26.492 0.400000
20814 -43.527 -59.354 -27.215 0.400000
20815 -42.814 -58.989 -26.706 0.400000
20816 -44.467 -58.324 -26.441 0.400000
21543 -30.666 -58.322 -25.320 0.400000
21544 -30.974 -57.793 -24.662 0.300000
21548 -40.105 -58.574 -25.281 0.300000
21549 -39.564 -57.993 -24.656 0.300000
21550 -40.417 -57.720 -24.864 0.300000
21563 -41.079 -58.106 -25.443 0.400000
21564 -42.326 -58.553 -26.189 0.400000
21565 -41.918 -58.189 -25.708 0.400000
21566 -43.346 -58.375 -26.288 0.400000
21567 -44.250 -57.765 -25.736 0.400000
21568 -45.108 -57.813 -26.039 0.400000
21569 -45.393 -57.316 -25.653 0.400000
21570 -45.552 -57.400 -25.990 0.400000
21578 -45.476 -58.190 -26.870 0.300000
21579 -45.604 -57.709 -27.007 0.400000
22286 -32.225 -56.837 -24.026 0.300000
22290 -40.798 -56.983 -24.598 0.400000
22291 -42.099 -57.524 -25.199 0.400000
22292 -42.784 -56.893 -24.641 0.400000
22293 -43.443 -57.393 -25.089 0.400000
22294 -43.310 -56.381 -24.304 0.400000
22295 -44.676 -57.143 -25.097 0.400000
22296 -44.897 -56.560 -24.626 0.400000
22297 -45.548 -56.698 -25.292 0.400000
22304 -45.728 -56.758 -25.740 0.400000
22313 -45.590 -57.568 -27.100 0.300000
22959 -31.647 -56.347 -23.706 0.300000
22960 -32.038 -55.727 -23.440 0.300000
22966 -39.766 -56.397 -24.056 0.300000
22967 -40.503 -55.889 -23.890 0.300000
22968 -41.198 -56.340 -24.293 0.400000
22969 -41.547 -55.739 -23.894 0.400000
22970 -43.833 -55.932 -24.053 0.400000
22971 -42.954 -55.933 -24.045 0.400000
22972 -43.141 -55.395 -23.730 0.400000
22973 -44.462 -55.417 -23.751 0.400000
22979 -42.256 -56.250 -24.250 0.400000
22980 -44.917 -56.028 -24.130 0.400000
22981 -45.582 -56.053 -24.649 0.400000
22982 -45.877 -55.415 -24.742 0.400000
22988 -45.644 -56.337 -25.815 0.300000
22992 -41.089 -55.903 -27.543 0.300000
22993 -41.425 -56.001 -26.767 0.300000
22994 -41.955 -56.238 -27.503 0.300000
22995 -42.377 -56.021 -26.678 0.300000
22996 -42.952 -56.448 -27.349 0.300000
23000 -45.096 -56.915 -27.105 0.300000
23004 -41.715 -55.566 -28.588 0.300000
23611 -39.016 -55.510 -23.348 0.300000
23612 -39.999 -55.269 -23.465 0.300000
23613 -40.964 -55.190 -23.540 0.300000
23614 -42.362 -55.694 -23.881 0.300000
23615 -42.016 -55.088 -23.558 0.300000
23616 -43.767 -54.771 -23.511 0.400000
23617 -45.050 -54.634 -23.583 0.400000
23618 -45.612 -55.369 -24.092 0.400000
23619 -45.861 -54.701 -24.058 0.400000
23620 -46.007 -54.909 -24.470 0.400000
23625 -46.020 -54.655 -24.901 0.300000
23637 -40.397 -55.204 -25.755 0.300000
23638 -40.947 -55.585 -26.255 0.300000
23639 -41.347 -55.144 -25.701 0.300000
23640 -41.856 -55.560 -26.144 0.300000
23641 -42.345 -55.092 -25.622 0.300000
23646 -45.325 -55.526 -25.685 0.300000
24318 -39.075 -54.066 -22.496 0.300000
24319 -39.535 -54.661 -23.051 0.300000
24320 -40.103 -53.975 -22.651 0.300000
24321 -40.488 -54.584 -23.164 0.300000
24322 -41.099 -54.007 -22.781 0.300000
24323 -42.108 -54.180 -23.189 0.400000
24324 -42.709 -53.574 -23.046 0.400000
24332 -43.167 -54.121 -23.294 0.400000
24333 -44.886 -53.766 -23.564 0.400000
24334 -45.739 -54.080 -23.937 0.400000
24335 -46.026 -54.351 -24.528 0.400000
24342 -39.887 -54.474 -25.312 0.300000
24345 -40.633 -53.784 -24.991 0.300000
24353 -40.888 -54.552 -25.378 0.300000
25190 -38.346 -53.258 -21.140 0.300000
25191 -38.159 -53.064 -20.506 0.300000
25196 -39.141 -52.970 -21.464 0.300000
25197 -39.632 -53.398 -22.100 0.300000
25198 -40.049 -52.753 -21.682 0.300000
25199 -40.708 -53.203 -22.271 0.300000
25207 -41.834 -53.298 -22.649 0.300000
25208 -43.718 -53.448 -23.294 0.400000
25209 -42.875 -52.936 -22.855 0.400000
25210 -43.845 -52.665 -23.382 0.400000
25221 -44.649 -53.114 -23.621 0.400000
25222 -45.489 -53.348 -24.045 0.400000
25223 -45.898 -53.737 -24.598 0.400000
25227 -38.659 -53.724 -25.294 0.400000
25229 -38.477 -52.936 -24.805 0.500000
25230 -39.416 -52.838 -24.635 0.400000
25231 -41.368 -53.264 -24.951 0.400000
25232 -42.147 -53.722 -25.161 0.400000
25233 -42.263 -52.763 -25.196 0.400000
25978 -38.324 -52.523 -20.059 0.300000
25979 -38.564 -51.792 -19.481 0.300000
25987 -38.715 -52.649 -20.814 0.300000
25988 -39.007 -51.877 -20.469 0.300000
25989 -39.570 -52.278 -21.152 0.300000
25990 -39.691 -51.233 -20.625 0.300000
25991 -40.264 -51.775 -21.233 0.300000
25995 -40.773 -52.307 -21.802 0.300000
25996 -40.948 -51.557 -21.730 0.300000
25997 -41.546 -51.953 -22.116 0.300000
26009 -42.151 -52.430 -22.493 0.400000
26010 -43.008 -52.173 -22.876 0.300000
26011 -43.921 -51.909 -23.674 0.300000
26016 -44.982 -52.531 -24.163 0.400000
26017 -45.660 -53.027 -24.736 0.400000
26020 -37.761 -52.717 -25.145 0.500000
26021 -37.327 -52.191 -25.183 0.500000
26022 -37.919 -52.170 -24.659 0.500000
26023 -38.856 -51.948 -24.500 0.500000
26024 -39.996 -51.994 -24.712 0.500000
26025 -41.460 -52.342 -25.187 0.400000
26026 -40.862 -51.957 -25.102 0.400000
26032 -41.664 -51.379 -25.664 0.400000
26033 -42.446 -51.735 -25.717 0.400000
26034 -44.095 -52.028 -25.723 0.400000
26040 -33.754 -51.990 -27.565 0.400000
26754 -39.082 -51.256 -19.966 0.300000
26755 -38.932 -50.944 -19.283 0.300000
26756 -39.277 -50.458 -20.015 0.300000
26764 -40.486 -51.084 -21.214 0.300000
26770 -40.985 -50.988 -21.794 0.300000
26771 -41.525 -51.303 -22.182 0.300000
26787 -42.102 -50.971 -22.808 0.300000
26788 -42.939 -51.418 -23.229 0.300000
26789 -42.900 -50.498 -23.608 0.300000
26796 -43.882 -51.060 -24.169 0.400000
26797 -44.752 -50.949 -25.390 0.400000
26800 -37.445 -50.930 -24.774 0.600000
26801 -38.083 -51.354 -24.531 0.500000
26802 -38.814 -50.985 -24.540 0.500000
26803 -39.656 -51.070 -24.770 0.500000
26804 -40.796 -51.039 -25.383 0.500000
26805 -45.043 -50.265 -26.587 0.500000
26807 -36.307 -51.002 -26.125 0.400000
26808 -36.959 -51.483 -25.375 0.600000
26809 -41.705 -50.650 -26.183 0.500000
26810 -42.638 -50.811 -26.747 0.400000
26811 -42.042 -50.226 -27.191 0.500000
26812 -44.522 -51.026 -26.992 0.400000
26813 -44.934 -50.737 -26.902 0.400000
26814 -32.711 -51.031 -26.763 0.400000
26815 -33.383 -51.418 -27.222 0.400000
26816 -33.866 -50.730 -26.985 0.400000
26817 -34.509 -51.310 -27.205 0.400000
26818 -35.257 -50.632 -26.732 0.400000
26819 -42.996 -50.061 -28.169 0.400000
26820 -43.888 -50.581 -27.892 0.400000
26821 -44.716 -50.155 -27.979 0.500000
27565 -39.300 -49.931 -17.905 0.300000
27574 -38.939 -50.575 -18.430 0.300000
27575 -39.244 -49.679 -18.640 0.300000
27589 -39.280 -49.556 -19.514 0.300000
27595 -39.834 -50.413 -20.928 0.300000
27596 -39.479 -49.594 -20.509 0.300000
27601 -40.543 -50.369 -21.650 0.300000
27614 -41.315 -50.450 -22.387 0.300000
27615 -42.061 -50.098 -23.167 0.300000
27616 -42.896 -49.486 -23.846 0.300000
27621 -43.483 -48.722 -24.734 0.300000
27625 -37.563 -50.207 -24.986 0.600000
27626 -38.299 -50.400 -24.713 0.500000
27627 -39.270 -50.251 -24.835 0.600000
27628 -40.229 -50.217 -25.436 0.500000
27629 -39.766 -49.479 -25.626 0.600000
27630 -44.823 -49.516 -26.215 0.400000
27633 -36.009 -49.227 -26.227 0.500000
27634 -37.262 -49.609 -25.325 0.600000
27635 -40.796 -49.476 -26.295 0.600000
27636 -41.277 -50.144 -26.249 0.500000
27637 -45.234 -49.208 -27.141 0.400000
27638 -45.119 -49.603 -27.595 0.500000
27639 -33.116 -50.176 -26.655 0.400000
27640 -34.399 -49.975 -26.673 0.400000
27641 -35.402 -49.850 -26.499 0.400000
27642 -42.021 -49.649 -27.376 0.500000
27643 -44.237 -49.732 -28.543 0.400000
27644 -45.023 -49.196 -28.376 0.500000
27645 -44.704 -48.843 -28.547 0.500000
28288 -39.503 -49.115 -18.173 0.300000
28289 -40.017 -48.717 -17.869 0.300000
28297 -39.434 -48.761 -19.001 0.300000
28309 -39.451 -48.781 -19.958 0.300000
28316 -39.577 -48.743 -20.904 0.300000
28325 -40.248 -48.686 -21.674 0.300000
28326 -40.799 -49.429 -22.283 0.300000
28338 -32.062 -48.580 -22.480 0.400000
28341 -41.700 -48.810 -23.044 0.300000
28342 -42.167 -49.300 -23.356 0.300000
28346 -42.919 -48.393 -23.840 0.300000
28347 -43.549 -47.821 -25.161 0.300000
28351 -38.081 -49.590 -25.152 0.600000
28352 -38.898 -49.567 -25.181 0.600000
28353 -44.266 -48.491 -25.847 0.400000
28354 -45.117 -48.333 -27.008 0.400000
28357 -36.482 -48.318 -26.073 0.600000
28358 -36.869 -48.961 -25.644 0.600000
28359 -37.818 -48.769 -25.456 0.600000
28360 -39.437 -48.705 -25.777 0.600000
28361 -40.459 -48.756 -26.283 0.700000
28362 -41.485 -49.001 -26.843 0.600000
28363 -45.315 -48.670 -27.826 0.500000
28364 -32.390 -48.872 -26.412 0.400000
28365 -33.499 -49.234 -26.576 0.400000
28366 -34.936 -49.182 -26.527 0.500000
28367 -42.787 -48.955 -27.657 0.500000
28368 -43.784 -49.140 -28.421 0.500000
28369 -45.167 -48.379 -28.347 0.500000
28981 -40.328 -47.954 -18.382 0.300000
28982 -40.846 -48.487 -17.713 0.300000
28992 -39.716 -47.937 -18.944 0.300000
29005 -39.593 -48.014 -20.285 0.300000
29011 -39.873 -47.954 -21.144 0.300000
29017 -40.437 -47.932 -21.866 0.300000
29026 -32.102 -47.763 -22.623 0.500000
29028 -33.231 -48.056 -23.699 0.300000
29029 -41.089 -47.354 -22.438 0.300000
29030 -42.078 -47.746 -23.300 0.300000
29035 -43.263 -47.324 -24.075 0.300000
29036 -43.191 -47.234 -24.508 0.500000
29043 -44.504 -47.884 -26.658 0.400000
29044 -43.638 -47.610 -25.686 0.400000
29047 -32.066 -48.201 -26.314 0.400000
29048 -37.244 -48.260 -25.636 0.600000
29049 -39.023 -47.326 -26.055 0.600000
29050 -39.617 -47.851 -26.037 0.700000
29051 -40.340 -47.748 -25.813 0.700000
29052 -42.162 -48.464 -26.633 0.600000
29053 -41.369 -48.045 -25.875 0.600000
29054 -43.688 -48.182 -26.860 0.500000
29055 -42.814 -47.773 -26.043 0.600000
29056 -44.756 -47.805 -27.615 0.500000
29057 -45.148 -47.906 -27.757 0.500000
29058 -34.331 -48.375 -26.513 0.500000
29059 -35.543 -48.391 -26.420 0.500000
29060 -44.817 -48.184 -28.308 0.500000
29723 -40.829 -47.155 -18.626 0.300000
29724 -41.287 -47.718 -18.081 0.300000
29730 -40.166 -47.297 -18.981 0.300000
29731 -40.615 -46.641 -19.187 0.300000
29732 -41.236 -46.556 -18.797 0.300000
29733 -41.653 -47.011 -18.473 0.300000
29748 -39.862 -47.441 -19.622 0.300000
29749 -40.265 -46.663 -19.900 0.300000
29757 -39.926 -47.263 -20.517 0.300000
29758 -40.338 -46.523 -20.831 0.300000
29765 -40.816 -46.536 -21.799 0.300000
29777 -32.400 -47.000 -22.791 0.500000
29778 -32.955 -46.914 -23.323 0.500000
29779 -41.540 -46.589 -22.503 0.300000
29780 -42.843 -47.036 -23.619 0.400000
29781 -41.943 -46.954 -23.019 0.300000
29782 -43.081 -46.281 -23.568 0.400000
29788 -33.245 -46.486 -23.872 0.500000
29789 -32.469 -46.596 -25.042 0.300000
29790 -43.211 -46.705 -23.817 0.400000
29791 -43.363 -46.220 -23.805 0.400000
29797 -40.040 -47.209 -25.392 0.700000
29798 -40.913 -46.936 -24.583 0.600000
29799 -41.265 -47.449 -25.044 0.600000
29800 -42.256 -46.624 -24.660 0.600000
29801 -42.732 -47.183 -25.156 0.600000
29802 -43.294 -46.586 -24.286 0.500000
29805 -37.155 -47.522 -25.833 0.600000
29806 -38.093 -46.910 -25.911 0.600000
29807 -39.133 -46.481 -26.314 0.700000
29808 -39.613 -47.136 -26.062 0.700000
29812 -33.085 -46.712 -26.525 0.500000
29813 -34.398 -46.791 -26.576 0.500000
29814 -35.732 -46.640 -26.599 0.500000
29815 -36.197 -47.514 -26.406 0.500000
29816 -38.359 -46.089 -26.507 0.600000
30502 -41.230 -46.019 -19.225 0.300000
30503 -41.938 -46.206 -18.782 0.300000
30504 -42.800 -46.399 -18.737 0.300000
30505 -43.568 -46.642 -18.933 0.300000
30506 -43.288 -45.836 -19.067 0.300000
30523 -40.821 -45.852 -21.201 0.300000
30528 -41.543 -45.889 -22.159 0.300000
30529 -41.369 -45.367 -21.493 0.300000
30541 -32.856 -46.141 -23.189 0.500000
30542 -43.469 -45.973 -23.841 0.300000
30548 -33.264 -45.514 -23.775 0.500000
30549 -33.074 -45.909 -24.354 0.400000
30550 -40.200 -46.564 -24.381 0.700000
30551 -40.278 -45.954 -23.792 0.700000
30552 -41.096 -46.413 -24.250 0.600000
30553 -41.460 -45.855 -24.121 0.600000
30554 -42.313 -46.195 -24.571 0.600000
30555 -43.513 -46.204 -23.995 0.500000
30561 -39.534 -46.449 -25.144 0.700000
30562 -43.291 -46.055 -24.627 0.500000
30567 -31.847 -45.687 -26.017 0.400000
30568 -39.405 -46.453 -26.110 0.700000
30570 -32.676 -45.920 -26.339 0.500000
30571 -33.744 -46.175 -26.490 0.500000
30572 -34.762 -46.021 -26.528 0.500000
30573 -35.775 -45.749 -26.633 0.500000
30574 -37.446 -45.800 -26.557 0.600000
30575 -38.423 -45.370 -26.687 0.600000
30576 -39.075 -45.662 -26.523 0.700000
31239 -41.943 -45.341 -19.368 0.300000
31240 -42.558 -45.730 -19.013 0.300000
31249 -41.144 -45.542 -19.838 0.300000
31250 -41.659 -44.877 -20.151 0.300000
31251 -42.917 -45.097 -19.296 0.300000
31252 -43.806 -45.220 -19.331 0.300000
31254 -44.370 -44.679 -19.702 0.300000
31259 -41.147 -45.348 -20.637 0.300000
31260 -41.622 -44.806 -21.206 0.300000
31267 -42.069 -45.239 -22.388 0.300000
31279 -32.786 -45.147 -23.106 0.500000
31280 -43.068 -45.254 -23.476 0.300000
31287 -33.244 -44.492 -23.649 0.500000
31288 -39.514 -45.944 -24.120 0.700000
31289 -38.570 -44.635 -24.282 0.700000
31290 -39.578 -45.272 -23.487 0.700000
31291 -40.589 -45.304 -23.533 0.700000
31292 -41.938 -45.332 -24.261 0.400000
31293 -42.960 -45.802 -24.764 0.500000
31294 -43.419 -45.901 -23.892 0.300000
31300 -31.968 -45.017 -25.923 0.400000
31301 -32.737 -44.979 -24.779 0.400000
31302 -39.377 -45.784 -26.037 0.700000
31303 -39.092 -45.268 -25.329 0.700000
31306 -32.138 -44.899 -26.063 0.500000
31307 -39.145 -45.008 -26.506 0.700000
31308 -45.818 -45.731 -26.300 0.400000
31309 -46.095 -45.578 -26.261 0.400000
31312 -33.652 -45.418 -26.308 0.500000
31313 -34.911 -45.235 -26.436 0.500000
31314 -35.922 -44.973 -26.647 0.500000
31315 -37.030 -44.757 -26.694 0.600000
31316 -38.383 -44.621 -26.870 0.600000
31907 -42.516 -44.494 -19.866 0.300000
31913 -42.078 -44.362 -20.701 0.300000
31914 -42.653 -43.873 -20.696 0.300000
31915 -43.519 -43.720 -20.297 0.300000
31922 -42.227 -44.340 -21.898 0.300000
31923 -42.749 -44.241 -22.726 0.300000
31934 -32.930 -43.834 -23.186 0.500000
31935 -33.353 -43.704 -23.656 0.500000
31936 -38.868 -44.628 -23.339 0.700000
31937 -38.338 -43.801 -23.421 0.700000
31938 -38.953 -44.033 -22.772 0.700000
31939 -39.786 -44.534 -22.942 0.700000
31940 -39.549 -43.653 -22.638 0.700000
31941 -43.331 -44.942 -23.881 0.300000
31947 -33.435 -43.788 -24.126 0.400000
31948 -41.064 -44.784 -23.534 0.700000
31949 -43.660 -45.362 -24.355 0.400000
31950 -42.825 -45.120 -24.657 0.400000
31956 -32.575 -44.556 -25.546 0.400000
31957 -32.997 -43.838 -25.157 0.500000
31958 -38.402 -43.736 -24.542 0.800000
31959 -39.221 -44.274 -26.099 0.800000
31964 -33.007 -44.731 -26.093 0.500000
31965 -32.959 -44.358 -25.656 0.500000
31966 -33.763 -44.084 -26.024 0.500000
31967 -39.385 -43.551 -27.022 0.700000
31968 -45.540 -45.429 -26.315 0.400000
31969 -46.042 -45.660 -26.251 0.400000
31970 -45.924 -45.594 -26.319 0.400000
31974 -35.005 -44.351 -26.346 0.500000
31975 -36.204 -44.216 -26.640 0.500000
31976 -37.448 -44.026 -26.824 0.500000
31977 -38.753 -43.773 -27.164 0.600000
32652 -43.074 -43.381 -21.127 0.300000
32653 -43.463 -42.912 -21.480 0.300000
32658 -42.825 -43.402 -22.126 0.300000
32659 -43.255 -43.180 -22.567 0.300000
32674 -33.270 -43.082 -23.215 0.500000
32675 -38.744 -43.305 -22.700 0.600000
32676 -40.372 -44.065 -22.973 0.600000
32677 -43.112 -44.291 -23.368 0.300000
32678 -43.472 -44.314 -24.024 0.400000
32687 -33.746 -43.200 -23.815 0.400000
32688 -37.873 -43.033 -23.759 0.700000
32689 -38.176 -43.020 -23.161 0.600000
32690 -41.449 -44.255 -23.615 0.500000
32691 -42.119 -44.239 -24.032 0.400000
32692 -43.579 -45.245 -24.504 0.400000
32693 -42.999 -44.985 -24.937 0.400000
32699 -33.695 -43.444 -25.476 0.500000
32700 -33.563 -43.169 -24.796 0.500000
32701 -34.232 -42.651 -24.983 0.500000
32702 -38.360 -42.797 -24.778 0.700000
32703 -39.352 -43.235 -26.048 0.600000
32704 -43.489 -45.666 -25.346 0.400000
32705 -44.383 -45.988 -25.810 0.400000
32706 -44.431 -45.203 -25.111 0.400000
32707 -45.536 -45.461 -26.002 0.400000
32711 -34.646 -43.497 -26.024 0.500000
32712 -34.684 -42.775 -25.587 0.500000
32713 -35.547 -42.893 -26.226 0.500000
32714 -39.297 -42.723 -26.873 0.600000
32715 -43.748 -45.226 -26.076 0.400000
32716 -44.616 -45.685 -26.443 0.400000
32717 -45.601 -44.253 -26.136 0.400000
32720 -37.732 -43.212 -27.022 0.500000
32721 -38.767 -42.977 -27.240 0.700000
32722 -45.259 -45.249 -26.557 0.400000
33377 -43.990 -42.453 -21.812 0.300000
33388 -33.423 -42.223 -22.928 0.500000
33389 -38.491 -42.506 -22.719 0.600000
33390 -37.932 -42.371 -23.265 0.700000
33391 -38.852 -41.950 -22.451 0.600000
33392 -39.582 -41.700 -22.448 0.600000
33393 -43.732 -42.551 -22.885 0.300000
33403 -34.160 -42.639 -24.075 0.400000
33404 -34.056 -41.860 -23.477 0.500000
33405 -34.507 -41.964 -24.433 0.500000
33406 -37.660 -42.258 -23.947 0.800000
33407 -41.162 -43.008 -23.415 0.400000
33408 -42.146 -43.354 -24.124 0.400000
33409 -44.262 -42.916 -24.102 0.300000
33410 -44.982 -42.012 -24.643 0.300000
33415 -34.788 -42.088 -25.246 0.500000
33416 -38.320 -41.907 -24.927 0.800000
33417 -39.156 -42.371 -25.977 0.800000
33418 -42.885 -43.903 -25.146 0.400000
33419 -45.151 -43.972 -25.487 0.400000
33420 -45.571 -42.878 -25.743 0.300000
33426 -35.252 -42.146 -25.818 0.500000
33427 -39.076 -42.030 -26.648 0.700000
33428 -43.250 -42.946 -26.072 0.400000
33429 -43.833 -43.533 -26.593 0.400000
33430 -45.437 -43.021 -26.284 0.300000
33436 -36.728 -41.885 -26.630 0.600000
33437 -37.786 -42.377 -27.092 0.500000
33438 -38.621 -42.031 -27.104 0.700000
33439 -44.691 -43.714 -26.595 0.400000
33440 -44.091 -42.936 -26.886 0.400000
33441 -45.109 -43.284 -26.529 0.300000
33443 -44.423 -42.460 -27.171 0.400000
34074 -37.705 -40.876 -23.279 0.700000
34075 -38.185 -41.616 -22.784 0.700000
34076 -38.888 -41.172 -22.431 0.600000
34077 -39.713 -40.815 -22.459 0.600000
34078 -40.894 -41.735 -23.113 0.500000
34079 -40.355 -41.316 -22.648 0.600000
34080 -40.945 -40.941 -22.849 0.500000
34089 -33.806 -40.943 -23.177 0.300000
34090 -34.468 -41.028 -23.998 0.500000
34091 -37.764 -40.678 -24.112 0.700000
34092 -41.455 -41.002 -23.588 0.500000
34093 -42.110 -41.930 -24.480 0.400000
34101 -34.862 -41.372 -24.961 0.500000
34102 -38.311 -40.991 -25.098 0.700000
34103 -39.044 -41.595 -26.010 0.800000
34104 -42.786 -42.060 -25.288 0.400000
34105 -45.670 -41.860 -26.298 0.300000
34109 -35.201 -40.790 -25.591 0.400000
34110 -35.713 -41.445 -26.137 0.700000
34111 -39.020 -41.277 -26.856 0.800000
34112 -43.705 -42.271 -26.945 0.400000
34113 -45.043 -42.205 -27.281 0.400000
34119 -36.581 -41.061 -26.707 0.600000
34120 -37.627 -41.553 -27.181 0.600000
34121 -38.363 -41.134 -27.321 0.700000
34122 -44.109 -41.890 -27.475 0.400000
34123 -44.605 -41.488 -27.883 0.400000
34794 -37.735 -40.058 -23.646 0.700000
34795 -38.274 -40.620 -22.677 0.700000
34796 -39.047 -40.272 -22.412 0.600000
34797 -39.862 -39.906 -22.399 0.600000
34798 -40.795 -39.465 -22.524 0.600000
34799 -41.278 -40.203 -22.902 0.500000
34807 -34.028 -39.495 -23.365 0.300000
34808 -34.683 -39.980 -23.991 0.500000
34809 -42.184 -40.618 -24.273 0.400000
34815 -35.059 -39.979 -25.013 0.500000
34816 -37.985 -40.114 -24.639 0.700000
34817 -43.301 -41.081 -25.860 0.400000
34818 -42.853 -40.471 -24.760 0.400000
34828 -35.444 -39.842 -25.998 0.400000
34829 -38.705 -40.303 -25.739 0.700000
34830 -39.150 -40.509 -26.727 0.800000
34831 -43.883 -41.424 -27.177 0.400000
34832 -45.516 -41.576 -27.639 0.300000
34836 -36.461 -40.134 -26.773 0.700000
34837 -37.439 -40.774 -27.289 0.600000
34838 -39.140 -40.022 -27.248 0.700000
34839 -44.251 -41.085 -27.888 0.400000
34840 -44.747 -41.109 -28.798 0.300000
34841 -44.572 -40.291 -28.367 0.400000
34848 -37.518 -40.076 -27.399 0.700000
34849 -38.483 -39.974 -27.552 0.700000
34850 -45.321 -41.020 -29.248 0.300000
34858 -46.065 -40.698 -29.257 0.300000
35566 -37.938 -39.434 -23.232 0.700000
35567 -38.541 -38.822 -22.906 0.700000
35568 -39.178 -39.371 -22.502 0.700000
35569 -39.954 -38.983 -22.432 0.600000
35570 -40.776 -38.515 -22.401 0.600000
35571 -41.953 -40.032 -23.429 0.500000
35572 -42.180 -38.786 -22.378 0.500000
35573 -42.520 -39.368 -23.006 0.500000
35574 -42.993 -38.676 -22.513 0.500000
35583 -34.569 -39.106 -23.748 0.400000
35584 -37.832 -39.364 -24.110 0.700000
35585 -38.045 -38.836 -23.580 0.700000
35586 -42.762 -39.849 -23.998 0.500000
35587 -43.248 -39.137 -23.360 0.500000
35591 -35.289 -39.298 -25.182 0.500000
35592 -35.217 -38.588 -24.857 0.500000
35593 -35.465 -38.882 -25.792 0.600000
35594 -38.240 -39.445 -25.210 0.700000
35595 -44.060 -39.320 -24.823 0.400000
35596 -44.156 -39.502 -25.987 0.400000
35601 -36.035 -39.191 -26.479 0.700000
35602 -39.122 -39.732 -26.471 0.700000
35603 -43.945 -40.476 -26.651 0.400000
35604 -44.471 -40.016 -27.099 0.400000
35609 -36.645 -38.616 -26.821 0.700000
35610 -36.918 -39.396 -27.117 0.700000
35611 -39.339 -39.444 -27.192 0.800000
35612 -44.842 -39.473 -27.298 0.400000
35613 -45.178 -39.871 -28.684 0.300000
35617 -38.421 -39.290 -27.627 0.700000
35618 -39.121 -39.044 -27.538 0.800000
35619 -44.896 -40.652 -29.065 0.300000
35623 -45.469 -40.435 -29.159 0.300000
35624 -46.155 -40.118 -29.293 0.300000
36302 -41.655 -38.189 -22.023 0.400000
36303 -41.505 -37.429 -21.873 0.500000
36304 -42.122 -37.727 -21.679 0.400000
36305 -42.660 -38.170 -21.815 0.500000
36306 -42.629 -37.532 -21.580 0.500000
36307 -43.269 -37.543 -21.626 0.500000
36311 -38.351 -38.203 -23.558 0.700000
36312 -39.101 -37.934 -22.943 0.700000
36313 -39.950 -38.114 -22.469 0.600000
36314 -40.800 -37.734 -22.294 0.600000
36315 -43.755 -38.473 -22.842 0.500000
36316 -44.206 -37.799 -22.461 0.400000
36317 -44.445 -38.117 -23.307 0.400000
36327 -34.695 -38.329 -24.009 0.400000
36328 -38.092 -38.595 -24.522 0.700000
36329 -43.956 -38.817 -23.811 0.400000
36330 -44.700 -38.369 -24.317 0.400000
36335 -34.905 -37.701 -24.662 0.400000
36336 -35.332 -38.022 -25.558 0.500000
36337 -38.504 -38.022 -25.214 0.700000
36338 -44.578 -38.839 -25.278 0.400000
36341 -35.847 -38.335 -26.241 0.600000
36342 -39.150 -38.418 -26.303 0.700000
36343 -44.822 -38.939 -26.226 0.400000
36344 -45.710 -38.218 -25.933 0.400000
36347 -36.446 -37.817 -26.574 0.600000
36348 -37.273 -38.128 -27.201 0.700000
36349 -39.517 -38.724 -27.205 0.700000
36350 -39.761 -38.054 -27.643 0.800000
36351 -45.855 -38.891 -28.068 0.300000
36352 -46.068 -38.293 -26.885 0.300000
36353 -46.652 -38.130 -27.536 0.300000
36355 -38.351 -38.458 -27.631 0.700000
36356 -39.402 -38.187 -27.704 0.800000
36357 -46.027 -39.495 -28.875 0.300000
36358 -46.906 -38.940 -28.781 0.300000
36359 -46.517 -38.707 -28.282 0.300000
36360 -47.166 -38.117 -28.043 0.300000
36362 -46.638 -39.601 -29.258 0.300000
37083 -41.497 -36.672 -21.809 0.500000
37084 -42.128 -37.123 -21.571 0.500000
37085 -42.851 -36.947 -21.418 0.400000
37086 -44.007 -37.388 -21.808 0.400000
37087 -43.637 -36.818 -21.449 0.400000
37088 -44.377 -36.601 -21.685 0.400000
37092 -38.656 -37.479 -23.661 0.600000
37093 -39.224 -37.170 -23.191 0.600000
37094 -39.947 -37.246 -22.624 0.600000
37095 -40.840 -36.968 -22.270 0.700000
37096 -44.702 -37.468 -22.931 0.400000
37097 -44.634 -37.095 -22.280 0.400000
37098 -45.204 -36.854 -23.011 0.400000
37106 -34.514 -37.462 -23.989 0.400000
37107 -45.005 -37.585 -23.623 0.400000
37108 -45.384 -37.027 -23.845 0.400000
37115 -34.623 -36.753 -24.538 0.400000
37116 -35.130 -37.144 -25.386 0.700000
37117 -39.013 -37.549 -25.788 0.600000
37118 -45.743 -37.459 -25.136 0.400000
37122 -35.589 -36.696 -25.917 0.700000
37123 -39.751 -38.115 -26.931 0.600000
37124 -39.539 -37.115 -26.413 0.700000
37125 -46.767 -37.420 -26.779 0.300000
37128 -36.202 -37.017 -26.434 0.600000
37129 -37.819 -37.666 -27.454 0.700000
37130 -37.097 -37.324 -26.862 0.700000
37131 -37.854 -36.754 -27.364 0.800000
37132 -40.211 -37.705 -27.756 0.600000
37133 -47.239 -37.383 -27.369 0.300000
37135 -38.679 -37.683 -27.834 0.700000
37136 -39.704 -37.660 -28.179 0.700000
37137 -40.065 -37.729 -28.235 0.800000
37138 -47.717 -37.309 -27.899 0.300000
37140 -40.411 -37.537 -28.493 0.700000
37994 -41.527 -35.875 -21.771 0.500000
37995 -42.243 -36.306 -21.416 0.400000
37996 -43.116 -36.244 -21.176 0.400000
37997 -43.907 -36.032 -21.215 0.400000
37998 -45.044 -36.373 -22.192 0.400000
37999 -44.712 -35.696 -21.645 0.400000
38000 -45.483 -36.048 -22.847 0.400000
38004 -39.673 -36.457 -23.196 0.600000
38005 -40.288 -36.032 -22.889 0.600000
38006 -40.885 -36.153 -22.333 0.600000
38009 -38.976 -36.765 -23.929 0.600000
38010 -39.424 -36.092 -24.317 0.600000
38011 -40.039 -35.681 -23.610 0.600000
38012 -45.695 -36.309 -23.700 0.400000
38021 -34.684 -35.789 -24.811 0.600000
38022 -35.090 -36.285 -25.338 0.400000
38023 -39.073 -36.745 -25.116 0.600000
38024 -39.591 -36.188 -25.663 0.600000
38025 -46.124 -36.592 -25.095 0.400000
38026 -46.026 -36.181 -24.427 0.400000
38027 -46.473 -35.658 -24.880 0.400000
38030 -36.098 -36.344 -26.213 0.700000
38031 -35.641 -35.943 -25.823 0.700000
38032 -40.288 -36.783 -26.969 0.600000
38033 -46.791 -36.676 -26.351 0.400000
38034 -46.619 -36.217 -25.742 0.400000
38035 -47.062 -35.944 -26.468 0.400000
38038 -36.831 -36.491 -26.590 0.700000
38039 -40.827 -37.251 -28.171 0.600000
38043 -38.639 -36.229 -27.902 0.700000
38044 -39.730 -37.010 -28.569 0.600000
38045 -40.488 -37.509 -28.565 0.600000
38046 -40.934 -36.919 -28.650 0.600000
38047 -47.900 -36.381 -27.958 0.300000
38049 -40.637 -37.317 -28.606 0.700000
38050 -41.032 -36.668 -28.730 0.700000
38747 -42.571 -35.060 -20.832 0.500000
38755 -41.528 -34.999 -21.722 0.500000
38756 -42.047 -35.452 -21.297 0.500000
38757 -44.722 -34.750 -21.469 0.400000
38758 -45.316 -35.040 -22.035 0.400000
38762 -40.678 -35.349 -22.972 0.600000
38763 -41.190 -34.773 -22.517 0.500000
38764 -45.580 -35.298 -22.792 0.400000
38767 -40.590 -35.008 -24.107 0.600000
38768 -41.059 -34.617 -23.500 0.600000
38769 -46.104 -35.624 -24.029 0.400000
38770 -46.013 -34.877 -23.560 0.400000
38771 -46.414 -35.045 -24.306 0.400000
38780 -34.970 -34.995 -24.750 0.500000
38781 -35.645 -34.862 -25.095 0.600000
38782 -39.957 -35.417 -24.844 0.600000
38783 -40.561 -34.846 -25.386 0.600000
38784 -46.860 -34.758 -24.879 0.400000
38786 -36.267 -34.834 -25.526 0.500000
38787 -36.445 -35.581 -26.165 0.700000
38788 -40.254 -35.695 -26.210 0.600000
38789 -40.803 -35.156 -26.729 0.600000
38790 -47.060 -35.241 -25.733 0.400000
38794 -37.228 -35.125 -26.523 0.700000
38795 -37.802 -35.601 -27.216 0.700000
38796 -41.415 -35.890 -27.850 0.600000
38800 -38.461 -35.135 -27.531 0.700000
38801 -40.312 -36.139 -28.807 0.700000
38802 -39.256 -35.661 -28.254 0.700000
38803 -39.609 -35.031 -28.583 0.700000
38804 -41.518 -36.230 -28.891 0.700000
38805 -41.634 -36.183 -28.683 0.700000
38806 -42.034 -35.832 -29.169 0.700000
38809 -40.362 -34.994 -29.150 0.700000
38810 -41.177 -35.811 -29.153 0.700000
38814 -41.918 -35.561 -29.486 0.700000
39401 -42.407 -34.394 -20.718 0.500000
39402 -42.547 -33.780 -20.604 0.400000
39403 -43.277 -34.457 -20.663 0.400000
39409 -41.566 -34.091 -21.435 0.500000
39410 -41.962 -34.651 -21.063 0.500000
39411 -44.143 -34.421 -20.985 0.300000
39412 -44.680 -33.904 -21.330 0.400000
39413 -45.380 -34.173 -21.859 0.400000
39416 -41.298 -34.055 -22.253 0.500000
39417 -45.698 -34.474 -22.691 0.400000
39426 -41.035 -34.362 -24.585 0.600000
39427 -41.464 -33.975 -23.825 0.600000
39428 -46.167 -33.809 -23.400 0.400000
39429 -46.551 -34.297 -24.201 0.400000
39435 -36.138 -34.261 -24.901 0.600000
39436 -35.410 -34.320 -24.521 0.500000
39438 -41.369 -33.712 -24.933 0.600000
39439 -47.222 -34.421 -25.451 0.400000
39440 -47.095 -33.837 -24.872 0.400000
39441 -47.329 -33.754 -25.745 0.400000
39443 -36.799 -34.795 -25.972 0.700000
39444 -36.768 -34.230 -25.435 0.500000
39445 -37.396 -34.305 -26.116 0.800000
39446 -41.078 -34.182 -25.902 0.600000
39447 -41.710 -33.559 -25.959 0.600000
39451 -37.829 -34.723 -26.879 0.700000
39452 -38.025 -34.126 -26.514 0.700000
39453 -38.451 -34.288 -27.113 0.700000
39454 -41.402 -34.688 -27.244 0.600000
39455 -41.873 -33.928 -27.063 0.600000
39458 -39.081 -34.602 -27.807 0.700000
39459 -39.614 -34.024 -28.471 0.700000
39460 -42.220 -35.561 -28.925 0.700000
39461 -42.064 -34.710 -28.114 0.700000
39462 -42.694 -34.784 -29.029 0.700000
39465 -40.596 -34.062 -29.385 0.700000
39466 -41.363 -34.996 -29.777 0.700000
39467 -42.461 -35.120 -29.553 0.700000
39468 -43.139 -34.566 -29.678 0.700000
39472 -42.275 -34.844 -30.022 0.700000
39473 -43.136 -34.390 -30.045 0.700000
40078 -41.933 -33.918 -20.790 0.500000
40079 -41.599 -33.268 -21.007 0.500000
40080 -42.029 -33.308 -20.669 0.500000
40081 -42.672 -33.023 -20.559 0.400000
40082 -43.910 -33.712 -20.787 0.300000
40083 -43.643 -32.835 -20.694 0.400000
40090 -41.213 -33.301 -21.808 0.500000
40091 -44.470 -33.081 -21.229 0.300000
40092 -45.322 -33.221 -21.775 0.400000
40095 -41.200 -33.387 -22.900 0.500000
40096 -45.871 -33.117 -23.050 0.400000
40107 -41.577 -33.185 -24.082 0.600000
40108 -46.294 -32.777 -23.682 0.400000
40114 -37.160 -33.009 -24.765 0.600000
40115 -36.524 -32.800 -24.134 0.500000
40116 -41.645 -33.030 -25.123 0.600000
40117 -46.820 -32.749 -24.462 0.400000
40118 -47.217 -32.866 -25.278 0.400000
40119 -37.959 -33.607 -25.922 0.700000
40120 -37.818 -32.761 -25.304 0.700000
40121 -38.484 -33.059 -25.877 0.700000
40122 -42.095 -32.899 -25.880 0.600000
40123 -47.419 -33.115 -26.309 0.300000
40125 -39.038 -33.734 -27.325 0.700000
40126 -39.095 -32.849 -26.467 0.800000
40127 -39.512 -33.051 -27.640 0.800000
40128 -42.596 -33.830 -27.995 0.600000
40129 -42.349 -33.288 -26.693 0.600000
40130 -42.868 -33.015 -27.322 0.600000
40133 -40.139 -33.153 -28.587 0.800000
40134 -43.492 -33.320 -28.485 0.700000
40139 -40.962 -33.149 -29.510 0.700000
40140 -41.644 -34.092 -30.032 0.700000
40141 -43.825 -33.984 -29.905 0.700000
40142 -44.280 -33.205 -30.549 0.700000
40145 -42.776 -33.877 -30.347 0.700000
40146 -43.840 -33.699 -30.801 0.700000
40811 -41.413 -31.517 -21.054 0.500000
40812 -41.900 -32.472 -20.732 0.500000
40813 -42.935 -32.154 -20.560 0.400000
40814 -43.862 -31.909 -20.771 0.400000
40815 -44.340 -32.390 -21.088 0.400000
40823 -40.889 -31.663 -21.750 0.500000
40824 -44.721 -31.687 -21.297 0.400000
40825 -45.578 -32.293 -22.019 0.400000
40830 -40.943 -32.480 -22.274 0.500000
40831 -40.709 -31.544 -22.687 0.500000
40832 -45.900 -32.446 -22.893 0.400000
40833 -45.900 -31.664 -22.604 0.400000
40834 -46.285 -31.855 -23.388 0.400000
40844 -41.137 -32.434 -23.335 0.500000
40845 -41.521 -32.305 -24.484 0.600000
40846 -46.672 -32.033 -24.151 0.400000
40853 -35.851 -32.082 -23.733 0.500000
40854 -36.650 -31.767 -24.156 0.500000
40855 -37.290 -32.235 -24.595 0.500000
40856 -41.751 -31.823 -25.205 0.600000
40857 -47.021 -31.446 -24.651 0.300000
40858 -47.279 -31.820 -25.382 0.300000
40861 -37.961 -31.783 -25.024 0.500000
40862 -38.534 -32.239 -25.651 0.700000
40863 -42.633 -32.617 -26.522 0.600000
40864 -42.229 -32.201 -25.849 0.600000
40865 -42.733 -31.854 -26.484 0.600000
40866 -47.473 -32.237 -26.175 0.300000
40868 -39.102 -31.722 -26.111 0.700000
40869 -39.661 -32.139 -26.941 0.800000
40870 -43.190 -32.424 -27.339 0.600000
40871 -47.756 -31.763 -26.953 0.300000
40873 -40.559 -32.233 -28.466 0.800000
40874 -40.675 -31.334 -28.375 0.700000
40875 -44.256 -33.246 -29.508 0.700000
40876 -43.871 -32.319 -28.492 0.700000
40877 -44.329 -32.606 -29.801 0.700000
40881 -42.043 -33.118 -30.314 0.700000
40882 -41.285 -32.114 -29.468 0.800000
40883 -44.387 -32.290 -30.763 0.700000
40886 -43.391 -32.985 -31.031 0.700000
40887 -44.163 -32.781 -31.383 0.700000
41615 -41.301 -30.610 -21.090 0.500000
41616 -42.223 -31.475 -20.634 0.500000
41617 -43.290 -31.161 -20.638 0.400000
41618 -44.164 -31.184 -20.936 0.400000
41629 -40.635 -30.882 -21.969 0.500000
41630 -40.972 -30.999 -21.453 0.500000
41631 -44.864 -30.585 -21.399 0.400000
41632 -45.591 -30.598 -21.993 0.300000
41635 -40.491 -30.707 -22.595 0.500000
41636 -45.855 -30.967 -22.428 0.300000
41637 -46.201 -30.997 -23.120 0.300000
41643 -41.027 -31.608 -23.762 0.500000
41644 -40.597 -30.882 -23.347 0.500000
41645 -46.672 -31.164 -23.880 0.400000
41656 -35.979 -31.246 -23.964 0.500000
41657 -36.678 -30.917 -24.325 0.500000
41658 -37.363 -31.354 -24.566 0.500000
41659 -41.005 -30.864 -24.257 0.500000
41660 -41.621 -31.083 -25.045 0.500000
41661 -47.074 -30.486 -24.476 0.300000
41662 -47.399 -30.914 -25.250 0.300000
41668 -37.999 -30.960 -24.934 0.500000
41669 -38.489 -31.328 -25.471 0.700000
41670 -42.091 -31.381 -25.802 0.600000
41671 -41.855 -30.530 -25.577 0.500000
41672 -47.671 -31.238 -26.132 0.300000
41677 -38.907 -30.767 -25.889 0.700000
41678 -40.225 -31.656 -27.493 0.700000
41679 -39.667 -31.025 -26.652 0.700000
41680 -40.304 -30.743 -27.463 0.700000
41681 -42.510 -30.831 -26.539 0.600000
41682 -43.275 -31.604 -27.340 0.600000
41687 -41.342 -31.152 -29.536 0.700000
41688 -43.711 -31.387 -28.218 0.700000
41689 -44.240 -31.704 -29.375 0.700000
41692 -42.409 -32.063 -30.570 0.800000
41693 -44.269 -30.948 -30.364 0.700000
41697 -43.694 -31.946 -31.453 0.700000
41698 -44.114 -31.676 -31.524 0.700000
42511 -41.231 -29.739 -21.172 0.500000
42512 -41.820 -30.147 -20.763 0.500000
42513 -42.614 -29.750 -20.689 0.500000
42514 -43.328 -30.230 -20.731 0.400000
42523 -40.369 -30.042 -22.148 0.500000
42524 -40.787 -30.296 -21.542 0.500000
42525 -44.111 -29.913 -21.162 0.400000
42526 -44.811 -29.538 -21.629 0.400000
42527 -45.403 -29.878 -22.045 0.400000
42532 -40.406 -30.155 -23.024 0.500000
42533 -45.849 -30.184 -22.776 0.300000
42537 -40.360 -29.451 -23.696 0.500000
42551 -35.931 -30.514 -24.307 0.500000
42552 -36.580 -30.156 -24.641 0.600000
42553 -37.317 -30.559 -24.744 0.500000
42554 -40.870 -30.061 -24.421 0.500000
42555 -41.444 -29.865 -25.150 0.500000
42563 -37.860 -30.241 -25.249 0.500000
42564 -38.497 -30.012 -25.675 0.600000
42565 -41.993 -29.725 -26.035 0.500000
42572 -39.868 -30.223 -26.938 0.700000
42573 -42.437 -29.992 -27.171 0.600000
42580 -40.323 -29.940 -27.552 0.700000
42581 -40.617 -29.682 -28.461 0.700000
42582 -43.933 -30.723 -28.699 0.700000
42583 -43.325 -29.927 -28.066 0.700000
42588 -41.252 -30.259 -29.539 0.700000
42589 -44.186 -29.897 -29.259 0.800000
42593 -43.886 -30.882 -31.739 0.700000
42594 -44.121 -30.490 -31.667 0.700000
42595 -43.959 -29.963 -31.707 0.700000
43328 -41.204 -28.672 -21.135 0.500000
43329 -41.928 -29.261 -20.830 0.500000
43330 -42.803 -28.932 -20.796 0.400000
43331 -43.458 -29.412 -20.901 0.400000
43338 -40.333 -29.131 -22.247 0.500000
43339 -40.667 -29.412 -21.632 0.500000
43340 -44.207 -29.078 -21.311 0.400000
43341 -44.700 -28.831 -21.794 0.300000
43342 -45.132 -29.007 -22.366 0.300000
43351 -39.983 -28.870 -22.930 0.500000
43352 -45.566 -28.613 -23.080 0.300000
43366 -35.794 -29.809 -24.664 0.500000
43367 -36.365 -29.454 -25.097 0.500000
43368 -37.161 -29.766 -25.113 0.600000
43369 -40.802 -29.336 -24.688 0.500000
43370 -40.730 -28.602 -24.975 0.600000
43382 -35.111 -28.809 -25.450 0.500000
43383 -35.945 -28.788 -25.555 0.500000
43384 -36.922 -28.812 -25.588 0.500000
43385 -37.789 -29.423 -25.603 0.600000
43386 -37.706 -28.594 -26.140 0.600000
43387 -41.303 -29.120 -25.438 0.500000
43388 -41.674 -28.815 -26.216 0.500000
43392 -38.455 -29.228 -26.183 0.600000
43393 -39.090 -29.061 -26.635 0.700000
43394 -39.650 -29.507 -27.062 0.700000
43395 -42.108 -29.213 -26.799 0.500000
43396 -42.064 -28.443 -27.086 0.600000
43402 -40.057 -29.166 -27.810 0.700000
43403 -40.404 -28.846 -28.736 0.700000
43404 -42.693 -29.180 -27.554 0.600000
43405 -43.537 -29.148 -28.476 0.700000
43409 -41.959 -29.933 -30.472 0.700000
43410 -41.088 -29.385 -29.589 0.700000
43411 -44.134 -29.060 -29.698 0.700000
43412 -44.331 -29.833 -30.739 0.700000
43417 -42.008 -29.099 -30.737 0.600000
43418 -43.063 -30.017 -31.317 0.700000
43419 -43.917 -29.107 -31.307 0.700000
43424 -43.222 -29.169 -31.360 0.700000
44167 -40.826 -27.747 -21.087 0.400000
44168 -41.523 -27.736 -20.714 0.400000
44169 -42.547 -27.408 -20.599 0.400000
44170 -43.629 -28.617 -21.041 0.400000
44172 -40.059 -27.948 -22.135 0.500000
44173 -40.474 -28.422 -21.700 0.500000
44174 -44.336 -28.201 -21.531 0.300000
44175 -44.871 -28.252 -22.246 0.300000
44184 -39.785 -27.971 -22.885 0.500000
44185 -45.055 -27.640 -22.880 0.300000
44190 -39.843 -27.480 -23.862 0.600000
44197 -40.310 -28.076 -24.457 0.600000
44198 -40.514 -27.894 -25.256 0.600000
44210 -36.190 -28.218 -26.216 0.500000
44211 -40.960 -28.395 -25.753 0.600000
44212 -40.611 -27.678 -26.021 0.600000
44220 -35.507 -27.757 -26.861 0.600000
44221 -36.491 -27.711 -27.055 0.600000
44222 -38.474 -28.328 -26.799 0.600000
44223 -37.498 -27.925 -26.799 0.600000
44224 -39.339 -28.638 -27.291 0.700000
44225 -41.249 -28.059 -26.486 0.600000
44226 -41.556 -27.647 -27.236 0.600000
44236 -37.950 -27.639 -27.497 0.600000
44237 -38.826 -27.867 -27.744 0.600000
44238 -39.629 -28.313 -28.222 0.700000
44239 -42.785 -28.506 -28.027 0.700000
44240 -42.149 -27.936 -27.822 0.600000
44244 -40.033 -27.987 -29.092 0.700000
44245 -40.912 -28.489 -29.726 0.600000
44246 -42.886 -27.775 -28.709 0.700000
44247 -43.876 -28.207 -29.819 0.700000
44252 -41.486 -28.101 -30.595 0.600000
44253 -42.430 -28.470 -31.284 0.600000
44254 -44.169 -27.703 -30.863 0.600000
44255 -43.956 -27.947 -31.342 0.600000
44256 -43.267 -28.217 -31.631 0.700000
45042 -40.633 -26.972 -20.983 0.500000
45043 -41.080 -27.170 -20.721 0.400000
45044 -41.710 -26.896 -20.550 0.500000
45045 -42.538 -26.505 -20.539 0.400000
45046 -43.501 -27.349 -20.904 0.300000
45051 -40.267 -26.706 -21.581 0.400000
45052 -43.983 -26.383 -21.185 0.400000
45053 -44.661 -27.367 -22.085 0.300000
45064 -39.675 -27.037 -23.058 0.400000
45065 -39.930 -27.290 -22.243 0.600000
45066 -44.993 -26.809 -22.864 0.300000
45067 -45.104 -27.166 -23.779 0.300000
45072 -39.668 -26.718 -23.767 0.500000
45073 -45.752 -26.578 -24.332 0.300000
45078 -40.111 -27.305 -24.808 0.600000
45079 -39.769 -26.673 -24.456 0.500000
45090 -40.018 -26.555 -25.371 0.600000
45091 -40.353 -26.923 -26.168 0.600000
45096 -34.125 -27.338 -27.068 0.500000
45097 -34.894 -27.383 -27.317 0.500000
45098 -35.644 -27.434 -27.731 0.500000
45099 -35.161 -27.168 -27.708 0.500000
45100 -37.138 -27.561 -27.518 0.600000
45101 -40.871 -27.298 -26.719 0.600000
45102 -40.642 -26.436 -27.012 0.600000
45108 -35.698 -27.111 -28.177 0.500000
45109 -36.469 -27.355 -28.081 0.500000
45110 -38.137 -27.259 -28.383 0.600000
45111 -37.224 -26.990 -28.386 0.600000
45112 -39.064 -27.618 -28.774 0.600000
45113 -41.102 -27.001 -27.472 0.600000
45114 -41.782 -27.145 -28.159 0.700000
45115 -37.963 -26.670 -28.752 0.600000
45116 -38.628 -27.071 -29.217 0.600000
45117 -40.530 -27.661 -29.921 0.600000
45118 -39.310 -26.659 -29.671 0.600000
45119 -42.720 -26.823 -28.986 0.700000
45120 -43.594 -27.286 -29.796 0.700000
45121 -40.188 -26.952 -30.321 0.600000
45122 -42.046 -27.679 -31.308 0.600000
45123 -41.264 -26.945 -30.894 0.600000
45124 -43.950 -26.675 -30.661 0.600000
45125 -44.076 -27.102 -31.093 0.600000
45126 -41.672 -26.395 -31.229 0.600000
45127 -42.550 -26.636 -31.497 0.600000
45128 -43.558 -27.516 -31.554 0.600000
45129 -43.899 -26.996 -31.251 0.600000
45130 -43.373 -26.814 -31.489 0.600000
45817 -40.591 -26.146 -20.988 0.500000
45818 -41.079 -26.479 -20.640 0.400000
45819 -41.786 -26.049 -20.481 0.500000
45820 -42.666 -25.697 -20.490 0.300000
45821 -43.258 -26.184 -20.658 0.300000
45826 -40.228 -25.806 -21.673 0.500000
45827 -44.612 -25.646 -21.989 0.300000
45835 -39.792 -26.164 -23.268 0.500000
45836 -39.932 -26.406 -22.377 0.500000
45837 -44.999 -25.975 -22.783 0.300000
45838 -45.336 -26.344 -23.541 0.300000
45847 -39.644 -26.044 -24.061 0.500000
45848 -45.793 -25.860 -23.879 0.300000
45850 -46.432 -25.929 -24.432 0.300000
45858 -39.719 -25.884 -24.789 0.500000
45869 -39.943 -25.601 -25.524 0.500000
45870 -40.250 -26.092 -26.186 0.500000
45879 -34.382 -26.934 -27.469 0.500000
45880 -40.455 -25.670 -26.851 0.600000
45883 -32.895 -25.540 -27.402 0.500000
45884 -35.066 -26.596 -27.720 0.500000
45885 -35.738 -26.314 -28.177 0.500000
45886 -36.398 -26.766 -28.402 0.500000
45887 -36.479 -25.762 -28.365 0.500000
45888 -41.137 -26.373 -28.008 0.600000
45889 -40.840 -25.620 -27.651 0.600000
45890 -37.243 -26.288 -28.513 0.500000
45891 -38.024 -25.896 -28.722 0.600000
45892 -38.603 -26.329 -29.223 0.600000
45893 -42.817 -25.857 -29.255 0.700000
45894 -43.509 -26.412 -29.807 0.700000
45895 -39.337 -25.835 -29.612 0.600000
45896 -40.097 -25.466 -30.096 0.600000
45897 -40.716 -26.119 -30.658 0.600000
45898 -43.875 -25.468 -30.320 0.600000
45899 -43.995 -26.272 -30.925 0.600000
45900 -41.635 -25.521 -31.149 0.600000
45901 -42.351 -25.907 -31.440 0.600000
45902 -43.833 -26.139 -31.152 0.600000
45903 -43.190 -25.976 -31.439 0.600000
46539 -40.580 -25.256 -21.074 0.500000
46540 -41.094 -25.602 -20.618 0.500000
46541 -41.864 -25.137 -20.399 0.300000
46542 -42.863 -24.813 -20.376 0.400000
46543 -43.539 -25.472 -20.699 0.400000
46544 -44.237 -25.207 -21.225 0.500000
46549 -40.232 -24.937 -21.712 0.500000
46550 -44.768 -24.815 -21.887 0.500000
46556 -39.788 -25.347 -23.619 0.500000
46557 -40.023 -25.364 -22.600 0.500000
46558 -45.146 -25.210 -22.546 0.400000
46559 -45.538 -25.557 -23.218 0.300000
46560 -45.839 -24.868 -22.820 0.400000
46561 -46.351 -25.316 -23.392 0.300000
46562 -46.611 -24.738 -22.743 0.400000
46563 -47.465 -24.910 -22.897 0.300000
46577 -39.663 -25.372 -24.329 0.500000
46578 -48.112 -25.517 -23.463 0.300000
46588 -39.588 -25.033 -24.975 0.500000
46596 -39.960 -24.705 -25.714 0.500000
46597 -40.275 -25.235 -26.284 0.500000
46606 -40.634 -24.889 -27.176 0.500000
46608 -33.266 -24.859 -27.674 0.500000
46609 -34.506 -24.972 -27.759 0.400000
46610 -35.608 -25.104 -28.099 0.500000
46611 -41.341 -24.697 -28.043 0.500000
46612 -37.464 -25.212 -28.452 0.500000
46613 -38.284 -24.612 -28.640 0.500000
46614 -38.820 -25.313 -28.875 0.600000
46615 -42.230 -24.544 -28.666 0.700000
46616 -43.066 -24.727 -29.418 0.600000
46617 -43.719 -24.545 -30.150 0.600000
46618 -39.615 -24.899 -29.508 0.600000
46619 -40.417 -24.516 -30.061 0.600000
46620 -40.893 -25.057 -30.653 0.600000
46621 -43.822 -24.878 -30.489 0.600000
46622 -43.873 -25.421 -30.768 0.600000
46623 -41.950 -24.648 -30.866 0.600000
46624 -42.880 -25.132 -31.255 0.600000
46625 -43.680 -25.428 -31.108 0.600000
46626 -43.705 -24.869 -30.742 0.600000
47267 -40.687 -23.913 -20.917 0.500000
47268 -41.035 -24.578 -20.625 0.400000
47269 -41.964 -24.113 -20.218 0.400000
47270 -43.067 -23.942 -20.183 0.500000
47271 -43.894 -23.482 -20.380 0.500000
47272 -44.530 -23.793 -20.986 0.500000
47278 -40.406 -23.839 -21.548 0.400000
47279 -45.011 -24.092 -21.615 0.500000
47280 -45.450 -24.522 -22.179 0.400000
47281 -45.932 -23.800 -21.738 0.400000
47282 -46.278 -24.340 -22.320 0.400000
47285 -40.048 -24.595 -23.224 0.500000
47286 -40.132 -24.338 -22.241 0.500000
47287 -47.981 -24.124 -22.445 0.300000
47296 -39.835 -24.601 -24.160 0.500000
47297 -40.178 -23.721 -23.086 0.500000
47309 -39.868 -24.037 -25.091 0.500000
47319 -40.011 -23.880 -25.972 0.500000
47323 -40.604 -23.306 -26.648 0.500000
47324 -32.461 -23.909 -27.724 0.400000
47325 -33.731 -24.089 -27.880 0.500000
47326 -34.866 -24.218 -28.291 0.500000
47327 -34.223 -23.425 -28.324 0.500000
47328 -42.246 -23.812 -28.424 0.700000
47329 -42.559 -22.887 -28.163 0.600000
47330 -43.089 -23.145 -28.894 0.600000
47331 -35.785 -24.101 -28.306 0.500000
47332 -37.380 -24.047 -28.596 0.500000
47333 -38.338 -23.585 -29.018 0.500000
47334 -39.113 -24.310 -29.052 0.600000
47335 -42.863 -23.943 -29.059 0.600000
47336 -43.285 -23.814 -29.588 0.600000
47337 -39.936 -23.977 -29.614 0.600000
47338 -40.921 -23.591 -30.121 0.600000
47339 -41.359 -24.165 -30.477 0.600000
47340 -43.557 -24.322 -30.166 0.600000
47341 -43.028 -24.375 -30.617 0.600000
47995 -41.131 -23.608 -20.519 0.400000
47996 -43.088 -22.483 -19.710 0.400000
47997 -43.871 -22.526 -20.095 0.500000
47998 -45.204 -23.335 -21.307 0.500000
47999 -44.609 -22.963 -20.698 0.500000
48006 -40.350 -23.110 -21.754 0.400000
48007 -46.008 -22.944 -21.443 0.400000
48008 -47.366 -23.652 -22.171 0.300000
48009 -46.723 -23.299 -21.783 0.400000
48010 -47.460 -22.838 -22.033 0.300000
48014 -40.275 -22.771 -22.570 0.400000
48015 -48.151 -23.223 -22.380 0.300000
48023 -40.150 -23.645 -24.128 0.500000
48024 -40.274 -22.843 -23.616 0.500000
48035 -40.167 -23.175 -24.927 0.500000
48041 -40.940 -22.271 -26.523 0.500000
48043 -41.794 -22.606 -27.350 0.700000
48044 -32.821 -23.211 -28.163 0.400000
48045 -31.914 -22.463 -28.014 0.500000
48046 -43.033 -21.953 -27.937 0.600000
48047 -43.062 -22.402 -28.519 0.600000
48048 -43.086 -22.797 -28.945 0.600000
48049 -33.720 -22.679 -28.459 0.600000
48050 -34.907 -22.790 -28.533 0.400000
48051 -37.914 -22.720 -28.951 0.600000
48052 -38.864 -22.728 -29.317 0.600000
48053 -40.350 -23.064 -29.780 0.600000
48054 -42.065 -23.439 -30.189 0.600000
48055 -41.573 -22.834 -29.780 0.600000
48056 -42.985 -23.684 -30.134 0.600000
48057 -42.760 -22.921 -29.493 0.600000
48754 -42.515 -22.052 -19.728 0.400000
48773 -40.618 -21.696 -21.211 0.400000
48774 -41.170 -22.782 -20.455 0.400000
48775 -41.766 -21.525 -20.158 0.400000
48776 -43.344 -21.841 -19.762 0.400000
48777 -44.664 -22.060 -20.545 0.500000
48778 -45.321 -22.512 -21.053 0.500000
48790 -46.075 -22.090 -21.339 0.400000
48791 -46.869 -21.635 -21.657 0.400000
48797 -40.397 -22.016 -23.318 0.400000
48804 -40.521 -22.110 -24.270 0.500000
48813 -40.593 -22.278 -25.335 0.500000
48819 -41.453 -21.218 -26.281 0.600000
48823 -42.244 -21.626 -27.173 0.600000
48825 -43.121 -21.911 -28.471 0.600000
48826 -32.231 -21.885 -28.307 0.400000
48827 -31.714 -21.778 -28.051 0.500000
48828 -33.283 -21.971 -28.495 0.600000
48829 -33.844 -21.274 -28.584 0.300000
48830 -34.344 -22.004 -28.596 0.400000
48831 -35.977 -21.671 -28.558 0.500000
48832 -37.871 -21.761 -28.830 0.600000
48833 -39.411 -22.013 -29.406 0.600000
48834 -38.823 -21.504 -29.080 0.600000
48835 -39.995 -21.497 -28.954 0.600000
48836 -43.010 -22.069 -28.843 0.600000
48837 -32.838 -21.247 -28.461 0.400000
48838 -40.684 -22.165 -29.490 0.600000
48839 -42.232 -22.109 -29.296 0.600000
49542 -40.650 -20.989 -21.213 0.400000
49543 -41.002 -21.541 -20.717 0.400000
49544 -42.119 -20.653 -20.179 0.400000
49545 -42.722 -21.249 -19.868 0.400000
49546 -43.652 -21.076 -20.016 0.400000
49547 -44.609 -21.074 -20.465 0.500000
49548 -45.400 -21.600 -20.912 0.500000
49563 -40.374 -21.394 -21.756 0.400000
49564 -46.131 -21.208 -21.368 0.500000
49565 -47.143 -20.922 -21.981 0.300000
49566 -47.640 -21.438 -22.225 0.300000
49572 -40.260 -21.203 -23.109 0.400000
49581 -40.488 -21.323 -24.069 0.500000
49587 -40.710 -21.315 -25.152 0.500000
49592 -42.320 -21.017 -26.950 0.600000
49593 -42.144 -20.473 -26.534 0.600000
49594 -42.433 -20.515 -26.979 0.600000
49595 -31.776 -21.158 -27.941 0.500000
49600 -42.892 -21.254 -27.681 0.700000
49601 -42.714 -20.939 -27.471 0.600000
49602 -42.944 -21.181 -27.799 0.600000
49603 -31.730 -21.353 -28.000 0.500000
49605 -42.940 -21.189 -28.079 0.600000
49606 -31.993 -21.018 -28.151 0.500000
49607 -34.214 -20.521 -28.595 0.500000
49608 -34.979 -21.236 -28.650 0.500000
49609 -35.986 -20.790 -28.572 0.400000
49610 -37.348 -21.057 -28.714 0.600000
49611 -38.155 -21.002 -28.857 0.600000
49612 -38.987 -21.011 -28.614 0.600000
49613 -39.989 -21.105 -27.942 0.600000
49614 -41.510 -21.541 -28.931 0.600000
49615 -42.125 -20.977 -28.361 0.600000
49616 -42.736 -21.570 -28.670 0.600000
49617 -32.525 -20.590 -28.467 0.400000
49618 -33.259 -20.587 -28.592 0.300000
50232 -40.583 -20.137 -21.160 0.400000
50233 -41.260 -20.675 -20.661 0.400000
50234 -41.732 -20.099 -20.432 0.400000
50235 -43.974 -20.235 -20.347 0.400000
50236 -44.583 -19.615 -20.769 0.400000
50237 -45.312 -19.833 -21.093 0.500000
50252 -40.213 -20.500 -21.844 0.400000
50253 -45.928 -20.129 -21.453 0.400000
50254 -46.444 -19.778 -22.082 0.300000
50261 -40.160 -20.476 -22.765 0.400000
50262 -47.128 -20.213 -22.389 0.300000
50263 -47.827 -19.908 -23.039 0.300000
50270 -40.344 -20.459 -23.855 0.500000
50278 -40.749 -19.922 -24.992 0.500000
50282 -41.776 -19.409 -25.752 0.600000
50283 -42.120 -19.921 -26.389 0.600000
50288 -42.607 -20.876 -27.433 0.600000
50289 -42.183 -19.942 -26.800 0.600000
50291 -41.228 -20.408 -27.920 0.600000
50292 -40.047 -20.339 -27.586 0.600000
50293 -40.785 -19.650 -27.400 0.600000
50294 -42.144 -20.550 -27.842 0.600000
50295 -41.505 -19.271 -26.944 0.600000
50297 -34.457 -19.726 -28.505 0.300000
50298 -35.243 -20.305 -28.526 0.300000
50299 -36.186 -20.038 -28.456 0.400000
50300 -37.591 -20.457 -28.575 0.600000
50301 -39.046 -20.383 -27.800 0.600000
50303 -32.629 -19.970 -28.634 0.300000
50304 -33.474 -19.885 -28.648 0.300000
51000 -40.561 -19.225 -21.250 0.400000
51001 -41.350 -18.962 -20.782 0.400000
51002 -42.165 -18.814 -20.600 0.400000
51003 -42.861 -19.224 -20.456 0.400000
51004 -43.788 -19.424 -20.527 0.400000
51005 -44.340 -18.917 -20.899 0.400000
51014 -40.036 -19.055 -21.895 0.500000
51015 -45.057 -19.121 -21.310 0.400000
51016 -45.753 -19.396 -21.726 0.400000
51032 -39.972 -18.934 -22.550 0.500000
51033 -47.111 -19.407 -22.785 0.300000
51035 -47.396 -18.805 -23.399 0.300000
51051 -40.908 -19.056 -25.074 0.600000
51057 -41.705 -18.613 -25.735 0.600000
51058 -42.025 -19.155 -26.153 0.600000
51063 -39.590 -19.594 -27.259 0.600000
51064 -38.607 -19.373 -27.409 0.600000
51065 -39.135 -18.786 -26.798 0.500000
51066 -40.438 -18.863 -26.934 0.500000
51068 -34.706 -18.874 -28.361 0.300000
51069 -36.428 -19.246 -28.353 0.400000
51070 -37.301 -19.044 -28.238 0.500000
51071 -37.950 -18.935 -27.874 0.500000
51073 -32.783 -19.291 -28.652 0.300000
51074 -33.683 -19.106 -28.588 0.300000
51749 -40.852 -18.377 -21.127 0.400000
51750 -41.795 -18.134 -20.825 0.400000
51751 -42.967 -18.307 -20.713 0.400000
51752 -42.573 -17.606 -20.947 0.300000
51753 -43.620 -18.807 -20.660 0.400000
51759 -40.484 -17.755 -21.637 0.400000
51760 -41.097 -17.705 -21.126 0.400000
51761 -44.005 -18.236 -20.919 0.400000
51762 -44.760 -18.393 -21.408 0.300000
51763 -46.312 -18.946 -22.426 0.300000
51764 -45.495 -18.611 -21.913 0.300000
51780 -40.181 -17.640 -23.094 0.400000
51781 -45.932 -18.118 -22.564 0.300000
51782 -46.660 -18.426 -23.030 0.300000
51791 -40.418 -17.899 -24.142 0.600000
51802 -41.080 -18.200 -25.075 0.500000
51813 -41.432 -17.831 -25.698 0.600000
51814 -41.715 -18.340 -26.038 0.600000
51818 -39.873 -18.056 -26.680 0.500000
51819 -40.470 -17.491 -26.449 0.500000
51820 -41.090 -18.216 -26.465 0.500000
51821 -41.174 -17.430 -26.118 0.500000
51824 -38.302 -18.497 -27.190 0.500000
51825 -37.527 -18.218 -27.773 0.400000
51826 -38.135 -17.671 -27.231 0.500000
51827 -38.847 -17.960 -26.699 0.500000
51829 -33.849 -18.226 -28.528 0.300000
51830 -32.948 -17.671 -28.452 0.300000
51831 -34.920 -17.981 -28.293 0.300000
51832 -36.012 -17.758 -28.173 0.300000
51833 -36.873 -17.812 -27.910 0.400000
52518 -40.925 -17.068 -21.410 0.400000
52519 -41.760 -17.290 -21.121 0.300000
52520 -42.671 -16.891 -21.236 0.300000
52521 -43.583 -16.592 -21.553 0.300000
52522 -45.128 -17.694 -21.970 0.300000
52523 -44.329 -17.111 -21.764 0.300000
52538 -40.131 -16.746 -22.835 0.400000
52539 -44.897 -16.838 -22.424 0.300000
52540 -46.386 -17.706 -23.256 0.300000
52541 -45.622 -17.318 -22.826 0.300000
52553 -40.241 -17.003 -24.116 0.400000
52555 -46.821 -17.378 -24.008 0.300000
52560 -40.795 -16.674 -25.117 0.400000
52572 -40.705 -16.465 -25.618 0.300000
52579 -39.536 -17.178 -26.588 0.400000
52580 -38.891 -16.610 -26.719 0.300000
52581 -40.367 -16.854 -26.283 0.400000
52583 -37.403 -17.295 -27.629 0.400000
52584 -36.700 -16.661 -27.798 0.400000
52585 -38.229 -16.863 -27.263 0.400000
52587 -33.968 -17.213 -28.517 0.300000
52588 -35.088 -17.110 -28.397 0.400000
52589 -35.928 -16.901 -28.144 0.400000
52590 -32.853 -16.716 -28.461 0.300000
53309 -40.263 -16.129 -22.186 0.400000
53310 -40.738 -16.439 -21.683 0.400000
53311 -41.622 -16.395 -21.350 0.400000
53312 -42.752 -16.016 -21.410 0.300000
53314 -44.274 -16.306 -22.036 0.300000
53328 -39.909 -15.800 -23.000 0.400000
53330 -45.337 -16.541 -23.174 0.300000
53346 -40.176 -15.590 -24.017 0.400000
53354 -40.659 -15.955 -25.021 0.400000
53363 -40.374 -15.716 -25.486 0.300000
53372 -38.864 -15.355 -26.657 0.300000
53373 -39.579 -16.403 -26.410 0.300000
53377 -36.759 -15.840 -27.749 0.400000
53378 -37.536 -16.371 -27.503 0.300000
53379 -38.373 -16.004 -27.045 0.300000
53382 -34.423 -15.969 -28.576 0.300000
53384 -35.950 -16.106 -28.167 0.400000
54109 -40.232 -15.229 -22.380 0.300000
54110 -41.045 -14.836 -21.793 0.300000
54111 -41.844 -15.446 -21.449 0.300000
54125 -39.828 -15.031 -23.156 0.300000
54142 -40.257 -14.857 -23.935 0.300000
54154 -40.580 -15.094 -24.885 0.300000
54165 -40.213 -14.702 -25.592 0.300000
54173 -39.335 -14.714 -26.384 0.300000
54174 -39.751 -15.285 -25.918 0.300000
54182 -37.566 -15.531 -27.425 0.300000
54858 -40.692 -14.057 -22.201 0.300000
54859 -41.582 -14.150 -21.717 0.300000
54869 -40.102 -13.699 -22.836 0.300000
54870 -40.646 -13.145 -22.469 0.300000
54871 -42.960 -13.545 -22.080 0.300000
54887 -40.165 -13.589 -23.700 0.300000
54895 -40.483 -13.585 -25.016 0.300000
54901 -40.398 -13.646 -26.242 0.300000
54911 -38.874 -14.335 -26.712 0.300000
54912 -39.757 -13.440 -26.685 0.300000
54913 -39.931 -14.079 -26.260 0.300000
54919 -38.053 -13.581 -27.275 0.300000
54920 -39.083 -13.473 -26.886 0.300000
55574 -41.362 -13.471 -21.967 0.300000
55585 -40.142 -12.765 -23.159 0.300000
55586 -41.323 -12.829 -22.234 0.300000
55587 -42.777 -12.702 -22.421 0.300000
55600 -40.266 -12.958 -24.099 0.300000
55612 -40.469 -12.779 -25.136 0.300000
55621 -40.650 -12.674 -26.329 0.300000
55632 -40.919 -13.093 -27.352 0.300000
55633 -41.023 -13.282 -27.358 0.300000
55639 -36.591 -12.879 -27.648 0.300000
55640 -37.830 -12.817 -27.427 0.300000
55641 -39.943 -12.928 -26.803 0.300000
55645 -34.492 -12.777 -28.534 0.300000
55646 -35.609 -12.995 -28.157 0.300000
55648 -33.212 -13.015 -28.586 0.300000
56284 -40.360 -11.954 -23.255 0.300000
56285 -41.900 -12.378 -22.359 0.300000
56286 -42.560 -12.088 -22.608 0.300000
56287 -43.326 -12.240 -22.946 0.300000
56297 -40.216 -12.161 -24.058 0.300000
56298 -43.961 -11.893 -23.602 0.300000
56310 -40.485 -12.032 -25.361 0.300000
56318 -40.661 -12.000 -26.493 0.300000
56325 -40.516 -12.387 -26.696 0.300000
56331 -35.992 -12.169 -27.761 0.300000
56332 -35.419 -11.537 -28.144 0.300000
56333 -36.990 -12.013 -27.534 0.300000
56334 -39.336 -11.910 -27.270 0.300000
56335 -40.336 -11.968 -27.008 0.300000
56340 -33.446 -12.194 -28.647 0.300000
56341 -34.529 -11.859 -28.517 0.300000
56982 -40.769 -11.264 -23.089 0.300000
56983 -41.914 -11.581 -22.581 0.300000
56984 -42.835 -11.545 -22.809 0.300000
56985 -42.443 -10.835 -22.831 0.300000
56992 -40.247 -10.800 -23.775 0.300000
56993 -40.964 -10.292 -23.354 0.300000
56994 -43.392 -11.035 -23.341 0.300000
56995 -44.238 -11.077 -24.107 0.300000
57005 -40.467 -11.301 -25.635 0.300000
57016 -40.715 -11.193 -26.689 0.300000
57037 -38.564 -11.090 -27.460 0.300000
57645 -41.550 -10.880 -22.799 0.300000
57653 -40.100 -9.953 -23.975 0.300000
57654 -41.973 -10.140 -23.048 0.300000
57655 -42.873 -10.151 -23.359 0.300000
57656 -43.734 -10.268 -23.926 0.300000
57657 -43.219 -9.484 -23.857 0.300000
57668 -43.924 -9.650 -24.382 0.300000
57669 -44.527 -10.286 -24.690 0.300000
58355 -40.347 -9.169 -24.398 0.300000
58356 -40.851 -9.393 -23.729 0.300000
58357 -41.536 -9.011 -23.604 0.300000
58358 -42.293 -9.336 -23.489 0.300000
58359 -41.943 -8.388 -23.777 0.300000
58368 -42.762 -8.798 -23.871 0.300000
58369 -43.567 -8.860 -24.488 0.300000
58370 -44.477 -9.348 -24.955 0.300000
58381 -44.772 -9.108 -25.818 0.300000
59075 -41.327 -7.817 -24.236 0.300000
59076 -42.747 -8.148 -24.236 0.300000
59077 -44.251 -8.560 -25.246 0.300000
59078 -43.565 -7.968 -24.815 0.300000
59090 -44.136 -7.884 -25.465 0.300000
59091 -45.189 -8.826 -26.433 0.300000
88857 -44.389 -17.780 -21.426 0.300000
88891 -45.758 -55.488 -25.182 0.300000
89153 -35.478 -19.485 -28.369 0.300000
89159 -31.707 -46.378 -22.607 0.400000
89167 -40.319 -23.169 -25.734 0.500000
89370 -36.546 -24.668 -28.337 0.500000
89400 -40.988 -48.346 -22.492 0.300000
89428 -45.170 -39.224 -27.778 0.400000
89520 -37.059 -19.833 -28.493 0.500000
89546 -41.086 -27.417 -30.570 0.600000
89976 -40.386 -24.309 -26.548 0.500000
90062 -42.794 -54.741 -23.475 0.400000
90359 -39.549 -27.330 -29.529 0.600000
90514 -45.761 -56.977 -26.207 0.300000
90522 -43.134 -23.646 -29.565 0.600000
90545 -45.347 -38.776 -26.779 0.400000
90576 -44.771 -51.711 -24.500 0.400000
90692 -37.991 -19.763 -28.253 0.600000
90722 -41.739 -39.453 -22.738 0.500000
90870 -40.992 -17.412 -25.085 0.500000
90949 -36.853 -50.469 -25.402 0.600000
90983 -36.683 -18.446 -28.171 0.400000
91079 -38.756 -48.208 -25.688 0.600000
91085 -40.125 -18.448 -23.198 0.400000
91130 -40.117 -28.483 -22.374 0.500000
91136 -39.998 -14.334 -23.342 0.300000
91137 -40.087 -18.261 -22.268 0.400000
91149 -40.352 -27.522 -21.570 0.500000
91262 -32.936 -48.264 -26.544 0.500000
91307 -43.134 -52.196 -25.542 0.400000
91324 -32.341 -49.637 -26.392 0.400000
91355 -35.038 -47.565 -26.494 0.500000
91367 -40.091 -19.216 -23.238 0.500000
91436 -34.085 -44.759 -26.164 0.500000
91442 -35.545 -43.683 -26.408 0.500000
91548 -36.491 -43.457 -26.653 0.500000
91645 -36.805 -20.528 -28.591 0.600000
91671 -45.696 -57.171 -26.184 0.400000
91690 -41.139 -35.466 -22.250 0.500000
91710 -40.615 -20.689 -24.817 0.500000
91811 -31.373 -47.203 -22.519 0.500000
91817 -45.709 -56.122 -25.232 0.400000
91892 -40.476 -52.867 -24.751 0.400000
91980 -38.574 -22.101 -29.181 0.600000
92012 -34.087 -25.939 -27.568 0.500000
92025 -45.705 -36.839 -24.443 0.400000
92070 -38.413 -39.732 -22.704 0.700000
92122 -31.790 -49.615 -22.182 0.500000
92236 -39.658 -55.870 -23.692 0.300000
92274 -35.790 -40.637 -26.254 0.700000
92278 -47.782 -20.661 -22.622 0.300000
92306 -40.335 -59.383 -25.744 0.300000
92339 -38.923 -12.540 -27.196 0.300000
92368 -41.943 -26.347 -28.544 0.700000
92373 -32.916 -44.233 -24.776 0.400000
92529 -33.770 -42.602 -23.473 0.500000
92570 -36.609 -17.300 -27.903 0.400000
92574 -35.738 -18.645 -28.275 0.300000
92664 -37.340 -27.320 -28.026 0.600000
92673 -43.861 -45.911 -24.979 0.400000
92712 -40.365 -14.308 -24.365 0.300000
92751 -42.875 -57.980 -25.680 0.400000
92944 -40.895 -13.142 -27.217 0.300000
92958 -33.678 -47.524 -26.571 0.500000
93011 -41.405 -31.543 -24.552 0.600000
93016 -38.566 -33.643 -26.476 0.800000
93100 -40.953 -21.091 -28.466 0.600000
93105 -40.225 -11.375 -24.466 0.300000
93127 -41.435 -38.846 -22.437 0.500000
93191 -42.839 -27.385 -31.633 0.600000
93228 -34.975 -39.222 -24.432 0.500000
93264 -39.237 -29.940 -26.311 0.700000
93303 -41.246 -34.192 -22.996 0.500000
93307 -47.778 -30.435 -25.757 0.300000
93314 -38.153 -11.884 -27.424 0.300000
93357 -38.612 -38.841 -25.786 0.700000
93435 -43.007 -20.475 -20.061 0.400000
93442 -41.273 -32.456 -21.402 0.500000
93503 -44.338 -44.495 -26.494 0.400000
93524 -40.029 -16.283 -23.669 0.400000
93589 -43.870 -24.465 -20.662 0.500000
93660 -40.382 -19.562 -24.087 0.500000
93692 -34.461 -16.568 -28.521 0.300000
93694 -43.475 -28.527 -28.860 0.700000
93760 -39.321 -38.622 -22.620 0.700000
93935 -45.512 -31.392 -21.818 0.300000
93966 -32.703 -44.430 -22.996 0.500000
94016 -41.202 -23.756 -27.559 0.600000
94049 -39.191 -44.333 -26.989 0.600000
94080 -35.942 -23.193 -28.351 0.400000
94089 -42.227 -51.706 -22.514 0.300000
94090 -37.304 -33.594 -25.377 0.700000
94131 -44.250 -28.859 -31.003 0.600000
94132 -38.895 -37.149 -28.134 0.700000
94133 -40.627 -11.365 -27.024 0.300000
94150 -44.980 -41.543 -28.293 0.300000
94199 -40.324 -47.250 -21.441 0.300000
94201 -43.912 -56.856 -24.583 0.400000
94247 -43.222 -33.564 -20.584 0.400000
94315 -36.925 -21.728 -28.611 0.500000
94391 -36.461 -22.440 -28.498 0.500000
94451 -41.718 -56.884 -24.647 0.400000
94566 -40.424 -18.725 -24.138 0.500000
94630 -44.968 -32.438 -21.512 0.400000
94730 -36.120 -50.174 -26.184 0.500000
94994 -44.577 -52.851 -25.370 0.400000
95014 -46.636 -33.446 -24.235 0.400000
95118 -35.284 -12.271 -28.318 0.300000
95206 -41.390 -52.625 -22.276 0.300000
95251 -35.705 -51.378 -26.918 0.400000
95328 -40.523 -40.455 -22.582 0.600000
95341 -40.326 -36.570 -22.636 0.600000
95414 -40.227 -23.553 -22.225 0.500000
95454 -45.760 -35.626 -23.394 0.400000
95492 -40.160 -16.245 -25.986 0.300000
95553 -40.888 -15.727 -21.723 0.400000
95629 -43.318 -39.967 -24.901 0.400000
95638 -36.697 -42.669 -26.650 0.500000
95665 -41.792 -25.487 -28.496 0.700000
95670 -43.527 -38.082 -22.046 0.500000
95767 -41.561 -49.633 -22.849 0.300000
95787 -46.110 -57.925 -27.767 0.400000
95835 -36.692 -45.435 -26.630 0.500000
95897 -43.544 -51.335 -26.457 0.400000
95948 -40.690 -30.467 -28.368 0.700000
96076 -35.687 -37.502 -26.061 0.600000
96100 -42.169 -28.378 -20.695 0.400000
96101 -42.477 -30.604 -20.622 0.500000
96177 -45.712 -33.626 -22.530 0.400000
96244 -44.615 -26.483 -22.100 0.300000
96295 -47.691 -32.617 -27.043 0.300000
96341 -40.393 -56.516 -24.299 0.300000
96352 -37.132 -13.467 -27.543 0.300000
96480 -35.144 -23.577 -28.464 0.500000
96493 -44.074 -27.356 -21.454 0.300000
96546 -38.817 -40.586 -27.301 0.700000
96571 -41.154 -19.765 -20.746 0.400000
96572 -43.173 -23.146 -19.876 0.500000
96597 -41.449 -20.358 -25.763 0.600000
96611 -37.240 -35.915 -26.724 0.700000
96652 -39.064 -40.959 -26.164 0.800000
96709 -44.026 -48.445 -27.885 0.500000
96767 -41.402 -30.469 -24.890 0.500000
96773 -43.546 -17.487 -21.177 0.300000
96903 -38.591 -48.980 -25.469 0.600000
96934 -42.652 -35.727 -21.084 0.500000
96963 -44.032 -35.162 -21.048 0.400000
96998 -41.320 -54.590 -23.266 0.300000
97013 -45.481 -20.667 -20.993 0.500000
97040 -33.535 -26.470 -27.293 0.400000
97060 -40.695 -13.383 -27.392 0.300000
97092 -41.102 -17.097 -25.672 0.400000
97094 -40.610 -30.286 -23.742 0.500000
97145 -41.911 -19.468 -20.485 0.400000
97189 -42.361 -46.883 -18.493 0.300000
97209 -40.301 -22.797 -24.433 0.500000
97223 -39.868 -26.263 -30.105 0.600000
97357 -39.427 -15.686 -26.315 0.300000
97492 -37.070 -46.630 -26.291 0.600000
97503 -40.153 -10.614 -24.676 0.300000
97505 -34.850 -40.649 -24.714 0.400000
97558 -41.736 -19.888 -27.378 0.600000
97567 -42.343 -45.105 -24.414 0.400000
97603 -38.243 -15.102 -27.069 0.300000
97610 -46.779 -22.505 -21.642 0.400000
97624 -41.810 -54.516 -25.377 0.300000
97700 -35.280 -35.521 -25.243 0.600000
97721 -42.305 -46.178 -22.932 0.300000
97727 -38.623 -37.320 -24.626 0.600000
97742 -35.704 -22.446 -28.492 0.400000
97771 -40.409 -28.796 -24.302 0.500000
97850 -39.359 -23.402 -29.434 0.600000
97903 -47.228 -36.666 -26.877 0.300000
97928 -45.800 -45.519 -26.365 0.400000
97942 -41.545 -9.648 -23.411 0.300000
97976 -41.485 -42.130 -23.728 0.400000
97994 -32.907 -18.547 -28.584 0.300000
98092 -42.083 -13.051 -22.028 0.300000
98120 -40.884 -12.134 -22.607 0.300000
98141 -38.133 -14.268 -27.129 0.300000
98147 -39.070 -50.213 -19.133 0.300000
98179 -38.314 -20.524 -28.458 0.600000
98243 -47.385 -39.267 -29.310 0.300000
98388 -39.108 -53.436 -24.834 0.400000
98403 -36.997 -23.143 -28.558 0.500000
98439 -41.775 -22.414 -20.010 0.400000
98446 -44.065 -21.705 -20.119 0.500000
98631 -39.567 -48.148 -19.535 0.300000
98673 -37.219 -22.367 -28.647 0.500000
98812 -42.644 -41.114 -24.893 0.400000
98885 -36.525 -46.056 -26.575 0.500000
98947 -41.797 -32.460 -25.328 0.600000
99015 -38.917 -45.342 -24.073 0.700000
99051 -41.002 -13.788 -27.786 0.300000
99067 -33.163 -47.201 -23.821 0.300000
99110 -43.199 -30.734 -27.603 0.600000
99121 -37.710 -41.423 -24.080 0.700000
99326 -40.054 -19.683 -22.412 0.500000
99398 -43.091 -21.467 -28.112 0.600000
99417 -40.314 -43.299 -22.839 0.600000
99436 -44.178 -29.788 -31.385 0.600000
99480 -43.231 -26.781 -20.696 0.400000
99490 -37.738 -41.710 -23.415 0.700000
99497 -39.324 -39.135 -26.699 0.700000
99509 -42.564 -30.918 -30.901 0.700000
99586 -45.212 -28.290 -22.834 0.300000
99634 -40.416 -16.259 -24.437 0.400000
99710 -40.458 -14.302 -25.227 0.300000
99776 -40.601 -13.205 -26.084 0.300000
99789 -39.142 -13.141 -26.985 0.300000
99806 -37.980 -47.787 -25.618 0.600000
99917 -42.025 -7.731 -24.209 0.300000
99920 -43.286 -35.452 -20.886 0.500000
99947 -37.488 -51.640 -24.791 0.500000
99952 -32.276 -18.804 -28.494 0.400000
99970 -40.055 -14.502 -22.708 0.300000
99972 -40.277 -11.498 -23.673 0.300000
99973 -40.343 -18.541 -21.616 0.500000
100094 -39.961 -49.559 -21.395 0.300000
100100 -42.444 -19.948 -20.264 0.400000
100117 -45.193 -38.235 -25.170 0.400000
100293 -44.113 -54.120 -23.404 0.400000
100310 -44.499 -24.456 -21.271 0.500000
100338 -44.979 -51.518 -25.681 0.400000
100347 -40.903 -36.345 -27.452 0.600000
100443 -43.352 -34.284 -29.139 0.700000
100485 -45.339 -37.605 -24.394 0.400000
100505 -41.835 -35.576 -28.262 0.600000
100506 -40.065 -28.451 -23.652 0.500000
100609 -44.201 -56.376 -24.306 0.400000
100622 -40.695 -55.885 -26.857 0.300000
100662 -37.124 -14.207 -27.569 0.300000
100713 -39.395 -42.669 -22.481 0.600000
100866 -40.277 -42.262 -22.710 0.600000
100915 -43.099 -28.127 -20.747 0.400000
100920 -47.103 -24.297 -22.399 0.400000
100994 -43.804 -49.853 -24.858 0.300000
101081 -40.646 -45.947 -20.305 0.300000
101083 -47.590 -36.720 -27.419 0.300000
101295 -32.283 -47.371 -26.446 0.400000
101328 -40.200 -48.206 -26.165 0.700000
101419 -40.520 -24.483 -21.223 0.500000
101436 -45.590 -29.384 -22.722 0.300000
101824 -40.442 -22.303 -21.612 0.400000
101849 -40.174 -19.892 -23.234 0.500000
101926 -43.066 -21.652 -28.388 0.600000
101959 -45.409 -44.491 -26.345 0.400000
102004 -47.419 -35.177 -26.700 0.300000
102143 -45.237 -31.958 -21.621 0.300000
102185 -38.172 -40.532 -27.488 0.700000
102241 -41.767 -23.206 -20.088 0.400000
102296 -40.324 -21.799 -22.436 0.400000
102392 -40.260 -29.539 -22.786 0.500000
102477 -32.715 -22.485 -28.334 0.600000
102588 -41.199 -57.407 -24.961 0.400000
102624 -42.450 -22.811 -19.776 0.400000
102642 -39.026 -16.027 -26.573 0.300000
102752 -41.804 -18.950 -26.368 0.600000
102760 -38.695 -17.242 -26.852 0.300000
102824 -41.778 -30.881 -20.739 0.500000
102850 -40.398 -10.610 -25.744 0.300000
102877 -40.764 -22.252 -20.843 0.400000
102914 -39.732 -48.461 -18.452 0.300000
103152 -45.291 -35.717 -22.237 0.400000
103164 -36.522 -23.828 -28.403 0.400000
103172 -44.821 -20.269 -20.676 0.500000
103375 -39.000 -44.941 -26.791 0.600000
103486 -40.604 -23.109 -21.001 0.400000
103498 -37.001 -28.147 -26.245 0.500000
103506 -40.830 -16.780 -26.011 0.400000
103555 -36.597 -49.682 -25.721 0.500000
103589 -38.171 -25.262 -28.571 0.600000
103598 -34.160 -40.319 -23.457 0.300000
103670 -43.197 -19.845 -20.272 0.400000
104113 -39.705 -22.636 -29.575 0.600000
104123 -37.598 -45.207 -26.679 0.600000
104148 -42.287 -24.012 -30.478 0.600000
104183 -36.620 -21.105 -28.625 0.500000
104197 -32.379 -45.200 -26.218 0.500000
104438 -39.012 -39.600 -27.524 0.700000
104567 -37.832 -40.101 -22.976 0.700000
104620 -40.322 -16.915 -21.896 0.400000
104673 -40.210 -19.715 -21.665 0.400000
105052 -35.067 -25.760 -27.703 0.500000
105056 -47.433 -22.119 -21.927 0.300000
105199 -42.571 -43.717 -21.688 0.300000
105238 -35.839 -35.354 -25.590 0.700000
105308 -40.282 -27.283 -25.545 0.600000
105524 -45.663 -32.945 -22.470 0.400000
105560 -35.186 -22.028 -28.594 0.400000
105564 -37.524 -38.903 -27.403 0.700000
105784 -43.223 -45.384 -25.236 0.400000
105853 -40.486 -14.652 -22.254 0.300000
105944 -46.512 -20.576 -21.695 0.300000
105945 -39.231 -45.890 -24.843 0.700000
105970 -36.665 -33.604 -24.771 0.600000
105972 -40.203 -46.996 -19.410 0.300000
105994 -46.345 -37.338 -25.925 0.400000
106062 -42.052 -27.052 -31.351 0.600000
106085 -38.309 -37.849 -24.267 0.600000
106115 -42.931 -45.764 -23.364 0.300000
106175 -46.698 -23.903 -22.051 0.400000
106223 -47.811 -19.353 -23.359 0.300000
106239 -40.112 -24.164 -23.652 0.500000
106289 -43.038 -44.045 -20.026 0.300000
106341 -37.567 -14.839 -27.383 0.300000
106348 -43.733 -43.174 -20.762 0.300000
106442 -32.588 -48.124 -22.750 0.400000
106468 -41.219 -48.577 -26.451 0.600000
106469 -40.031 -32.446 -27.768 0.800000
106497 -43.668 -39.946 -25.679 0.400000
106647 -41.965 -14.733 -21.540 0.300000
106798 -43.739 -27.936 -21.142 0.400000
106875 -43.456 -39.428 -24.185 0.400000
106928 -35.138 -41.571 -25.569 0.500000
107017 -40.724 -46.121 -19.669 0.300000
107026 -42.920 -49.535 -28.013 0.500000
107036 -41.198 -36.640 -28.304 0.600000
107075 -40.214 -52.276 -21.455 0.300000
107077 -41.367 -34.497 -21.933 0.500000
107092 -42.111 -13.664 -21.767 0.300000
107197 -41.262 -22.102 -20.420 0.400000
107247 -43.963 -30.610 -20.925 0.400000
107400 -40.164 -17.459 -22.273 0.400000
107426 -37.635 -23.372 -28.798 0.500000
107459 -46.673 -21.101 -21.633 0.400000
107546 -43.356 -11.672 -23.147 0.300000
107832 -43.665 -58.751 -26.799 0.400000
107855 -46.980 -33.225 -24.698 0.400000
107880 -40.309 -24.407 -21.667 0.500000
107927 -45.775 -57.040 -25.777 0.400000
108073 -32.827 -51.912 -27.183 0.400000
108111 -35.932 -42.194 -26.270 0.500000
108177 -38.365 -30.653 -25.418 0.600000
108200 -47.009 -32.183 -24.784 0.400000
108238 -37.752 -39.530 -27.518 0.700000
108280 -41.355 -53.990 -25.138 0.300000
108343 -41.181 -13.267 -27.695 0.300000
108367 -40.235 -21.076 -22.357 0.400000
108388 -42.258 -45.747 -22.717 0.300000
108439 -39.673 -51.767 -20.869 0.300000
108744 -44.314 -26.889 -21.715 0.300000
108893 -42.462 -23.467 -19.958 0.400000
108917 -41.270 -11.439 -22.716 0.300000
109028 -41.303 -18.779 -26.694 0.600000
109106 -45.989 -20.642 -21.373 0.500000
109115 -41.511 -34.014 -26.492 0.600000
109147 -33.290 -46.051 -23.803 0.500000
