#!ascii label  , from subject OAS1_0001-3 vox2ras=TkReg 
1611
13289 -18.761 -69.065 -15.734 0.400000
14033 -17.649 -67.339 -16.052 0.400000
14035 -18.914 -67.716 -16.090 0.400000
14036 -18.376 -67.013 -16.097 0.400000
14056 -18.927 -66.817 -16.334 0.500000
14057 -19.284 -67.359 -16.686 0.400000
14058 -19.620 -68.119 -17.059 0.400000
14066 -19.757 -66.976 -17.352 0.400000
14076 -21.105 -66.622 -18.797 0.400000
14091 -20.926 -67.237 -19.997 0.400000
14092 -21.560 -66.714 -19.582 0.400000
14093 -21.521 -66.884 -20.402 0.400000
14109 -21.337 -66.873 -21.132 0.400000
14820 -16.982 -65.695 -16.349 0.300000
14821 -17.675 -66.368 -16.098 0.400000
14822 -18.575 -66.149 -16.294 0.400000
14823 -19.308 -66.226 -16.797 0.600000
14839 -20.092 -65.877 -17.442 0.500000
14840 -20.538 -66.544 -18.030 0.300000
14848 -21.758 -66.236 -19.015 0.500000
14849 -21.339 -65.951 -18.530 0.500000
14850 -21.989 -65.575 -18.917 0.500000
14858 -22.100 -66.557 -20.148 0.400000
14859 -22.334 -66.075 -19.568 0.500000
14860 -22.578 -66.133 -20.397 0.400000
14869 -22.065 -66.573 -20.867 0.400000
14870 -22.490 -66.006 -21.266 0.400000
14880 -21.700 -66.299 -21.592 0.400000
15588 -16.410 -65.201 -16.799 0.300000
15589 -18.009 -65.354 -16.458 0.300000
15590 -18.832 -65.495 -16.669 0.500000
15591 -18.645 -64.713 -16.948 0.500000
15605 -16.050 -64.711 -17.241 0.300000
15606 -19.439 -65.209 -17.131 0.600000
15607 -20.081 -64.837 -17.750 0.500000
15608 -20.712 -65.462 -18.124 0.500000
15622 -21.424 -65.047 -18.505 0.500000
15623 -22.603 -65.207 -19.330 0.500000
15624 -22.062 -64.724 -18.801 0.500000
15625 -22.670 -64.486 -19.046 0.500000
15635 -22.991 -65.519 -19.978 0.500000
15636 -23.291 -64.662 -19.645 0.500000
15637 -23.498 -64.931 -20.477 0.500000
15650 -23.059 -65.568 -20.775 0.400000
15651 -23.413 -64.993 -21.116 0.500000
15660 -22.902 -65.308 -21.532 0.400000
16366 -16.964 -64.429 -16.991 0.400000
16367 -17.810 -64.441 -16.862 0.500000
16378 -16.578 -63.933 -17.388 0.300000
16379 -18.359 -63.926 -17.456 0.500000
16380 -19.256 -64.314 -17.600 0.500000
16381 -19.773 -63.934 -18.256 0.400000
16392 -20.640 -64.436 -18.379 0.500000
16393 -21.292 -64.075 -18.623 0.500000
16394 -22.176 -63.854 -18.665 0.500000
16395 -23.075 -63.983 -18.934 0.500000
16408 -23.718 -63.807 -19.485 0.500000
16409 -23.930 -64.172 -20.301 0.500000
16419 -23.774 -64.401 -21.066 0.500000
16426 -22.699 -64.742 -22.069 0.400000
16427 -23.279 -64.561 -21.603 0.500000
17166 -16.965 -63.172 -17.650 0.400000
17167 -17.995 -63.143 -18.001 0.500000
17168 -17.271 -62.478 -18.153 0.400000
17169 -18.936 -63.532 -18.110 0.500000
17179 -18.807 -62.826 -18.432 0.600000
17180 -21.309 -63.245 -18.527 0.600000
17181 -22.158 -63.006 -18.407 0.500000
17182 -23.386 -63.343 -18.829 0.500000
17183 -22.912 -62.858 -18.390 0.500000
17184 -23.686 -62.757 -18.585 0.500000
17195 -24.282 -63.351 -20.074 0.500000
17196 -24.080 -63.118 -19.229 0.500000
17197 -24.582 -62.532 -19.797 0.500000
17206 -24.126 -63.468 -21.064 0.500000
17207 -24.392 -62.734 -20.638 0.500000
17211 -22.862 -63.807 -22.139 0.500000
17212 -23.408 -62.883 -21.885 0.500000
17224 -22.642 -62.872 -22.425 0.500000
18012 -22.448 -62.317 -17.988 0.600000
18013 -21.594 -62.412 -18.095 0.500000
18014 -22.079 -61.569 -17.571 0.600000
18015 -22.843 -61.741 -17.726 0.500000
18027 -17.471 -61.785 -18.434 0.300000
18028 -18.806 -62.045 -18.484 0.600000
18029 -19.621 -62.494 -18.499 0.600000
18030 -20.650 -62.517 -18.346 0.500000
18031 -23.227 -62.242 -18.092 0.600000
18032 -24.354 -62.607 -18.918 0.500000
18033 -24.008 -62.122 -18.380 0.500000
18034 -24.750 -61.953 -18.972 0.500000
18045 -24.974 -61.847 -20.046 0.500000
18053 -24.117 -62.361 -21.390 0.500000
18054 -24.603 -62.042 -20.823 0.500000
18060 -23.580 -61.726 -22.147 0.500000
18061 -24.326 -61.577 -21.625 0.500000
18086 -22.818 -62.202 -22.440 0.500000
18929 -21.099 -61.712 -17.774 0.600000
18930 -20.697 -60.926 -17.598 0.600000
18931 -22.157 -60.628 -17.298 0.600000
18932 -23.521 -61.566 -17.893 0.600000
18933 -22.978 -61.010 -17.458 0.600000
18934 -23.814 -60.902 -17.766 0.600000
18947 -19.367 -61.540 -18.301 0.600000
18948 -20.198 -61.675 -18.141 0.600000
18949 -24.287 -61.408 -18.243 0.600000
18950 -25.053 -61.134 -18.651 0.600000
18951 -25.769 -61.154 -19.291 0.500000
18961 -25.275 -61.563 -19.367 0.500000
18962 -25.547 -61.438 -20.222 0.500000
18973 -24.877 -61.439 -21.140 0.500000
18974 -25.467 -61.279 -21.204 0.500000
18998 -24.111 -61.159 -22.163 0.500000
18999 -24.874 -61.016 -21.816 0.500000
19007 -23.508 -61.172 -22.648 0.500000
19008 -24.095 -60.939 -22.465 0.600000
19009 -24.640 -60.840 -22.383 0.500000
19835 -19.046 -60.769 -18.059 0.600000
19836 -18.556 -59.920 -17.841 0.400000
19837 -19.465 -60.054 -17.669 0.600000
19838 -19.839 -60.843 -17.869 0.600000
19839 -20.327 -60.093 -17.496 0.600000
19840 -21.317 -60.137 -17.280 0.600000
19841 -22.825 -60.221 -17.331 0.600000
19842 -24.465 -60.728 -18.095 0.600000
19843 -23.497 -60.283 -17.525 0.600000
19857 -24.574 -60.074 -18.008 0.600000
19858 -26.292 -60.521 -19.286 0.600000
19859 -26.046 -59.652 -18.753 0.700000
19876 -26.183 -61.065 -19.901 0.500000
19877 -26.885 -60.624 -20.094 0.500000
19878 -26.838 -59.839 -19.295 0.600000
19879 -27.520 -59.757 -19.846 0.500000
19902 -26.223 -61.232 -20.659 0.500000
19903 -26.931 -60.843 -21.059 0.500000
19904 -27.628 -60.137 -20.655 0.500000
19911 -25.641 -60.948 -21.841 0.500000
19912 -26.745 -60.676 -21.951 0.600000
19913 -27.637 -59.998 -22.240 0.600000
19931 -23.555 -60.895 -23.152 0.500000
19932 -25.412 -60.698 -23.370 0.600000
19933 -26.138 -60.679 -22.698 0.600000
19934 -27.073 -60.108 -22.874 0.600000
19941 -23.868 -60.789 -24.268 0.600000
19942 -24.864 -60.528 -24.568 0.600000
19943 -25.759 -60.201 -24.574 0.600000
19944 -26.487 -60.324 -23.710 0.600000
19953 -24.021 -60.192 -25.257 0.500000
20700 -18.620 -58.822 -17.710 0.400000
20701 -19.192 -59.322 -17.617 0.500000
20702 -19.917 -59.277 -17.538 0.500000
20703 -20.785 -59.260 -17.350 0.600000
20704 -22.244 -59.702 -17.279 0.600000
20705 -23.212 -59.387 -17.493 0.600000
20706 -24.041 -58.883 -17.827 0.600000
20707 -24.660 -59.322 -18.072 0.600000
20722 -17.814 -59.162 -18.003 0.400000
20723 -25.366 -58.989 -18.416 0.600000
20724 -26.143 -58.699 -18.582 0.600000
20725 -26.684 -59.160 -18.873 0.700000
20726 -27.308 -59.110 -19.210 0.600000
20747 -27.869 -59.058 -19.664 0.700000
20757 -28.209 -59.667 -21.105 0.600000
20758 -28.121 -59.395 -20.370 0.600000
20759 -28.631 -58.814 -21.061 0.600000
20772 -28.343 -59.420 -21.937 0.600000
20780 -27.942 -59.317 -22.873 0.700000
20783 -24.851 -59.783 -25.272 0.600000
20784 -25.577 -59.298 -25.011 0.600000
20785 -26.459 -59.437 -24.437 0.600000
20786 -27.187 -59.439 -23.649 0.600000
21468 -18.771 -57.971 -17.711 0.400000
21469 -19.421 -58.469 -17.607 0.500000
21470 -20.332 -58.377 -17.603 0.500000
21471 -21.298 -58.445 -17.555 0.600000
21472 -22.341 -58.569 -17.557 0.600000
21473 -23.367 -58.312 -17.785 0.700000
21474 -22.789 -57.545 -17.973 0.600000
21483 -18.043 -58.078 -17.944 0.400000
21484 -24.067 -58.127 -18.045 0.700000
21485 -25.404 -58.126 -18.373 0.700000
21486 -26.353 -57.764 -18.350 0.700000
21487 -27.386 -57.685 -18.515 0.700000
21488 -27.884 -58.380 -19.104 0.800000
21501 -28.458 -58.649 -19.963 0.600000
21502 -28.668 -57.855 -19.557 0.800000
21503 -28.905 -57.915 -20.497 0.700000
21517 -28.771 -57.743 -21.407 0.600000
21530 -28.622 -58.460 -22.055 0.700000
21532 -27.626 -58.665 -23.477 0.700000
21533 -28.165 -58.249 -22.884 0.700000
21536 -25.896 -58.194 -24.835 0.600000
21537 -26.996 -58.518 -24.135 0.600000
21542 -24.472 -58.320 -25.478 0.500000
22202 -19.330 -57.607 -17.874 0.400000
22203 -20.181 -57.431 -18.060 0.600000
22204 -21.822 -57.509 -18.042 0.500000
22213 -18.541 -57.157 -18.393 0.300000
22214 -20.286 -56.443 -18.577 0.500000
22215 -21.042 -56.960 -18.315 0.500000
22216 -22.410 -56.900 -18.249 0.600000
22217 -23.090 -56.797 -18.114 0.600000
22218 -23.853 -57.005 -17.991 0.600000
22219 -25.456 -57.294 -18.104 0.700000
22220 -26.189 -56.997 -17.995 0.700000
22221 -26.935 -56.957 -18.155 0.800000
22222 -28.229 -57.479 -18.843 0.900000
22223 -27.796 -56.851 -18.356 0.800000
22224 -28.546 -56.687 -18.714 0.800000
22245 -29.250 -57.334 -20.002 0.800000
22246 -28.933 -57.074 -19.334 0.800000
22247 -29.374 -56.590 -19.919 0.800000
22260 -29.305 -56.981 -20.788 0.800000
22264 -28.685 -56.829 -21.685 0.700000
22268 -27.419 -57.793 -23.585 0.700000
22269 -26.768 -56.729 -23.509 0.700000
22270 -27.641 -57.219 -22.855 0.700000
22271 -28.389 -57.502 -22.253 0.700000
22275 -24.645 -57.074 -25.079 0.600000
22276 -24.133 -56.296 -25.198 0.400000
22277 -24.581 -56.212 -24.596 0.600000
22278 -25.676 -56.936 -24.562 0.600000
22879 -23.636 -56.370 -17.832 0.600000
22880 -24.262 -55.802 -17.530 0.600000
22881 -24.650 -56.669 -17.773 0.600000
22882 -25.234 -55.772 -17.459 0.600000
22883 -25.683 -56.531 -17.728 0.600000
22884 -26.036 -55.913 -17.574 0.600000
22885 -26.503 -56.373 -17.772 0.600000
22886 -26.697 -55.644 -17.578 0.600000
22887 -27.393 -56.108 -17.878 0.700000
22903 -19.653 -55.998 -19.216 0.400000
22904 -20.276 -55.659 -18.970 0.400000
22905 -21.054 -56.131 -18.678 0.500000
22906 -22.416 -56.283 -18.339 0.500000
22907 -22.941 -56.151 -18.142 0.600000
22908 -28.268 -56.091 -18.256 0.800000
22909 -29.122 -56.388 -19.211 0.800000
22910 -28.865 -56.079 -18.666 0.800000
22911 -29.305 -55.716 -19.187 0.800000
22931 -19.678 -55.257 -19.672 0.300000
22932 -29.419 -55.879 -19.921 0.800000
22942 -28.946 -56.035 -21.228 0.700000
22943 -29.336 -56.201 -20.487 0.800000
22946 -28.204 -56.123 -21.856 0.700000
22947 -27.362 -55.728 -22.364 0.700000
22949 -26.329 -55.654 -23.179 0.700000
22952 -24.199 -55.246 -24.520 0.600000
22953 -24.399 -55.471 -24.312 0.600000
22954 -25.553 -56.084 -24.031 0.600000
22974 -24.091 -55.837 -25.088 0.400000
23540 -23.246 -55.570 -17.765 0.500000
23541 -22.408 -55.694 -18.252 0.500000
23542 -23.162 -54.702 -17.450 0.500000
23543 -24.154 -54.933 -17.322 0.500000
23544 -25.200 -54.825 -17.190 0.600000
23545 -26.020 -55.234 -17.369 0.600000
23546 -26.808 -54.862 -17.399 0.600000
23547 -28.092 -55.386 -17.812 0.700000
23548 -27.746 -54.580 -17.482 0.700000
23549 -28.665 -54.674 -17.794 0.700000
23562 -20.060 -54.540 -19.108 0.500000
23563 -20.872 -55.151 -18.745 0.500000
23564 -21.670 -55.209 -18.349 0.500000
23565 -28.906 -55.369 -18.333 0.800000
23566 -29.464 -54.901 -18.958 0.800000
23585 -19.387 -54.487 -19.911 0.400000
23586 -29.406 -55.168 -19.746 0.800000
23590 -28.557 -55.228 -21.126 0.700000
23591 -29.192 -55.427 -20.531 0.800000
23593 -27.222 -54.855 -22.119 0.700000
23594 -28.001 -55.418 -21.659 0.700000
23596 -24.278 -54.893 -23.954 0.600000
23597 -24.240 -54.135 -23.837 0.700000
23598 -24.503 -54.165 -23.435 0.600000
23599 -24.944 -55.153 -23.671 0.600000
23600 -25.587 -54.672 -23.049 0.700000
23601 -26.274 -54.392 -22.407 0.700000
23605 -24.207 -54.217 -24.175 0.700000
23621 -24.132 -55.056 -24.700 0.400000
24262 -21.728 -54.585 -17.877 0.500000
24263 -20.960 -53.883 -17.830 0.500000
24264 -22.905 -53.939 -17.180 0.500000
24265 -23.801 -54.090 -17.050 0.500000
24266 -25.379 -53.907 -16.948 0.600000
24267 -26.106 -54.395 -17.137 0.600000
24268 -26.958 -54.018 -17.174 0.600000
24269 -28.448 -54.073 -17.550 0.700000
24270 -29.262 -54.498 -18.286 0.700000
24271 -29.102 -53.980 -17.829 0.700000
24272 -29.687 -54.137 -18.839 0.800000
24284 -18.710 -53.749 -19.612 0.300000
24285 -18.671 -54.048 -20.204 0.300000
24286 -20.136 -54.008 -18.568 0.400000
24299 -19.411 -54.080 -19.551 0.300000
24300 -29.513 -54.331 -19.640 0.700000
24303 -27.783 -54.584 -21.394 0.700000
24304 -28.109 -53.946 -20.898 0.700000
24305 -29.037 -54.111 -20.383 0.800000
24307 -26.940 -54.223 -21.913 0.700000
24308 -26.073 -53.691 -22.036 0.700000
24311 -23.793 -52.882 -23.091 0.700000
24312 -24.049 -53.265 -22.936 0.700000
24325 -24.212 -53.443 -23.527 0.700000
24336 -24.567 -53.733 -24.657 0.700000
24338 -26.461 -53.274 -24.989 0.500000
24347 -25.089 -54.074 -25.306 0.400000
24348 -26.180 -53.851 -25.387 0.500000
25132 -24.520 -53.404 -16.766 0.500000
25133 -23.444 -53.300 -16.776 0.600000
25134 -23.972 -52.704 -16.625 0.600000
25135 -24.796 -52.475 -16.632 0.600000
25136 -25.504 -53.059 -16.774 0.600000
25146 -18.723 -53.568 -18.313 0.300000
25148 -20.327 -53.046 -17.943 0.400000
25149 -21.355 -53.104 -17.355 0.500000
25150 -22.428 -53.182 -16.947 0.600000
25151 -26.216 -53.548 -16.972 0.600000
25152 -27.057 -53.077 -17.035 0.600000
25153 -28.017 -52.854 -17.213 0.600000
25154 -28.948 -52.614 -17.450 0.700000
25164 -19.019 -53.769 -19.620 0.300000
25165 -19.473 -53.514 -18.709 0.400000
25166 -19.316 -53.737 -19.292 0.300000
25167 -19.803 -53.294 -18.482 0.400000
25168 -29.981 -53.102 -19.432 0.800000
25169 -30.017 -53.381 -18.765 0.700000
25170 -30.368 -52.788 -19.016 0.700000
25182 -29.429 -53.537 -19.912 0.800000
25183 -28.609 -53.330 -20.450 0.800000
25184 -29.336 -52.636 -20.098 0.800000
25188 -27.140 -53.716 -21.493 0.700000
25189 -27.498 -53.106 -20.914 0.700000
25192 -23.839 -52.460 -22.657 0.700000
25193 -25.076 -52.453 -21.701 0.700000
25194 -24.813 -53.010 -22.211 0.700000
25200 -23.780 -52.452 -22.925 0.700000
25211 -24.061 -52.799 -23.404 0.700000
25212 -26.641 -53.062 -24.353 0.500000
25213 -25.692 -52.810 -24.485 0.600000
25214 -25.881 -52.289 -23.747 0.700000
25216 -27.141 -52.792 -23.380 0.500000
25224 -24.686 -52.995 -24.340 0.700000
25225 -25.444 -53.372 -24.971 0.400000
25926 -18.844 -52.348 -17.215 0.400000
25927 -17.817 -51.613 -16.540 0.300000
25928 -18.974 -51.427 -16.781 0.400000
25929 -22.988 -52.354 -16.645 0.600000
25930 -22.172 -51.692 -16.712 0.600000
25931 -23.976 -51.878 -16.582 0.600000
25932 -24.914 -51.568 -16.532 0.600000
25933 -25.777 -52.167 -16.660 0.600000
25941 -19.547 -52.888 -18.133 0.300000
25942 -19.657 -51.940 -17.741 0.400000
25943 -19.965 -52.627 -18.168 0.400000
25944 -20.076 -51.553 -17.805 0.600000
25945 -20.069 -52.278 -18.056 0.400000
25946 -20.390 -51.612 -17.681 0.400000
25947 -21.202 -51.436 -17.228 0.600000
25948 -26.713 -52.275 -16.778 0.600000
25949 -27.453 -52.359 -16.947 0.600000
25950 -28.191 -52.053 -17.056 0.800000
25951 -29.122 -51.768 -17.345 0.800000
25952 -30.194 -52.637 -18.570 0.700000
25953 -30.037 -51.473 -17.743 0.800000
25954 -30.565 -52.195 -18.990 0.700000
25971 -26.827 -52.209 -20.724 0.700000
25972 -25.994 -51.630 -20.802 0.700000
25973 -26.713 -51.339 -20.584 0.700000
25974 -28.109 -52.462 -20.469 0.900000
25975 -28.662 -51.729 -20.329 0.800000
25976 -29.710 -51.819 -19.975 0.800000
25977 -30.183 -52.402 -19.495 0.800000
25983 -24.515 -51.918 -21.548 0.700000
25984 -24.114 -51.357 -21.568 0.700000
25985 -24.893 -51.381 -21.063 0.700000
25986 -25.612 -52.099 -21.202 0.700000
25994 -23.951 -51.811 -22.085 0.700000
25998 -23.950 -51.772 -22.559 0.700000
25999 -27.921 -52.447 -22.561 0.500000
26000 -26.717 -52.179 -22.779 0.700000
26001 -27.390 -51.629 -22.292 0.700000
26012 -24.003 -52.081 -23.093 0.700000
26013 -24.725 -52.335 -23.892 0.700000
26014 -24.714 -51.747 -23.351 0.700000
26705 -17.960 -50.761 -16.462 0.300000
26706 -19.749 -51.037 -17.395 0.500000
26707 -19.015 -50.551 -16.626 0.400000
26708 -21.908 -50.998 -16.745 0.600000
26709 -24.098 -50.936 -16.483 0.600000
26710 -25.013 -50.618 -16.457 0.700000
26711 -26.428 -51.629 -16.637 0.800000
26712 -25.762 -51.219 -16.521 0.600000
26713 -26.577 -50.865 -16.550 0.800000
26723 -20.117 -50.618 -17.572 0.500000
26724 -20.491 -50.883 -17.528 0.600000
26725 -21.185 -50.613 -17.159 0.600000
26726 -27.305 -51.545 -16.726 0.800000
26727 -28.321 -51.181 -16.877 0.800000
26728 -29.268 -50.912 -17.219 0.800000
26729 -30.220 -50.642 -17.616 0.800000
26730 -30.761 -51.424 -18.903 0.800000
26746 -24.816 -50.768 -20.760 0.700000
26747 -24.468 -50.176 -20.763 0.700000
26748 -25.431 -50.369 -20.540 0.700000
26749 -25.738 -51.039 -20.646 0.700000
26750 -26.438 -50.586 -20.527 0.700000
26751 -27.469 -50.851 -20.430 0.800000
26752 -28.354 -50.942 -20.294 0.800000
26753 -29.849 -51.078 -19.871 0.800000
26763 -24.053 -50.670 -21.252 0.700000
26769 -23.920 -51.068 -21.960 0.700000
26777 -24.007 -50.868 -22.196 0.700000
26778 -24.166 -51.433 -22.655 0.700000
26779 -24.439 -50.613 -22.393 0.700000
26780 -26.310 -51.441 -22.559 0.700000
26781 -25.840 -50.517 -22.390 0.700000
26782 -27.963 -50.672 -21.979 0.600000
27540 -18.073 -49.945 -16.422 0.300000
27541 -19.017 -49.724 -16.541 0.300000
27542 -19.725 -50.195 -17.259 0.400000
27543 -21.653 -50.019 -16.771 0.600000
27544 -21.140 -49.444 -16.959 0.500000
27545 -22.636 -49.735 -16.508 0.500000
27546 -25.214 -49.646 -16.478 0.600000
27547 -26.016 -49.676 -16.476 0.700000
27548 -26.604 -50.027 -16.540 0.800000
27557 -20.159 -49.935 -17.417 0.400000
27558 -20.572 -49.699 -17.221 0.400000
27559 -27.459 -50.459 -16.663 0.800000
27560 -28.513 -50.350 -16.827 0.800000
27561 -29.402 -50.058 -17.114 0.800000
27562 -30.351 -49.792 -17.502 0.800000
27563 -30.967 -50.290 -18.178 0.800000
27572 -31.063 -50.592 -18.827 0.800000
27573 -31.455 -49.745 -18.696 0.800000
27582 -24.369 -49.562 -20.839 0.700000
27583 -25.082 -49.678 -20.536 0.700000
27584 -26.066 -49.874 -20.456 0.700000
27585 -27.035 -50.041 -20.474 0.800000
27586 -27.998 -50.240 -20.365 0.800000
27587 -29.722 -50.265 -19.970 0.800000
27588 -30.627 -50.752 -19.392 0.700000
27594 -23.958 -49.875 -21.199 0.700000
27600 -23.889 -50.284 -21.726 0.700000
27604 -24.140 -50.032 -22.020 0.700000
27605 -24.918 -49.694 -22.316 0.700000
27606 -26.247 -49.506 -22.349 0.700000
27607 -28.022 -49.494 -22.249 0.700000
27608 -28.693 -49.951 -21.888 0.500000
28265 -18.964 -48.909 -16.432 0.300000
28266 -19.765 -49.497 -16.912 0.400000
28267 -21.389 -48.667 -16.745 0.500000
28268 -21.965 -49.196 -16.599 0.500000
28269 -22.867 -48.924 -16.465 0.400000
28270 -25.237 -48.770 -16.497 0.500000
28271 -26.058 -48.468 -16.510 0.600000
28272 -27.145 -49.673 -16.600 0.800000
28273 -26.535 -49.224 -16.539 0.700000
28274 -27.333 -49.040 -16.551 0.700000
28281 -20.329 -49.308 -16.958 0.400000
28282 -20.788 -49.006 -16.905 0.500000
28283 -28.676 -49.603 -16.743 0.800000
28284 -29.441 -49.157 -16.888 0.800000
28285 -30.508 -48.987 -17.303 0.700000
28286 -31.281 -49.506 -17.929 0.700000
28287 -31.887 -48.925 -18.520 0.700000
28303 -25.750 -49.154 -20.480 0.700000
28304 -26.620 -48.708 -20.430 0.900000
28305 -27.597 -49.347 -20.402 0.800000
28306 -29.615 -49.359 -20.234 0.800000
28307 -30.730 -49.263 -19.897 0.800000
28308 -31.857 -49.182 -19.107 0.700000
28315 -24.206 -49.209 -21.166 0.700000
28324 -24.132 -49.541 -21.516 0.700000
28331 -24.555 -49.016 -21.911 0.700000
28332 -25.499 -48.796 -22.341 0.700000
28333 -26.664 -48.750 -22.537 0.700000
28334 -27.620 -48.700 -22.576 0.700000
28962 -19.756 -48.694 -16.595 0.400000
28963 -21.597 -47.850 -16.668 0.400000
28964 -22.212 -48.379 -16.565 0.400000
28965 -23.066 -48.107 -16.446 0.400000
28966 -23.896 -47.818 -16.421 0.400000
28967 -26.010 -47.676 -16.500 0.500000
28968 -26.702 -47.984 -16.540 0.600000
28969 -27.433 -48.283 -16.560 0.700000
28974 -20.406 -48.431 -16.696 0.400000
28975 -20.981 -48.144 -16.788 0.400000
28976 -29.058 -48.365 -16.674 0.700000
28977 -29.807 -48.455 -16.884 0.700000
28978 -30.541 -48.144 -17.128 0.700000
28979 -31.411 -47.820 -17.464 0.700000
28980 -31.988 -48.287 -17.998 0.700000
28989 -32.207 -48.627 -19.044 0.700000
28990 -32.331 -48.168 -18.651 0.700000
28991 -32.632 -47.354 -18.729 0.700000
28999 -24.854 -48.123 -21.271 0.800000
29000 -25.583 -48.349 -20.715 0.800000
29001 -26.536 -47.816 -20.604 0.900000
29002 -29.058 -48.471 -20.432 0.800000
29003 -30.939 -48.412 -20.005 0.800000
29004 -31.868 -48.559 -19.439 0.800000
29009 -24.511 -48.593 -21.257 0.700000
29010 -24.743 -47.916 -21.574 0.800000
29015 -24.426 -48.740 -21.402 0.700000
29016 -24.614 -47.311 -21.961 0.800000
29020 -24.961 -48.044 -22.215 0.700000
29021 -27.100 -48.031 -22.992 0.700000
29022 -28.047 -48.129 -22.752 0.700000
29700 -22.395 -47.549 -16.543 0.300000
29701 -23.243 -47.271 -16.411 0.400000
29702 -24.089 -47.008 -16.375 0.500000
29703 -25.381 -47.221 -16.498 0.500000
29704 -26.036 -46.912 -16.491 0.500000
29705 -26.908 -46.624 -16.508 0.500000
29706 -28.301 -47.794 -16.596 0.700000
29707 -27.909 -46.878 -16.566 0.600000
29708 -28.760 -47.005 -16.633 0.700000
29719 -29.492 -47.630 -16.741 0.700000
29720 -30.466 -47.198 -17.001 0.700000
29721 -31.348 -46.888 -17.298 0.700000
29722 -32.110 -46.534 -17.671 0.700000
29729 -32.919 -46.569 -18.767 0.700000
29740 -25.517 -47.533 -21.077 0.800000
29741 -26.401 -46.938 -20.809 0.900000
29742 -27.314 -46.352 -20.665 0.800000
29743 -28.502 -46.587 -20.517 0.800000
29744 -29.535 -47.068 -20.432 0.800000
29745 -30.574 -47.414 -20.234 0.800000
29746 -31.607 -47.705 -19.811 0.700000
29747 -32.749 -46.900 -19.197 0.700000
29755 -24.826 -46.398 -21.937 0.800000
29756 -25.451 -46.705 -21.379 0.700000
29764 -24.659 -46.513 -22.016 0.800000
29769 -25.316 -47.347 -22.616 0.700000
29770 -24.888 -46.715 -22.405 0.800000
29771 -26.308 -47.458 -23.165 0.800000
29772 -26.801 -46.808 -23.328 0.800000
29773 -27.722 -47.408 -23.023 0.700000
29774 -28.610 -47.086 -22.822 0.600000
29776 -30.574 -46.624 -22.513 0.500000
29787 -25.560 -46.622 -23.093 0.800000
30475 -23.479 -46.467 -16.410 0.400000
30476 -24.300 -46.238 -16.382 0.400000
30477 -25.088 -46.058 -16.433 0.500000
30478 -26.882 -45.644 -16.446 0.500000
30479 -27.721 -45.974 -16.544 0.600000
30480 -28.575 -46.238 -16.607 0.600000
30491 -29.531 -46.515 -16.682 0.700000
30492 -30.486 -46.257 -16.817 0.700000
30493 -31.254 -45.969 -17.124 0.700000
30494 -32.065 -45.647 -17.530 0.700000
30495 -32.765 -46.165 -18.162 0.700000
30500 -33.084 -46.274 -19.123 0.700000
30501 -33.222 -45.735 -18.784 0.700000
30509 -27.201 -45.515 -20.903 0.800000
30510 -28.045 -45.817 -20.624 0.800000
30511 -29.913 -45.810 -20.476 0.800000
30512 -30.262 -46.573 -20.385 0.800000
30513 -31.951 -46.197 -20.144 0.700000
30514 -32.681 -46.276 -19.592 0.700000
30520 -25.091 -45.374 -22.171 0.800000
30521 -25.404 -45.854 -21.605 0.800000
30522 -26.300 -46.153 -21.065 0.900000
30527 -24.958 -45.671 -22.245 0.800000
30534 -25.003 -46.017 -22.485 0.800000
30535 -26.998 -45.883 -23.332 0.800000
30536 -27.865 -46.556 -23.109 0.700000
30537 -28.818 -46.296 -22.798 0.600000
30538 -29.827 -46.044 -22.591 0.500000
30539 -30.883 -45.802 -22.516 0.500000
30540 -31.973 -45.528 -22.660 0.400000
30546 -25.421 -45.714 -23.090 0.800000
30547 -26.073 -45.542 -23.325 0.800000
31218 -24.673 -44.579 -16.426 0.300000
31219 -26.208 -45.289 -16.410 0.500000
31220 -26.809 -44.733 -16.408 0.500000
31221 -27.703 -45.099 -16.459 0.500000
31222 -29.113 -45.694 -16.598 0.600000
31223 -28.470 -45.371 -16.532 0.600000
31224 -29.204 -45.000 -16.551 0.600000
31233 -30.495 -45.406 -16.729 0.700000
31234 -32.097 -44.758 -17.447 0.700000
31235 -32.839 -45.323 -18.060 0.700000
31238 -33.564 -44.979 -19.143 0.700000
31242 -27.429 -44.666 -21.094 0.800000
31243 -28.332 -45.012 -20.765 0.800000
31244 -29.461 -45.050 -20.603 0.800000
31245 -30.537 -45.183 -20.481 0.700000
31246 -31.619 -45.375 -20.356 0.800000
31247 -32.578 -45.554 -20.003 0.700000
31248 -33.168 -45.651 -19.332 0.700000
31256 -25.191 -44.374 -22.193 0.800000
31257 -25.638 -44.943 -21.614 0.900000
31258 -26.629 -45.028 -21.260 0.800000
31266 -25.047 -44.735 -22.464 0.800000
31272 -25.090 -45.127 -22.587 0.800000
31273 -27.216 -44.319 -23.181 0.800000
31274 -28.082 -45.720 -22.959 0.700000
31275 -29.098 -45.337 -22.605 0.500000
31276 -30.174 -45.237 -22.512 0.500000
31277 -31.178 -44.990 -22.502 0.500000
31278 -32.091 -44.700 -22.675 0.400000
31285 -25.451 -44.811 -23.171 0.800000
31286 -26.546 -45.030 -23.287 0.800000
31870 -27.098 -43.898 -16.398 0.400000
31871 -27.992 -43.778 -16.355 0.400000
31872 -28.778 -43.675 -16.387 0.500000
31873 -29.367 -44.247 -16.473 0.500000
31886 -31.268 -44.130 -16.877 0.700000
31887 -32.387 -43.837 -17.431 0.700000
31888 -33.376 -44.843 -18.583 0.700000
31889 -33.321 -44.027 -18.190 0.700000
31890 -33.792 -44.249 -18.914 0.700000
31902 -28.198 -44.092 -20.923 0.800000
31903 -29.103 -44.262 -20.692 0.800000
31904 -30.132 -44.384 -20.511 0.800000
31905 -32.326 -44.729 -20.296 0.700000
31906 -33.654 -44.257 -19.579 0.700000
31911 -25.315 -43.363 -22.004 1.000000
31912 -27.353 -43.815 -21.266 0.800000
31921 -24.970 -43.803 -22.516 0.800000
31929 -24.907 -44.206 -22.855 0.800000
31930 -28.187 -43.878 -22.810 0.800000
31931 -29.019 -44.369 -22.552 0.500000
31932 -31.350 -44.219 -22.525 0.500000
31933 -32.202 -43.865 -22.693 0.400000
31946 -25.300 -43.786 -23.215 0.800000
32613 -27.344 -43.144 -16.436 0.300000
32614 -28.188 -43.003 -16.459 0.400000
32615 -29.014 -42.883 -16.448 0.500000
32616 -29.509 -43.476 -16.512 0.500000
32624 -30.088 -43.227 -16.658 0.500000
32625 -31.596 -43.303 -17.003 0.700000
32626 -32.234 -42.995 -17.224 0.700000
32627 -33.196 -43.107 -17.714 0.700000
32628 -33.827 -43.457 -18.634 0.700000
32639 -33.991 -43.602 -19.361 0.700000
32641 -28.032 -43.280 -21.071 0.800000
32642 -28.482 -42.735 -20.998 0.800000
32643 -29.376 -42.862 -20.753 0.700000
32644 -30.360 -42.997 -20.612 0.700000
32645 -30.776 -43.744 -20.525 0.700000
32646 -32.944 -43.330 -20.411 0.700000
32647 -33.676 -43.550 -20.041 0.700000
32649 -25.428 -42.654 -21.896 0.900000
32650 -26.021 -42.568 -21.709 0.800000
32651 -27.179 -42.830 -21.359 0.800000
32657 -25.145 -42.944 -22.391 0.800000
32666 -24.925 -43.329 -22.909 0.800000
32667 -27.448 -43.453 -23.121 0.800000
32668 -28.162 -42.881 -22.885 0.800000
32669 -29.030 -43.474 -22.590 0.600000
32670 -29.883 -43.156 -22.500 0.600000
32671 -30.747 -42.927 -22.497 0.500000
32672 -31.810 -42.922 -22.570 0.500000
32673 -32.679 -42.583 -22.712 0.300000
32684 -25.465 -42.925 -23.173 0.800000
32685 -26.278 -42.638 -23.229 0.800000
32686 -27.092 -42.739 -23.174 0.800000
33332 -26.743 -42.517 -16.407 0.300000
33333 -27.813 -41.486 -16.492 0.300000
33334 -29.278 -42.079 -16.507 0.400000
33335 -29.670 -42.740 -16.569 0.500000
33343 -30.401 -42.555 -16.660 0.500000
33344 -31.438 -42.393 -16.846 0.600000
33345 -32.194 -41.734 -17.116 0.700000
33346 -32.986 -41.546 -17.507 0.700000
33347 -33.898 -42.631 -18.453 0.700000
33357 -34.385 -42.209 -19.267 0.700000
33362 -28.915 -42.089 -21.036 0.800000
33363 -29.971 -42.207 -20.749 0.700000
33364 -31.075 -42.376 -20.712 0.700000
33365 -32.824 -42.653 -20.517 0.700000
33366 -33.593 -42.816 -20.236 0.700000
33367 -34.043 -42.903 -19.703 0.700000
33370 -25.848 -41.610 -21.860 0.900000
33371 -26.651 -41.865 -21.527 0.800000
33376 -25.588 -42.079 -22.170 1.000000
33381 -25.386 -42.541 -22.608 0.900000
33382 -28.485 -42.109 -22.894 0.800000
33383 -29.177 -41.789 -22.849 0.700000
33384 -29.959 -42.299 -22.588 0.600000
33385 -30.921 -42.034 -22.549 0.600000
33386 -31.912 -42.016 -22.521 0.600000
33387 -32.736 -41.710 -22.615 0.400000
33400 -26.175 -41.982 -22.881 0.800000
33401 -26.695 -42.141 -23.033 0.800000
33402 -27.527 -41.898 -23.036 0.800000
34019 -28.782 -40.367 -16.486 0.300000
34020 -29.701 -41.432 -16.547 0.500000
34028 -30.525 -41.740 -16.620 0.500000
34029 -31.362 -41.229 -16.727 0.600000
34030 -32.315 -40.918 -17.125 0.600000
34031 -33.390 -40.661 -17.578 0.700000
34032 -33.991 -41.669 -18.223 0.700000
34040 -34.617 -41.394 -18.964 0.700000
34047 -28.373 -41.189 -21.303 0.800000
34048 -29.461 -41.368 -21.143 0.800000
34049 -30.584 -41.451 -20.929 0.700000
34050 -32.666 -41.352 -20.721 0.700000
34051 -33.816 -41.413 -20.401 0.700000
34052 -34.528 -41.326 -19.798 0.700000
34055 -25.995 -40.870 -21.888 0.800000
34056 -26.508 -40.517 -21.829 0.800000
34057 -27.221 -40.899 -21.513 0.800000
34058 -28.911 -40.515 -21.377 0.800000
34061 -25.742 -41.272 -21.998 0.800000
34062 -25.878 -40.859 -21.999 1.000000
34065 -25.730 -41.626 -22.228 0.900000
34066 -26.022 -41.205 -22.320 0.800000
34067 -28.297 -41.331 -23.067 0.800000
34068 -29.113 -40.945 -23.208 0.700000
34069 -29.992 -41.434 -22.884 0.700000
34070 -30.870 -41.134 -22.683 0.700000
34071 -31.840 -41.107 -22.570 0.600000
34072 -32.884 -40.816 -22.733 0.400000
34073 -33.449 -41.499 -22.870 0.300000
34086 -26.587 -41.368 -22.718 0.900000
34087 -27.313 -40.846 -22.844 0.900000
34088 -28.112 -40.396 -23.110 0.900000
34733 -28.066 -39.879 -16.472 0.300000
34734 -28.871 -39.632 -16.436 0.300000
34735 -30.303 -40.822 -16.587 0.400000
34736 -29.608 -40.144 -16.521 0.300000
34737 -30.526 -39.955 -16.567 0.300000
34748 -31.061 -40.470 -16.636 0.500000
34749 -32.402 -40.099 -17.033 0.600000
34750 -33.195 -39.597 -17.303 0.600000
34751 -34.413 -40.783 -18.327 0.700000
34752 -34.161 -39.964 -17.760 0.600000
34759 -34.812 -40.713 -19.120 0.700000
34760 -35.154 -39.359 -18.822 0.700000
34761 -34.994 -39.618 -19.550 0.700000
34771 -29.904 -40.571 -21.273 0.800000
34772 -31.958 -40.551 -20.984 0.700000
34773 -33.155 -40.594 -20.700 0.700000
34774 -34.227 -40.604 -20.334 0.700000
34775 -34.545 -39.774 -20.193 0.700000
34778 -26.859 -40.010 -21.971 0.800000
34779 -27.657 -39.674 -21.819 0.800000
34780 -28.458 -39.893 -21.539 0.800000
34781 -30.254 -39.782 -21.338 0.800000
34782 -31.252 -39.801 -21.271 0.700000
34783 -32.345 -39.689 -21.017 0.700000
34785 -26.341 -40.464 -21.971 0.800000
34786 -26.909 -39.992 -22.126 0.800000
34789 -26.471 -40.552 -22.269 0.800000
34790 -27.309 -40.061 -22.597 0.900000
34791 -30.067 -40.512 -23.326 0.700000
34792 -31.128 -40.359 -22.912 0.700000
34793 -32.073 -40.255 -22.817 0.600000
34802 -28.024 -39.411 -23.070 0.800000
34803 -29.646 -39.627 -23.529 0.700000
34804 -30.571 -39.729 -23.398 0.700000
34805 -31.480 -39.619 -23.214 0.700000
34806 -33.373 -40.147 -23.115 0.400000
35517 -31.482 -39.756 -16.696 0.400000
35518 -30.581 -38.514 -16.182 0.300000
35519 -31.478 -38.833 -16.577 0.300000
35531 -32.285 -39.206 -16.870 0.400000
35532 -32.900 -38.669 -17.028 0.400000
35533 -33.909 -38.957 -17.506 0.500000
35534 -34.613 -39.415 -18.160 0.700000
35537 -35.395 -38.538 -18.918 0.700000
35538 -35.241 -39.008 -19.332 0.700000
35547 -33.628 -39.794 -20.638 0.700000
35552 -28.101 -39.174 -22.123 0.800000
35553 -28.611 -39.387 -21.716 0.800000
35554 -29.650 -39.094 -21.531 0.800000
35555 -30.712 -39.112 -21.413 0.800000
35556 -32.053 -38.899 -21.213 0.700000
35557 -32.955 -38.939 -20.894 0.700000
35558 -34.104 -38.994 -20.510 0.700000
35560 -27.490 -39.582 -22.166 0.800000
35561 -28.064 -38.993 -22.590 0.800000
35565 -27.703 -39.478 -22.516 0.800000
35577 -28.410 -38.756 -23.277 0.900000
35578 -29.267 -38.791 -23.548 0.900000
35579 -30.875 -39.030 -23.498 0.700000
35580 -31.878 -38.793 -23.382 0.600000
35581 -33.136 -38.896 -23.331 0.400000
35582 -34.069 -38.588 -23.482 0.400000
36260 -29.933 -37.939 -15.690 0.300000
36261 -30.834 -37.605 -15.668 0.300000
36262 -31.515 -38.073 -16.202 0.300000
36272 -32.547 -37.858 -16.597 0.300000
36273 -33.297 -38.185 -17.129 0.500000
36274 -33.987 -38.155 -17.488 0.500000
36275 -34.761 -38.558 -18.186 0.500000
36277 -35.301 -37.825 -18.605 0.600000
36278 -35.532 -37.947 -19.105 0.600000
36287 -35.166 -37.558 -19.705 0.600000
36293 -28.937 -38.907 -21.944 0.800000
36294 -29.687 -38.503 -21.933 0.800000
36295 -30.462 -38.508 -21.660 0.800000
36296 -32.301 -38.223 -21.240 0.700000
36297 -33.439 -38.016 -20.809 0.700000
36298 -34.630 -38.251 -20.203 0.700000
36300 -28.743 -37.162 -23.018 0.800000
36301 -30.303 -37.826 -22.163 0.800000
36310 -28.544 -37.513 -23.126 0.800000
36319 -28.649 -38.138 -23.394 0.800000
36320 -28.533 -37.675 -23.261 0.800000
36321 -29.423 -38.000 -23.691 0.900000
36322 -30.208 -37.724 -23.912 0.800000
36323 -30.986 -38.229 -23.590 0.700000
36324 -32.540 -37.606 -23.669 0.600000
36325 -33.318 -38.063 -23.509 0.600000
36326 -34.068 -37.752 -23.636 0.400000
36333 -29.042 -37.533 -23.617 0.800000
36334 -29.506 -37.276 -24.010 0.900000
37040 -29.328 -37.397 -15.497 0.300000
37041 -30.119 -37.079 -15.430 0.300000
37042 -31.101 -36.779 -14.774 0.300000
37043 -32.266 -37.299 -15.694 0.300000
37044 -31.900 -36.613 -14.954 0.300000
37054 -33.334 -37.356 -16.930 0.400000
37055 -33.599 -36.272 -16.978 0.300000
37056 -34.493 -37.622 -17.851 0.400000
37058 -35.056 -36.923 -18.304 0.500000
37059 -35.538 -37.254 -19.031 0.600000
37072 -31.027 -37.977 -21.743 0.800000
37073 -31.685 -37.679 -21.526 0.800000
37074 -32.495 -37.348 -21.258 0.800000
37075 -33.354 -36.974 -20.937 0.700000
37076 -34.316 -37.394 -20.472 0.700000
37078 -28.759 -36.128 -23.012 0.800000
37079 -29.376 -36.758 -22.742 0.800000
37080 -30.410 -36.938 -22.434 0.800000
37081 -31.142 -37.264 -21.954 0.800000
37082 -31.843 -36.814 -21.630 0.800000
37091 -28.734 -36.621 -23.252 0.800000
37100 -28.786 -37.051 -23.315 0.800000
37101 -31.018 -37.411 -23.831 0.700000
37102 -31.830 -37.140 -23.915 0.700000
37103 -33.154 -36.450 -24.202 0.700000
37104 -33.346 -37.298 -23.759 0.600000
37105 -34.074 -36.947 -23.910 0.400000
37111 -29.049 -36.892 -23.873 0.800000
37112 -29.460 -36.523 -24.238 0.900000
37113 -30.244 -36.965 -24.256 0.800000
37114 -32.104 -36.461 -24.226 0.700000
37957 -32.197 -35.560 -15.015 0.300000
37965 -32.945 -35.651 -16.441 0.300000
37966 -33.964 -35.268 -17.151 0.300000
37967 -34.473 -36.133 -17.729 0.300000
37969 -34.988 -36.096 -18.445 0.400000
37970 -35.351 -36.418 -18.972 0.600000
37977 -35.203 -35.867 -20.156 0.600000
37978 -35.243 -36.622 -19.687 0.600000
37985 -32.602 -36.467 -21.351 0.800000
37986 -33.432 -36.139 -21.076 0.800000
37987 -34.400 -35.769 -20.664 0.700000
37989 -28.484 -35.175 -23.004 0.800000
37990 -29.101 -35.627 -22.741 0.800000
37991 -30.166 -35.996 -22.536 0.800000
37992 -31.194 -36.249 -22.161 0.800000
37993 -31.986 -35.939 -21.702 0.800000
38003 -28.487 -35.696 -23.332 0.800000
38008 -28.722 -36.250 -23.543 0.800000
38015 -28.888 -35.980 -24.083 0.800000
38016 -29.311 -35.815 -24.305 0.800000
38017 -30.299 -36.058 -24.444 0.800000
38018 -31.469 -35.855 -24.394 0.700000
38019 -32.433 -35.733 -24.396 0.700000
38020 -34.048 -36.113 -24.399 0.600000
38719 -32.708 -35.063 -15.769 0.300000
38724 -33.133 -34.808 -16.600 0.300000
38725 -33.805 -34.436 -17.246 0.300000
38728 -34.944 -34.239 -18.515 0.400000
38729 -35.249 -35.532 -18.894 0.600000
38738 -35.344 -35.309 -19.651 0.600000
38744 -33.603 -35.369 -21.166 0.700000
38745 -34.376 -34.933 -20.781 0.700000
38746 -35.002 -35.169 -20.289 0.600000
38749 -28.280 -34.302 -23.004 0.800000
38750 -28.833 -34.697 -22.649 0.800000
38751 -29.880 -35.075 -22.551 0.800000
38752 -30.772 -35.331 -22.177 0.800000
38753 -32.061 -35.020 -21.569 0.800000
38754 -32.758 -35.645 -21.414 0.800000
38761 -28.254 -34.775 -23.380 0.800000
38766 -28.437 -35.364 -23.740 0.800000
38774 -28.657 -35.113 -24.202 0.800000
38775 -29.710 -35.236 -24.422 0.800000
38776 -30.832 -35.196 -24.460 0.800000
38777 -31.824 -35.109 -24.404 0.700000
38778 -32.676 -35.013 -24.402 0.700000
38779 -34.141 -35.159 -24.511 0.600000
39366 -30.456 -34.022 -15.447 0.300000
39367 -31.308 -34.124 -15.245 0.300000
39368 -31.665 -33.706 -15.963 0.300000
39379 -34.789 -33.477 -18.592 0.400000
39380 -35.149 -33.822 -19.238 0.500000
39388 -35.267 -34.099 -19.781 0.600000
39394 -32.524 -34.198 -21.472 0.800000
39395 -31.639 -34.159 -21.578 0.800000
39396 -32.719 -33.531 -21.484 0.700000
39397 -33.035 -34.831 -21.389 0.700000
39398 -33.570 -33.943 -21.366 0.700000
39399 -34.492 -34.155 -20.960 0.700000
39400 -34.968 -34.450 -20.344 0.600000
39405 -27.885 -33.334 -22.975 0.800000
39406 -28.481 -33.845 -22.692 0.800000
39407 -29.627 -34.241 -22.324 0.800000
39408 -30.665 -34.179 -21.869 0.800000
39415 -28.032 -33.829 -23.326 0.800000
39419 -28.218 -34.436 -23.774 0.800000
39420 -32.143 -34.479 -24.083 0.600000
39421 -31.625 -33.836 -23.858 0.700000
39422 -32.535 -33.877 -23.778 0.600000
39423 -33.802 -34.438 -24.198 0.700000
39424 -33.386 -33.884 -23.824 0.600000
39425 -34.242 -33.819 -23.849 0.700000
39431 -28.454 -34.150 -24.154 0.800000
39432 -29.392 -33.777 -24.338 0.800000
39433 -30.621 -33.838 -24.174 0.800000
39434 -34.628 -34.416 -24.284 0.600000
39437 -35.929 -33.649 -24.251 0.500000
40038 -30.562 -32.674 -16.347 0.300000
40047 -31.390 -32.865 -16.333 0.300000
40048 -32.180 -33.188 -16.559 0.300000
40055 -34.709 -32.824 -18.750 0.400000
40056 -35.103 -33.067 -19.359 0.400000
40065 -35.323 -33.328 -19.838 0.600000
40073 -31.102 -33.476 -21.743 0.800000
40074 -32.577 -32.890 -21.570 0.700000
40075 -33.556 -33.034 -21.456 0.700000
40076 -34.679 -33.203 -20.990 0.700000
40077 -35.102 -33.688 -20.367 0.600000
40087 -27.842 -32.591 -22.944 0.800000
40088 -28.366 -33.080 -22.564 0.800000
40089 -29.362 -32.916 -22.243 0.800000
40094 -27.806 -32.999 -23.299 0.800000
40100 -28.087 -33.538 -23.650 0.800000
40101 -31.031 -33.166 -23.842 0.800000
40102 -32.151 -33.041 -23.648 0.600000
40103 -32.990 -33.330 -23.639 0.600000
40104 -33.763 -33.164 -23.616 0.600000
40105 -35.112 -33.763 -23.872 0.600000
40106 -34.641 -33.058 -23.571 0.600000
40110 -28.431 -33.243 -24.077 0.800000
40111 -29.109 -32.778 -24.278 0.800000
40112 -30.259 -32.542 -24.095 0.800000
40113 -35.552 -32.973 -23.690 0.600000
40781 -30.244 -31.938 -16.810 0.300000
40783 -31.934 -32.384 -17.032 0.300000
40790 -33.593 -32.269 -17.961 0.300000
40791 -34.383 -32.271 -18.546 0.400000
40792 -34.918 -32.348 -19.305 0.400000
40799 -35.223 -31.681 -19.708 0.400000
40800 -35.419 -32.428 -19.956 0.400000
40806 -31.662 -32.718 -21.736 0.800000
40807 -32.412 -32.338 -21.767 0.700000
40808 -33.299 -32.353 -21.690 0.700000
40809 -34.424 -32.325 -21.324 0.700000
40810 -35.222 -32.280 -20.553 0.500000
40818 -28.029 -31.701 -23.020 0.800000
40819 -28.596 -32.240 -22.508 0.800000
40820 -29.728 -32.188 -22.250 0.800000
40821 -31.771 -31.882 -22.048 0.700000
40822 -32.855 -31.765 -22.075 0.600000
40829 -27.936 -32.103 -23.369 0.800000
40838 -28.054 -32.568 -23.727 0.800000
40839 -31.318 -32.341 -23.736 0.600000
40840 -32.354 -32.048 -23.620 0.500000
40841 -33.127 -32.590 -23.573 0.600000
40842 -34.033 -32.373 -23.553 0.600000
40843 -34.954 -32.245 -23.532 0.600000
40849 -28.445 -31.940 -24.156 0.800000
40850 -29.468 -31.998 -24.272 0.800000
40851 -30.497 -31.633 -24.197 0.700000
40852 -31.640 -31.520 -23.959 0.600000
41589 -31.498 -30.694 -17.913 0.300000
41595 -32.354 -31.051 -18.103 0.400000
41596 -33.249 -31.368 -18.311 0.300000
41597 -34.104 -31.578 -18.562 0.400000
41598 -33.892 -30.778 -18.704 0.300000
41602 -34.651 -31.193 -19.213 0.400000
41603 -35.256 -30.930 -19.821 0.300000
41604 -35.402 -31.395 -20.332 0.400000
41612 -34.012 -31.594 -21.871 0.600000
41613 -34.979 -31.491 -21.095 0.400000
41614 -35.318 -30.652 -21.032 0.400000
41622 -28.275 -30.807 -23.234 0.800000
41623 -28.744 -31.405 -22.657 0.800000
41624 -29.902 -31.386 -22.460 0.800000
41625 -31.145 -31.214 -22.455 0.700000
41626 -32.302 -31.046 -22.456 0.600000
41627 -33.293 -31.180 -22.309 0.600000
41628 -34.684 -30.853 -21.710 0.600000
41634 -28.031 -31.053 -23.550 0.800000
41640 -28.087 -31.455 -23.806 0.800000
41641 -33.299 -31.705 -23.662 0.600000
41642 -34.282 -31.577 -23.669 0.500000
41649 -28.305 -30.864 -24.222 0.700000
41650 -29.084 -30.389 -24.554 0.700000
41651 -31.118 -31.024 -24.340 0.700000
41652 -31.899 -30.833 -24.346 0.600000
41653 -32.804 -30.645 -24.279 0.600000
41654 -33.596 -31.006 -23.949 0.500000
41655 -35.185 -31.453 -23.746 0.500000
42479 -29.460 -30.595 -17.890 0.300000
42492 -31.211 -30.005 -18.410 0.300000
42493 -32.058 -30.210 -18.424 0.300000
42494 -32.953 -30.486 -18.528 0.300000
42495 -32.625 -29.628 -18.815 0.300000
42499 -33.595 -29.901 -18.912 0.300000
42500 -34.535 -30.387 -19.433 0.400000
42501 -35.271 -30.421 -20.494 0.400000
42502 -34.882 -29.903 -20.058 0.300000
42509 -35.345 -29.488 -20.710 0.300000
42510 -35.500 -29.810 -21.122 0.400000
42517 -29.199 -30.659 -22.824 0.800000
42518 -30.421 -30.607 -22.687 0.700000
42519 -31.450 -30.454 -22.632 0.600000
42520 -33.228 -30.456 -22.497 0.500000
42521 -34.316 -30.323 -22.258 0.500000
42522 -35.093 -30.101 -21.660 0.500000
42529 -27.995 -28.852 -23.917 0.700000
42530 -28.522 -29.893 -23.336 0.700000
42531 -29.778 -29.956 -23.047 0.600000
42536 -27.859 -29.239 -24.004 0.700000
42543 -28.210 -29.871 -24.310 0.700000
42544 -27.919 -29.203 -24.079 0.700000
42545 -30.158 -29.943 -24.583 0.700000
42546 -31.141 -30.382 -24.618 0.700000
42547 -32.033 -30.055 -24.625 0.700000
42548 -32.879 -29.812 -24.612 0.700000
42549 -34.294 -29.895 -24.481 0.600000
42550 -35.144 -30.179 -24.366 0.500000
42561 -28.125 -29.134 -24.230 0.700000
42562 -28.956 -29.383 -24.566 0.700000
43309 -29.998 -29.267 -18.867 0.300000
43311 -31.742 -29.454 -18.777 0.400000
43312 -31.435 -28.783 -19.150 0.400000
43316 -32.241 -28.942 -19.234 0.300000
43317 -33.186 -29.062 -19.388 0.300000
43318 -34.163 -29.470 -19.508 0.300000
43319 -34.007 -28.767 -19.694 0.300000
43325 -34.722 -29.091 -20.164 0.300000
43326 -35.241 -28.659 -20.746 0.300000
43327 -35.532 -29.019 -21.199 0.300000
43333 -30.791 -30.000 -22.804 0.600000
43334 -32.675 -29.699 -22.752 0.500000
43335 -33.754 -29.716 -22.648 0.500000
43336 -34.715 -29.605 -22.244 0.400000
43337 -35.348 -29.361 -21.676 0.300000
43344 -28.551 -28.009 -23.738 0.600000
43345 -29.159 -29.094 -23.453 0.600000
43346 -31.156 -28.864 -23.299 0.600000
43347 -32.173 -29.058 -23.161 0.500000
43348 -33.169 -29.093 -23.044 0.500000
43349 -34.258 -28.939 -22.755 0.400000
43350 -35.073 -29.019 -22.262 0.300000
43355 -27.803 -28.510 -24.038 0.700000
43361 -27.867 -28.614 -24.119 0.700000
43362 -31.097 -29.416 -24.832 0.700000
43363 -32.194 -29.161 -24.886 0.700000
43364 -33.104 -29.080 -24.987 0.500000
43365 -33.958 -29.192 -24.947 0.600000
43376 -28.211 -28.497 -24.291 0.700000
43377 -29.227 -28.454 -24.546 0.700000
43378 -30.302 -28.456 -24.882 0.700000
43379 -31.379 -28.461 -25.188 0.700000
43380 -32.503 -28.384 -25.437 0.700000
43381 -33.600 -28.504 -25.555 0.600000
44147 -30.617 -28.678 -19.170 0.300000
44157 -31.978 -28.224 -19.454 0.300000
44158 -32.702 -27.625 -19.715 0.300000
44159 -33.423 -28.245 -19.726 0.300000
44164 -34.364 -28.252 -20.265 0.300000
44165 -34.995 -27.953 -20.798 0.300000
44166 -35.312 -28.105 -21.316 0.300000
44171 -35.305 -27.783 -21.915 0.300000
44177 -28.432 -27.388 -24.096 0.600000
44178 -29.903 -28.463 -23.460 0.600000
44179 -30.707 -27.972 -23.467 0.600000
44180 -31.725 -28.405 -23.370 0.500000
44181 -32.608 -28.414 -23.343 0.500000
44182 -34.226 -28.083 -23.035 0.300000
44183 -34.930 -28.348 -22.412 0.300000
44188 -27.704 -27.765 -24.098 0.700000
44189 -28.146 -27.564 -24.085 0.600000
44195 -27.516 -27.920 -24.152 0.700000
44196 -29.032 -27.127 -24.246 0.600000
44204 -29.496 -27.592 -24.644 0.500000
44205 -30.392 -27.522 -25.214 0.500000
44206 -31.549 -27.659 -25.590 0.500000
44207 -33.063 -27.907 -25.789 0.500000
44208 -34.444 -28.318 -25.922 0.600000
44209 -35.293 -28.282 -26.122 0.500000
44219 -34.635 -27.805 -26.648 0.500000
45032 -30.047 -27.232 -19.601 0.300000
45034 -31.732 -27.442 -19.605 0.300000
45035 -32.297 -26.751 -19.857 0.300000
45039 -33.220 -26.866 -20.161 0.300000
45040 -34.176 -26.932 -20.585 0.300000
45041 -34.998 -27.195 -21.122 0.300000
45049 -35.311 -26.442 -21.649 0.300000
45050 -35.324 -26.838 -22.096 0.300000
45056 -29.129 -27.066 -23.964 0.600000
45057 -29.351 -27.519 -23.696 0.600000
45058 -30.208 -27.084 -23.690 0.600000
45059 -31.715 -27.562 -23.532 0.500000
45060 -33.236 -27.658 -23.442 0.500000
45061 -34.230 -27.290 -23.209 0.300000
45062 -34.365 -26.537 -23.253 0.300000
45063 -34.825 -27.552 -22.544 0.300000
45070 -28.961 -27.173 -24.157 0.600000
45071 -33.527 -26.773 -23.556 0.300000
45084 -29.600 -26.577 -25.031 0.500000
45085 -30.612 -26.614 -25.577 0.500000
45086 -31.823 -27.121 -26.017 0.500000
45087 -32.819 -27.342 -26.153 0.500000
45088 -32.228 -26.619 -26.443 0.500000
45089 -33.742 -27.728 -26.288 0.500000
45809 -31.400 -26.694 -19.761 0.300000
45812 -30.937 -25.995 -20.024 0.300000
45813 -31.858 -26.016 -20.035 0.300000
45814 -32.886 -25.935 -20.193 0.300000
45815 -33.863 -25.482 -20.542 0.300000
45816 -34.791 -26.107 -20.905 0.300000
45824 -35.231 -25.573 -21.581 0.300000
45825 -35.495 -25.914 -22.034 0.300000
45831 -29.981 -26.493 -24.128 0.600000
45832 -31.001 -26.592 -23.864 0.500000
45833 -34.464 -25.738 -23.410 0.300000
45834 -34.969 -26.195 -22.601 0.300000
45841 -29.479 -26.631 -24.467 0.600000
45842 -29.760 -25.868 -24.672 0.600000
45843 -30.447 -25.869 -24.404 0.600000
45844 -31.639 -26.030 -24.198 0.400000
45845 -32.920 -26.103 -24.058 0.300000
45846 -33.820 -26.183 -23.672 0.300000
45856 -29.624 -26.305 -24.684 0.600000
45857 -29.793 -25.754 -25.269 0.500000
45866 -30.534 -25.889 -25.684 0.500000
45867 -30.493 -25.063 -25.736 0.500000
45868 -31.290 -26.329 -26.042 0.500000
45877 -31.375 -25.601 -26.333 0.500000
45878 -32.563 -26.085 -26.938 0.500000
46534 -30.098 -24.772 -20.291 0.300000
46535 -30.841 -25.217 -20.290 0.300000
46536 -33.007 -24.946 -20.384 0.300000
46537 -33.788 -24.597 -20.637 0.300000
46538 -34.633 -25.090 -20.983 0.300000
46547 -34.991 -24.679 -21.611 0.300000
46548 -35.320 -25.078 -22.050 0.300000
46554 -34.761 -24.901 -23.340 0.300000
46555 -35.088 -25.369 -22.588 0.300000
46572 -30.147 -25.288 -24.874 0.500000
46573 -32.081 -25.356 -24.532 0.500000
46574 -33.156 -24.977 -24.535 0.400000
46575 -31.967 -24.634 -24.965 0.500000
46576 -34.191 -25.118 -24.103 0.300000
46585 -30.313 -25.158 -25.449 0.600000
46586 -32.927 -24.293 -25.001 0.300000
46587 -33.940 -24.526 -24.636 0.300000
46603 -31.128 -24.711 -26.262 0.500000
46604 -31.530 -24.251 -26.813 0.500000
46605 -31.912 -25.077 -26.871 0.500000
46607 -32.175 -24.526 -27.367 0.500000
47262 -29.974 -23.991 -20.424 0.300000
47263 -30.600 -24.024 -20.465 0.400000
47264 -32.252 -24.318 -20.442 0.300000
47265 -33.117 -24.222 -20.520 0.300000
47266 -33.666 -23.817 -20.802 0.300000
47275 -34.376 -24.233 -21.149 0.300000
47276 -34.820 -23.879 -21.670 0.300000
47277 -35.174 -24.122 -22.171 0.300000
47284 -35.413 -23.661 -22.918 0.300000
47293 -30.954 -24.946 -24.918 0.500000
47294 -34.633 -24.431 -24.049 0.300000
47295 -35.209 -23.715 -24.022 0.300000
47304 -30.493 -24.971 -25.212 0.500000
47305 -31.111 -24.644 -25.501 0.500000
47306 -31.999 -24.225 -25.573 0.400000
47307 -33.728 -24.097 -25.160 0.300000
47308 -34.518 -24.062 -24.815 0.300000
47317 -30.746 -24.762 -25.796 0.600000
47318 -31.411 -24.257 -26.217 0.500000
47321 -31.346 -24.418 -26.295 0.500000
47322 -31.594 -23.821 -26.810 0.500000
47990 -30.250 -23.364 -20.542 0.300000
47991 -31.058 -23.310 -20.549 0.300000
47992 -31.931 -23.400 -20.569 0.400000
47993 -32.828 -23.564 -20.629 0.300000
47994 -32.534 -22.749 -20.815 0.300000
48003 -33.448 -23.039 -21.007 0.300000
48004 -34.132 -22.596 -21.345 0.300000
48005 -34.890 -23.094 -21.757 0.300000
48012 -35.379 -22.554 -22.241 0.300000
48013 -35.797 -22.856 -22.840 0.300000
48022 -35.773 -23.102 -23.543 0.300000
48031 -32.934 -23.900 -25.641 0.400000
48032 -34.134 -23.636 -25.750 0.300000
48033 -35.177 -22.987 -25.939 0.300000
48034 -35.791 -22.978 -24.626 0.300000
48038 -31.787 -23.264 -26.832 0.400000
48039 -32.852 -23.383 -26.358 0.300000
48040 -33.973 -22.934 -26.549 0.300000
48042 -31.909 -22.873 -27.400 0.500000
48771 -30.588 -22.617 -20.729 0.400000
48772 -31.554 -22.509 -20.790 0.300000
48787 -33.221 -22.124 -21.155 0.300000
48788 -34.028 -21.736 -21.401 0.300000
48789 -34.721 -22.157 -21.744 0.300000
48795 -35.210 -21.680 -22.228 0.300000
48796 -35.878 -22.059 -22.737 0.300000
48803 -36.134 -22.340 -23.646 0.300000
48810 -35.999 -22.293 -25.424 0.300000
48811 -36.272 -22.197 -24.603 0.300000
48812 -36.396 -21.730 -25.033 0.300000
48816 -32.506 -22.533 -26.916 0.400000
48817 -34.767 -21.594 -26.762 0.300000
48818 -35.519 -22.048 -26.257 0.300000
48820 -32.010 -22.282 -27.498 0.400000
48821 -32.538 -21.618 -27.400 0.400000
48822 -33.758 -22.096 -26.982 0.400000
48824 -31.715 -21.901 -27.886 0.400000
49560 -33.393 -21.413 -21.373 0.300000
49561 -33.855 -20.923 -21.559 0.300000
49562 -34.537 -21.321 -21.807 0.300000
49570 -34.971 -20.853 -22.266 0.300000
49571 -35.655 -21.197 -22.763 0.300000
49578 -36.388 -21.493 -24.216 0.300000
49579 -36.154 -20.735 -23.481 0.300000
49580 -36.435 -21.066 -24.966 0.300000
49589 -34.738 -20.598 -26.765 0.300000
49590 -35.539 -21.061 -26.277 0.300000
49591 -36.065 -21.477 -25.640 0.300000
49596 -31.703 -20.362 -27.928 0.400000
49597 -32.123 -20.806 -27.705 0.400000
49598 -33.002 -20.803 -27.423 0.400000
49599 -33.837 -21.195 -27.225 0.400000
49604 -31.739 -20.708 -27.976 0.400000
50251 -33.293 -20.309 -21.694 0.300000
50258 -34.001 -20.276 -21.805 0.300000
50259 -34.645 -20.012 -22.219 0.300000
50260 -35.545 -20.295 -22.681 0.300000
50268 -36.087 -19.783 -23.218 0.300000
50269 -36.415 -20.055 -24.027 0.300000
50277 -36.387 -20.290 -24.822 0.300000
50279 -34.501 -19.522 -26.704 0.300000
50280 -35.596 -19.961 -26.145 0.300000
50281 -36.099 -20.608 -25.576 0.300000
50284 -31.629 -19.533 -27.916 0.400000
50285 -32.002 -19.837 -27.662 0.400000
50286 -32.853 -20.097 -27.437 0.300000
50287 -33.816 -20.288 -27.207 0.300000
50290 -31.578 -19.982 -28.036 0.400000
50296 -31.728 -20.299 -28.129 0.400000
50302 -32.033 -20.138 -28.395 0.400000
51031 -35.428 -19.278 -22.631 0.300000
51042 -36.321 -19.400 -23.772 0.300000
51050 -36.333 -19.458 -24.605 0.300000
51055 -35.374 -18.953 -26.129 0.300000
51059 -31.895 -18.987 -27.690 0.300000
51060 -32.709 -19.282 -27.418 0.300000
51061 -33.594 -18.861 -27.069 0.300000
51062 -31.596 -19.244 -28.070 0.400000
51067 -31.707 -19.674 -28.216 0.400000
51072 -32.056 -19.366 -28.452 0.400000
51790 -36.319 -18.781 -23.976 0.300000
51816 -31.731 -18.197 -27.833 0.400000
51817 -32.538 -18.469 -27.406 0.300000
51822 -31.614 -18.494 -28.025 0.300000
88647 -18.896 -70.200 -15.890 0.400000
88887 -32.046 -23.176 -27.672 0.400000
88895 -25.595 -60.485 -18.717 0.600000
88900 -23.622 -57.499 -17.999 0.600000
88925 -31.433 -25.464 -20.240 0.300000
88984 -18.321 -60.854 -18.300 0.500000
89022 -24.630 -54.227 -17.024 0.600000
89037 -24.524 -57.595 -18.132 0.700000
89044 -18.089 -62.351 -18.416 0.600000
89054 -27.523 -47.242 -20.546 0.900000
89060 -32.358 -47.832 -19.250 0.700000
89061 -31.227 -49.833 -19.280 0.800000
89070 -33.151 -44.901 -19.784 0.700000
89091 -30.579 -32.742 -22.001 0.800000
89150 -32.109 -42.072 -20.727 0.700000
89165 -33.802 -26.271 -20.465 0.300000
89203 -31.381 -38.511 -21.465 0.800000
89255 -27.738 -41.956 -21.234 0.800000
89263 -32.679 -28.411 -19.507 0.300000
89276 -33.722 -19.562 -22.023 0.300000
89297 -25.233 -60.791 -22.294 0.600000
89402 -18.205 -61.609 -18.469 0.500000
89443 -20.745 -52.240 -17.539 0.600000
89479 -27.800 -48.303 -20.447 0.900000
89515 -30.470 -49.922 -19.727 0.800000
89521 -32.036 -42.902 -20.594 0.700000
89539 -21.972 -64.283 -22.620 0.500000
89559 -34.191 -36.589 -20.650 0.700000
89866 -31.980 -43.800 -20.482 0.700000
89872 -31.232 -44.533 -20.462 0.700000
89873 -25.466 -44.293 -16.422 0.300000
89874 -30.923 -45.996 -20.373 0.800000
89876 -31.265 -46.820 -20.147 0.700000
89878 -29.802 -47.918 -20.320 0.800000
89881 -30.038 -48.681 -20.231 0.800000
89882 -28.535 -49.039 -20.415 0.900000
89923 -21.790 -52.352 -16.941 0.500000
89992 -28.696 -47.595 -20.471 0.800000
90081 -29.286 -39.837 -21.451 0.800000
90104 -20.830 -54.614 -18.404 0.500000
90129 -31.242 -34.485 -24.251 0.800000
90143 -28.373 -38.683 -22.513 0.800000
90190 -32.133 -25.249 -20.282 0.300000
90240 -24.826 -47.340 -21.667 0.800000
90293 -31.462 -24.834 -20.387 0.400000
90299 -33.267 -42.104 -20.461 0.700000
90402 -31.468 -49.108 -19.549 0.800000
90517 -33.314 -26.964 -26.792 0.400000
90543 -24.691 -58.480 -18.204 0.700000
90647 -28.698 -49.811 -20.315 0.800000
90670 -26.484 -43.291 -16.402 0.300000
90671 -25.421 -45.220 -16.414 0.400000
90806 -29.759 -43.615 -20.593 0.700000
90898 -34.117 -42.175 -20.094 0.700000
90927 -28.673 -54.693 -20.766 0.700000
90970 -27.908 -40.349 -21.512 0.800000
91012 -20.700 -67.156 -19.270 0.400000
91138 -27.106 -40.198 -21.763 0.800000
91191 -17.467 -63.797 -17.379 0.500000
91227 -32.543 -39.617 -23.144 0.400000
91255 -27.176 -56.415 -22.785 0.700000
91269 -34.511 -30.738 -24.049 0.500000
91473 -27.100 -50.109 -22.262 0.700000
91516 -26.172 -61.164 -21.358 0.600000
91529 -24.686 -47.507 -16.458 0.500000
91557 -30.195 -34.516 -24.362 0.800000
91610 -26.243 -44.067 -16.444 0.300000
91611 -24.837 -46.762 -16.478 0.500000
91612 -24.555 -48.300 -16.463 0.500000
91653 -27.206 -49.316 -22.394 0.700000
91753 -17.709 -61.142 -18.457 0.300000
91809 -33.079 -44.132 -20.230 0.700000
91810 -32.185 -46.977 -19.677 0.700000
91883 -29.513 -23.541 -20.512 0.400000
91905 -24.516 -45.446 -16.419 0.400000
91942 -36.114 -21.567 -23.339 0.300000
91985 -33.687 -27.577 -20.175 0.300000
92048 -29.109 -33.566 -22.329 0.800000
92118 -27.574 -42.319 -16.472 0.300000
92121 -23.733 -48.633 -16.483 0.400000
92155 -26.965 -50.926 -22.250 0.700000
92244 -31.439 -35.470 -21.849 0.800000
92267 -30.089 -33.235 -24.192 0.800000
92288 -30.484 -29.834 -18.521 0.300000
92337 -26.609 -49.419 -20.422 0.800000
92443 -23.001 -51.240 -16.578 0.600000
92556 -29.806 -52.292 -17.909 0.800000
92580 -20.336 -63.435 -18.514 0.600000
92643 -28.825 -43.475 -20.811 0.800000
92683 -27.666 -60.189 -21.491 0.600000
92692 -28.941 -50.575 -20.205 0.800000
92696 -24.424 -49.145 -16.502 0.400000
92740 -27.295 -47.509 -16.556 0.600000
92847 -26.359 -41.055 -21.683 0.800000
92961 -28.804 -36.830 -15.326 0.300000
93037 -29.503 -36.723 -15.337 0.300000
93077 -32.523 -31.305 -23.943 0.600000
93166 -31.893 -37.573 -15.091 0.300000
93187 -20.888 -50.076 -17.242 0.600000
93198 -23.561 -49.463 -16.471 0.500000
93249 -31.518 -39.188 -21.307 0.800000
93425 -26.521 -44.362 -21.428 0.800000
93438 -32.216 -47.487 -17.937 0.700000
93467 -24.167 -55.733 -24.738 0.600000
93529 -33.526 -28.475 -23.207 0.400000
93547 -31.148 -34.803 -21.752 0.800000
93697 -36.147 -19.889 -25.354 0.300000
93774 -31.407 -48.691 -17.670 0.700000
93827 -28.917 -40.036 -23.362 0.700000
93925 -24.182 -53.443 -23.397 0.700000
93987 -31.778 -17.318 -27.929 0.300000
94024 -31.356 -24.086 -20.483 0.300000
94032 -23.346 -50.313 -16.482 0.500000
94064 -19.457 -56.767 -18.502 0.400000
94078 -30.383 -27.970 -19.417 0.300000
94079 -30.463 -44.477 -22.474 0.500000
94119 -28.697 -53.414 -17.515 0.700000
94193 -27.635 -51.665 -20.445 0.900000
94319 -32.410 -27.694 -25.769 0.500000
94359 -32.867 -44.570 -17.914 0.700000
94513 -33.310 -35.548 -24.442 0.700000
94530 -25.991 -48.086 -22.732 0.700000
94717 -30.898 -40.564 -21.137 0.700000
94772 -35.157 -24.543 -22.643 0.300000
94844 -34.737 -40.383 -19.747 0.700000
94859 -26.995 -58.495 -18.690 0.700000
94922 -30.629 -43.719 -22.463 0.500000
95012 -31.160 -36.636 -24.204 0.700000
95016 -27.962 -29.976 -23.769 0.700000
95042 -30.459 -29.374 -23.185 0.600000
95085 -29.732 -22.804 -20.704 0.300000
95263 -29.175 -34.590 -24.393 0.800000
95302 -26.809 -48.589 -16.540 0.700000
95304 -25.869 -50.337 -16.456 0.800000
95436 -31.728 -23.680 -27.290 0.500000
95774 -21.779 -56.563 -18.421 0.500000
95782 -35.304 -32.972 -20.288 0.600000
95995 -20.407 -50.261 -17.469 0.500000
96074 -24.379 -60.771 -23.216 0.600000
96087 -25.100 -51.222 -22.715 0.700000
96264 -29.103 -42.598 -22.667 0.700000
96279 -30.016 -29.168 -24.694 0.700000
96447 -24.473 -54.350 -24.984 0.600000
96528 -30.392 -51.676 -19.426 0.800000
96552 -29.260 -54.747 -20.248 0.700000
96556 -22.187 -63.295 -22.672 0.500000
96631 -22.726 -63.407 -18.620 0.500000
96684 -21.637 -55.764 -18.567 0.500000
96687 -28.490 -44.489 -16.421 0.500000
96689 -28.192 -44.822 -22.770 0.700000
96717 -31.695 -17.826 -27.947 0.300000
96774 -26.627 -57.484 -24.217 0.600000
96882 -35.356 -23.345 -22.341 0.300000
96947 -26.261 -52.829 -16.822 0.600000
97027 -30.535 -44.701 -16.701 0.700000
97212 -26.187 -52.903 -21.489 0.700000
97246 -31.593 -29.667 -22.859 0.600000
97301 -30.088 -33.573 -22.136 0.800000
97317 -33.550 -19.585 -27.210 0.300000
97394 -28.283 -48.840 -16.609 0.700000
97395 -31.762 -37.910 -23.600 0.700000
97408 -20.326 -67.255 -18.480 0.400000
97449 -27.936 -30.177 -23.975 0.700000
97475 -26.587 -55.058 -22.622 0.700000
97555 -23.561 -63.878 -21.563 0.500000
97613 -32.159 -38.374 -16.612 0.400000
97755 -27.943 -56.627 -22.323 0.700000
97764 -26.304 -43.504 -21.572 0.800000
97851 -29.901 -42.095 -16.587 0.500000
98145 -34.237 -23.444 -21.286 0.300000
98156 -25.204 -59.826 -18.369 0.700000
98245 -30.163 -38.509 -23.694 0.700000
98248 -34.522 -19.182 -22.318 0.300000
98265 -29.121 -51.203 -20.175 0.800000
98286 -25.055 -53.876 -22.667 0.700000
98301 -33.808 -34.676 -21.216 0.700000
98407 -27.988 -40.642 -16.500 0.300000
98529 -28.424 -42.140 -16.474 0.300000
98598 -29.798 -43.984 -22.470 0.600000
98616 -29.951 -44.817 -16.589 0.600000
98632 -32.049 -23.820 -26.166 0.400000
98688 -26.149 -44.294 -23.261 0.800000
98755 -31.225 -45.072 -17.002 0.700000
98874 -23.709 -45.693 -16.421 0.400000
99034 -24.642 -48.142 -21.687 0.700000
99077 -28.343 -48.746 -22.484 0.600000
99169 -22.391 -50.473 -16.601 0.600000
99341 -29.955 -25.474 -25.185 0.600000
99454 -18.947 -53.465 -18.716 0.300000
99471 -29.827 -28.555 -19.253 0.300000
99535 -32.502 -42.399 -17.307 0.700000
99584 -35.331 -35.946 -19.482 0.600000
99585 -35.272 -27.265 -21.687 0.300000
99881 -27.874 -49.653 -16.661 0.800000
99896 -34.474 -27.582 -20.590 0.300000
99911 -31.889 -21.567 -27.745 0.400000
100014 -25.987 -46.058 -16.427 0.500000
100017 -25.348 -48.013 -16.487 0.500000
100018 -24.275 -50.016 -16.457 0.500000
100020 -29.711 -44.691 -22.499 0.500000
100122 -20.204 -55.059 -19.234 0.500000
100125 -33.954 -30.928 -22.237 0.600000
100138 -24.709 -47.128 -21.863 0.800000
100139 -28.273 -38.101 -22.889 0.800000
100227 -24.965 -60.454 -18.357 0.600000
100239 -34.918 -29.394 -24.828 0.500000
100248 -32.982 -34.457 -24.097 0.600000
100271 -30.136 -39.174 -23.590 0.700000
100317 -35.377 -28.611 -21.766 0.300000
100336 -29.823 -45.615 -16.607 0.700000
100419 -34.402 -28.843 -25.341 0.500000
100425 -28.180 -38.402 -23.059 0.800000
100646 -31.368 -43.538 -22.514 0.500000
100747 -26.385 -43.446 -23.301 0.800000
100759 -29.245 -31.268 -24.419 0.800000
100772 -33.558 -29.650 -24.641 0.600000
100798 -33.277 -42.237 -17.730 0.700000
100801 -35.304 -34.659 -19.182 0.600000
100845 -20.937 -57.744 -17.887 0.500000
100913 -25.626 -44.102 -21.755 0.900000
100924 -28.651 -30.693 -17.974 0.300000
101158 -30.236 -30.790 -24.516 0.700000
101173 -27.426 -45.186 -23.099 0.800000
101272 -31.676 -19.060 -28.182 0.400000
101288 -26.218 -45.520 -21.284 0.800000
101313 -30.677 -51.093 -18.295 0.800000
101385 -28.278 -27.658 -24.231 0.700000
101809 -31.553 -41.280 -20.876 0.700000
101819 -19.335 -68.699 -16.226 0.400000
101832 -26.599 -47.370 -16.527 0.600000
101838 -17.260 -64.972 -16.647 0.500000
101886 -25.778 -49.138 -16.517 0.600000
101929 -32.609 -46.861 -18.267 0.700000
101952 -28.795 -41.240 -16.481 0.300000
101958 -24.211 -52.327 -22.018 0.700000
101984 -31.235 -43.163 -20.583 0.700000
101995 -21.593 -59.222 -17.304 0.600000
102027 -22.509 -46.577 -16.562 0.300000
102032 -31.969 -33.423 -21.558 0.800000
102085 -34.193 -43.001 -19.109 0.700000
102215 -28.922 -45.745 -20.551 0.800000
102268 -30.929 -25.405 -24.581 0.500000
102303 -34.847 -36.355 -20.307 0.600000
102462 -34.738 -40.066 -18.553 0.700000
102489 -31.741 -40.482 -16.800 0.600000
102905 -35.060 -23.583 -25.117 0.300000
102906 -34.797 -35.434 -18.055 0.300000
103031 -32.508 -38.254 -23.475 0.600000
103047 -32.245 -30.243 -22.616 0.600000
103076 -30.754 -31.926 -22.146 0.800000
103089 -31.396 -41.575 -22.556 0.600000
103114 -34.194 -36.872 -17.549 0.300000
103115 -21.472 -61.008 -17.424 0.600000
103395 -30.137 -25.357 -25.388 0.500000
103514 -24.084 -60.352 -17.761 0.600000
103594 -30.791 -43.270 -16.750 0.500000
103881 -30.809 -39.290 -16.505 0.400000
103968 -24.736 -55.326 -17.361 0.600000
104035 -32.133 -34.582 -15.600 0.300000
104058 -18.756 -61.370 -18.366 0.600000
104076 -24.033 -59.723 -17.705 0.600000
104121 -24.751 -48.924 -20.814 0.700000
104142 -32.359 -26.789 -23.718 0.400000
104260 -27.817 -53.667 -17.298 0.700000
104298 -34.736 -22.394 -26.563 0.300000
104382 -32.636 -43.288 -22.835 0.300000
104439 -31.526 -35.973 -14.636 0.300000
104481 -34.642 -31.812 -19.101 0.400000
104513 -19.459 -63.247 -18.443 0.600000
104637 -26.139 -46.138 -23.357 0.800000
104701 -36.440 -20.716 -24.324 0.300000
104702 -29.559 -53.198 -18.029 0.700000
104818 -29.799 -53.706 -19.299 0.800000
104870 -33.661 -25.666 -24.079 0.300000
104874 -33.380 -34.903 -24.396 0.700000
104914 -28.066 -33.777 -23.011 0.800000
104972 -30.413 -51.872 -18.430 0.700000
104989 -27.351 -55.325 -17.609 0.700000
105087 -33.622 -30.300 -24.337 0.600000
105189 -31.590 -18.842 -27.958 0.400000
105296 -21.999 -53.879 -17.422 0.500000
105437 -20.689 -50.438 -17.409 0.600000
105530 -35.023 -24.215 -23.335 0.300000
105721 -19.030 -53.030 -17.907 0.400000
105897 -22.437 -55.096 -17.880 0.500000
105933 -34.755 -26.888 -22.710 0.300000
105989 -24.256 -53.455 -23.943 0.700000
106095 -34.879 -39.030 -19.911 0.700000
106212 -34.399 -20.663 -21.894 0.300000
106225 -35.262 -38.409 -19.496 0.700000
106368 -29.321 -56.130 -19.581 0.800000
106454 -29.428 -46.351 -20.468 0.800000
106483 -31.215 -32.289 -21.938 0.800000
106554 -28.025 -51.268 -20.357 0.800000
106671 -29.814 -37.386 -22.486 0.800000
106786 -24.547 -61.204 -21.858 0.500000
106810 -27.915 -42.697 -21.152 0.800000
106830 -25.457 -46.597 -16.489 0.500000
106836 -35.145 -23.616 -21.959 0.300000
106849 -29.515 -53.834 -18.341 0.700000
106880 -32.199 -33.813 -21.506 0.800000
106925 -33.057 -31.157 -23.940 0.600000
107074 -33.855 -26.989 -27.239 0.400000
107122 -31.300 -41.775 -20.812 0.700000
107210 -22.464 -54.466 -17.548 0.500000
107226 -26.990 -41.412 -21.477 0.800000
107243 -34.987 -40.057 -19.179 0.700000
107287 -32.577 -36.965 -23.953 0.700000
107351 -24.223 -54.771 -24.221 0.600000
107440 -29.218 -31.789 -22.395 0.800000
107441 -19.805 -57.963 -17.688 0.500000
107571 -35.060 -34.904 -18.480 0.500000
107681 -30.191 -43.996 -16.633 0.500000
107690 -34.782 -36.915 -20.172 0.600000
107730 -30.457 -34.693 -22.164 0.800000
107760 -29.139 -37.951 -22.550 0.800000
107776 -32.655 -21.380 -21.313 0.300000
107823 -26.023 -44.729 -16.416 0.400000
107862 -33.282 -39.540 -23.233 0.400000
107873 -32.331 -37.920 -15.721 0.300000
108018 -25.702 -51.743 -23.068 0.700000
108103 -24.438 -61.017 -22.133 0.500000
108171 -28.778 -39.313 -23.393 0.900000
108312 -35.112 -30.446 -19.967 0.300000
108499 -32.707 -41.976 -17.409 0.700000
108503 -30.789 -34.679 -14.816 0.300000
108533 -33.125 -20.900 -21.464 0.300000
108563 -28.386 -32.627 -24.079 0.800000
108651 -26.263 -56.782 -24.160 0.600000
108661 -28.410 -58.898 -22.480 0.700000
108688 -20.839 -55.502 -18.804 0.500000
108757 -32.706 -40.208 -22.923 0.400000
108788 -35.361 -30.813 -24.049 0.500000
108823 -30.865 -24.601 -20.412 0.400000
108843 -29.440 -40.789 -16.519 0.300000
108871 -27.025 -47.470 -23.212 0.700000
108906 -21.749 -50.523 -16.776 0.600000
108912 -27.625 -44.383 -16.376 0.400000
109105 -32.999 -25.557 -24.337 0.500000
109124 -35.285 -34.729 -19.849 0.600000
109136 -35.644 -29.275 -25.112 0.600000
