#!ascii label  , from subject OAS1_0001-3 vox2ras=TkReg 
523
9621 -22.015 -73.245 -19.804 0.500000
9634 -21.599 -72.851 -20.200 0.500000
10341 -19.563 -72.339 -18.775 0.500000
10342 -19.742 -71.777 -18.504 0.500000
10343 -20.244 -72.085 -19.260 0.500000
10344 -23.011 -72.227 -19.563 0.500000
10359 -22.361 -72.063 -20.020 0.500000
10360 -22.906 -71.546 -19.840 0.400000
10370 -20.900 -72.670 -20.440 0.500000
10371 -21.504 -72.339 -20.309 0.500000
11049 -19.061 -72.027 -18.622 0.500000
11050 -18.638 -71.469 -18.942 0.500000
11051 -19.274 -71.273 -18.583 0.500000
11052 -19.866 -71.110 -18.271 0.500000
11053 -21.481 -71.261 -19.890 0.500000
11054 -20.560 -71.558 -19.058 0.500000
11055 -21.533 -71.430 -19.861 0.400000
11069 -18.010 -71.592 -19.570 0.500000
11070 -22.072 -71.535 -20.160 0.500000
11071 -22.333 -71.087 -20.020 0.400000
11072 -22.930 -71.360 -19.844 0.400000
11084 -18.199 -70.974 -20.580 0.500000
11831 -18.987 -70.585 -19.107 0.500000
11832 -19.395 -69.947 -18.805 0.400000
11833 -19.745 -70.363 -18.269 0.400000
11834 -20.665 -70.981 -18.651 0.400000
11844 -18.665 -70.963 -19.843 0.500000
11845 -19.232 -70.259 -20.282 0.500000
11846 -22.584 -71.156 -19.940 0.400000
11854 -17.639 -70.845 -21.306 0.500000
11855 -18.525 -70.350 -21.579 0.500000
11856 -19.161 -69.988 -21.272 0.500000
11862 -17.924 -70.364 -22.302 0.500000
11863 -18.492 -69.933 -22.510 0.500000
11864 -18.880 -69.798 -21.995 0.500000
11879 -18.010 -70.041 -23.101 0.500000
12601 -19.750 -69.027 -19.956 0.400000
12609 -19.612 -69.342 -20.723 0.400000
12615 -18.871 -69.493 -22.493 0.500000
12616 -19.308 -69.230 -21.874 0.500000
12623 -18.546 -69.475 -23.038 0.600000
12624 -19.012 -68.927 -22.678 0.600000
12633 -16.921 -69.511 -23.888 0.500000
12634 -17.809 -69.298 -23.587 0.500000
13341 -19.961 -68.491 -20.498 0.400000
13342 -20.227 -67.816 -20.961 0.400000
13346 -19.763 -68.492 -21.319 0.400000
13355 -18.533 -68.623 -23.217 0.600000
13356 -17.820 -68.202 -23.585 0.500000
13357 -18.546 -67.552 -23.100 0.600000
13358 -19.187 -67.557 -22.445 0.500000
13365 -16.509 -68.180 -24.236 0.500000
13366 -17.130 -68.709 -24.007 0.500000
13381 -19.100 -68.477 -26.560 0.500000
13382 -18.423 -68.197 -26.224 0.600000
13383 -19.111 -68.105 -25.882 0.600000
13384 -19.803 -68.364 -26.027 0.600000
13385 -19.920 -67.910 -25.675 0.500000
13386 -20.659 -68.382 -25.849 0.500000
13387 -21.321 -67.839 -25.564 0.500000
13388 -21.633 -68.401 -25.872 0.500000
13389 -22.198 -67.764 -25.553 0.600000
13390 -22.591 -68.269 -25.930 0.500000
13391 -23.102 -67.739 -25.536 0.500000
13392 -23.541 -68.200 -26.012 0.500000
13393 -23.951 -67.724 -25.484 0.500000
13394 -24.476 -68.030 -25.990 0.500000
13402 -17.169 -68.082 -26.958 0.500000
13403 -18.080 -68.391 -26.789 0.500000
13404 -17.658 -68.013 -26.305 0.500000
13405 -20.142 -68.645 -26.543 0.500000
13406 -21.089 -68.710 -26.428 0.400000
13407 -22.056 -68.481 -26.542 0.500000
13408 -23.026 -68.327 -26.645 0.500000
13421 -20.572 -68.545 -27.278 0.400000
13422 -21.532 -68.414 -27.304 0.500000
14114 -19.802 -67.630 -21.789 0.500000
14115 -20.567 -67.189 -21.369 0.600000
14117 -17.131 -67.891 -23.839 0.600000
14118 -16.597 -67.224 -23.895 0.500000
14119 -17.013 -66.381 -23.542 0.600000
14120 -18.369 -66.602 -23.148 0.600000
14121 -18.982 -66.848 -22.690 0.500000
14122 -20.129 -66.920 -22.080 0.500000
14129 -15.902 -67.671 -24.399 0.500000
14130 -15.793 -66.873 -24.220 0.500000
14132 -23.593 -67.248 -25.084 0.500000
14133 -22.762 -67.158 -25.158 0.600000
14134 -24.129 -66.821 -24.776 0.700000
14135 -24.716 -67.596 -25.342 0.500000
14136 -25.023 -67.015 -24.771 0.500000
14137 -25.834 -67.303 -25.264 0.500000
14138 -25.925 -66.580 -24.765 0.600000
14144 -18.292 -67.662 -25.755 0.700000
14145 -17.364 -67.456 -25.789 0.700000
14146 -17.888 -67.004 -25.580 0.700000
14147 -19.232 -67.365 -25.546 0.700000
14148 -20.182 -67.040 -25.378 0.700000
14149 -20.979 -67.243 -25.349 0.600000
14150 -21.784 -67.032 -25.211 0.600000
14151 -25.270 -67.723 -25.748 0.400000
14879 -20.898 -66.628 -21.804 0.600000
14885 -16.293 -66.401 -23.774 0.500000
14886 -15.629 -65.972 -23.989 0.600000
14887 -16.492 -65.509 -23.614 0.600000
14888 -17.462 -65.654 -23.421 0.600000
14889 -18.243 -65.858 -23.224 0.600000
14890 -19.345 -65.739 -22.844 0.600000
14891 -21.020 -65.867 -22.255 0.600000
14899 -14.871 -66.616 -24.433 0.500000
14902 -22.534 -66.395 -25.053 0.600000
14903 -23.348 -66.623 -24.860 0.700000
14904 -24.594 -66.258 -24.612 0.700000
14905 -25.315 -66.268 -24.621 0.600000
14906 -25.924 -65.616 -24.599 0.700000
14908 -26.744 -66.116 -24.754 0.600000
14913 -15.098 -65.337 -25.762 0.700000
14914 -15.941 -65.954 -25.491 0.700000
14916 -16.947 -65.726 -25.448 0.700000
14917 -17.926 -66.149 -25.475 0.800000
14918 -18.714 -65.728 -25.475 0.700000
14919 -19.409 -66.380 -25.460 0.700000
14920 -20.955 -65.513 -25.459 0.700000
14921 -21.722 -66.021 -25.243 0.700000
15659 -22.080 -65.465 -22.081 0.500000
15665 -15.222 -64.151 -24.118 0.600000
15666 -16.387 -64.461 -23.712 0.600000
15667 -17.231 -64.809 -23.525 0.700000
15668 -18.072 -65.123 -23.385 0.600000
15669 -19.423 -65.081 -23.067 0.600000
15670 -20.216 -64.741 -22.914 0.600000
15671 -21.173 -65.021 -22.601 0.600000
15675 -13.585 -65.003 -24.338 0.500000
15676 -14.699 -65.481 -24.335 0.600000
15681 -23.201 -65.715 -24.901 0.700000
15682 -24.166 -65.452 -24.701 0.700000
15683 -24.995 -65.562 -24.627 0.700000
15684 -26.858 -65.247 -24.699 0.500000
15691 -15.323 -64.237 -25.684 0.700000
15692 -16.053 -64.929 -25.537 0.700000
15693 -16.951 -64.302 -25.544 0.700000
15694 -17.966 -64.862 -25.525 0.800000
15695 -18.859 -64.856 -25.585 0.800000
15696 -20.199 -64.952 -25.573 0.700000
15697 -20.860 -64.704 -25.696 0.700000
15698 -21.718 -64.999 -25.542 0.700000
15699 -22.679 -64.905 -25.392 0.700000
15700 -23.544 -64.803 -25.148 0.700000
15708 -13.434 -64.316 -26.219 0.700000
15709 -14.448 -64.191 -25.990 0.700000
16431 -16.194 -63.545 -23.903 0.600000
16432 -17.057 -63.800 -23.611 0.700000
16433 -17.926 -64.285 -23.440 0.700000
16434 -18.570 -63.949 -23.413 0.700000
16435 -20.181 -63.901 -23.261 0.600000
16436 -20.993 -64.132 -23.177 0.500000
16439 -12.015 -63.816 -24.860 0.500000
16440 -12.364 -64.069 -24.554 0.500000
16441 -13.176 -63.936 -24.418 0.500000
16442 -15.416 -63.629 -24.188 0.600000
16445 -11.947 -63.768 -25.112 0.500000
16446 -26.213 -64.595 -24.775 0.700000
16452 -15.130 -63.260 -25.698 0.700000
16453 -16.060 -63.761 -25.565 0.700000
16454 -16.875 -63.176 -25.666 0.700000
16455 -17.727 -63.534 -25.668 0.600000
16456 -18.622 -63.978 -25.625 0.500000
16457 -20.181 -63.878 -25.977 0.600000
16458 -21.242 -64.109 -26.020 0.600000
16459 -22.163 -64.165 -25.836 0.600000
16460 -23.039 -64.116 -25.721 0.700000
16461 -23.899 -64.061 -25.665 0.600000
16462 -24.746 -63.950 -25.495 0.600000
16463 -26.598 -63.763 -25.138 0.600000
16464 -27.440 -63.955 -25.081 0.500000
16472 -14.148 -63.444 -25.825 0.700000
17218 -16.393 -62.812 -23.802 0.600000
17219 -17.067 -62.953 -23.662 0.700000
17220 -17.914 -63.343 -23.490 0.600000
17221 -18.868 -63.273 -23.438 0.600000
17222 -19.735 -63.234 -23.437 0.600000
17223 -20.614 -63.247 -23.426 0.600000
17233 -12.618 -63.648 -24.749 0.500000
17234 -13.249 -63.273 -24.822 0.600000
17235 -14.130 -62.920 -24.874 0.600000
17236 -14.791 -63.201 -24.552 0.600000
17237 -15.619 -62.985 -24.368 0.600000
17242 -12.576 -63.400 -25.016 0.700000
17243 -13.413 -63.114 -25.110 0.700000
17244 -14.364 -62.938 -25.304 0.700000
17248 -12.770 -63.501 -25.405 0.700000
17249 -13.820 -63.192 -25.542 0.700000
17250 -14.801 -62.980 -25.587 0.700000
17251 -16.046 -63.202 -25.527 0.700000
17252 -16.912 -62.895 -25.591 0.600000
17253 -16.893 -62.369 -25.341 0.600000
17254 -17.449 -62.568 -25.588 0.500000
17255 -18.471 -62.864 -25.753 0.500000
17256 -19.450 -62.889 -25.993 0.500000
17257 -20.885 -63.343 -26.386 0.500000
17258 -20.662 -62.398 -26.525 0.400000
17259 -22.559 -63.513 -26.324 0.600000
17260 -23.413 -63.426 -26.352 0.600000
17261 -24.267 -63.324 -26.304 0.600000
17262 -25.161 -63.194 -26.156 0.600000
17263 -26.180 -62.888 -25.830 0.500000
17264 -27.142 -63.111 -25.541 0.400000
17271 -15.880 -62.893 -25.638 0.600000
17272 -16.314 -62.614 -25.368 0.600000
17273 -22.069 -62.955 -26.784 0.500000
17274 -22.900 -62.882 -26.967 0.600000
17275 -23.779 -62.774 -27.068 0.600000
17276 -24.664 -62.658 -27.028 0.600000
17277 -25.533 -62.592 -26.932 0.600000
18081 -17.003 -62.321 -24.058 0.700000
18082 -17.578 -62.605 -23.724 0.600000
18083 -20.152 -62.348 -23.651 0.600000
18084 -18.906 -61.821 -24.086 0.600000
18085 -21.158 -61.810 -23.403 0.500000
18094 -15.065 -62.807 -24.789 0.600000
18095 -15.835 -62.473 -24.728 0.600000
18096 -16.536 -62.223 -24.586 0.600000
18097 -20.138 -61.494 -23.981 0.600000
18098 -20.778 -61.261 -23.744 0.500000
18099 -21.544 -61.400 -23.444 0.500000
18107 -14.758 -62.651 -24.876 0.600000
18108 -15.818 -62.437 -25.100 0.600000
18109 -16.278 -62.222 -24.905 0.500000
18113 -15.251 -62.776 -25.360 0.600000
18114 -15.906 -62.585 -25.283 0.600000
18115 -16.334 -62.110 -25.238 0.500000
18116 -17.082 -61.978 -25.031 0.500000
18117 -17.539 -61.961 -25.298 0.500000
18118 -18.878 -62.029 -25.774 0.600000
18119 -19.766 -62.114 -26.092 0.500000
18120 -19.327 -61.289 -25.674 0.500000
18121 -26.976 -62.644 -26.155 0.400000
18129 -16.481 -62.380 -25.224 0.600000
18130 -20.079 -61.329 -26.143 0.500000
18131 -20.831 -61.405 -26.662 0.500000
18132 -22.305 -62.333 -27.303 0.600000
18133 -21.653 -61.503 -27.191 0.700000
18134 -23.302 -62.248 -27.639 0.600000
18135 -24.298 -62.299 -27.838 0.600000
18136 -25.079 -62.406 -27.917 0.600000
18137 -25.847 -62.171 -27.649 0.500000
18138 -27.317 -62.333 -26.895 0.400000
18148 -22.528 -61.599 -27.540 0.600000
18149 -24.089 -61.894 -28.122 0.600000
18150 -24.804 -62.097 -28.367 0.600000
18151 -25.354 -62.077 -28.221 0.600000
18152 -26.762 -61.934 -27.546 0.500000
18153 -27.735 -61.784 -27.572 0.400000
18162 -25.318 -61.637 -28.397 0.600000
19004 -17.667 -62.062 -24.119 0.600000
19005 -18.250 -61.853 -24.231 0.600000
19006 -22.575 -61.468 -22.911 0.500000
19026 -17.163 -61.965 -24.625 0.700000
19027 -17.823 -61.702 -24.676 0.600000
19028 -18.521 -61.493 -24.681 0.600000
19029 -19.432 -61.180 -24.621 0.600000
19030 -20.247 -60.696 -24.343 0.600000
19031 -21.033 -60.595 -24.038 0.500000
19034 -16.740 -62.067 -24.933 0.600000
19035 -17.402 -61.789 -25.045 0.600000
19036 -18.421 -61.557 -25.343 0.600000
19037 -19.460 -60.938 -25.269 0.600000
19041 -19.774 -60.690 -25.700 0.600000
19044 -20.234 -60.427 -26.083 0.600000
19045 -21.056 -60.320 -26.577 0.700000
19051 -21.926 -60.602 -27.160 0.600000
19052 -22.767 -60.724 -27.475 0.600000
19053 -23.809 -60.879 -27.739 0.600000
19054 -24.688 -61.491 -28.347 0.600000
19055 -26.121 -61.544 -28.033 0.600000
19056 -27.238 -61.311 -28.053 0.500000
19057 -28.269 -61.265 -28.256 0.400000
19071 -25.231 -61.085 -28.375 0.600000
19072 -25.925 -61.062 -28.286 0.600000
19073 -26.860 -61.008 -28.298 0.600000
19074 -27.830 -60.914 -28.453 0.500000
19938 -20.384 -60.099 -24.681 0.600000
19939 -20.830 -59.917 -24.794 0.600000
19940 -22.838 -60.739 -24.116 0.500000
19948 -19.883 -60.183 -24.918 0.600000
19949 -20.341 -59.696 -25.177 0.700000
19950 -20.835 -59.549 -25.306 0.700000
19951 -21.331 -59.649 -25.204 0.600000
19952 -22.200 -60.015 -25.058 0.500000
19956 -19.981 -60.114 -25.427 0.600000
19957 -20.474 -59.715 -25.794 0.600000
19958 -21.022 -59.338 -26.065 0.700000
19962 -21.526 -59.706 -26.609 0.700000
19967 -22.136 -59.710 -26.973 0.700000
19968 -22.918 -59.684 -27.308 0.700000
19969 -23.844 -59.655 -27.472 0.600000
19970 -24.686 -60.568 -27.990 0.600000
19971 -25.597 -60.309 -27.914 0.600000
19972 -25.466 -59.265 -27.384 0.600000
19973 -26.338 -59.605 -27.675 0.600000
19981 -27.410 -60.391 -28.209 0.600000
19982 -28.234 -60.180 -28.377 0.600000
20789 -21.832 -59.054 -25.776 0.600000
20790 -22.404 -58.197 -25.934 0.500000
20791 -23.644 -58.973 -25.703 0.400000
20796 -21.273 -59.227 -25.782 0.700000
20797 -21.910 -58.581 -26.013 0.600000
20798 -22.417 -58.121 -26.111 0.600000
20803 -21.627 -59.062 -26.235 0.700000
20804 -22.302 -58.899 -26.523 0.700000
20805 -22.998 -58.701 -26.816 0.700000
20807 -29.626 -58.889 -26.723 0.400000
20817 -23.922 -58.610 -27.077 0.600000
20818 -24.924 -58.233 -26.877 0.500000
20819 -27.015 -59.025 -27.674 0.600000
20820 -27.693 -59.524 -28.019 0.500000
20821 -27.746 -58.674 -27.670 0.600000
20823 -29.140 -58.882 -27.611 0.500000
21541 -23.183 -57.513 -25.909 0.500000
21551 -22.814 -57.748 -26.022 0.500000
21552 -23.275 -57.302 -26.060 0.500000
21553 -30.154 -58.722 -25.954 0.400000
21554 -29.433 -58.296 -26.066 0.400000
21555 -29.985 -58.159 -25.555 0.400000
21571 -23.072 -57.951 -26.367 0.600000
21572 -24.003 -57.232 -26.392 0.400000
21573 -28.949 -58.213 -26.932 0.500000
21574 -28.275 -57.672 -26.961 0.500000
21580 -25.968 -57.890 -27.041 0.500000
21581 -26.933 -58.054 -27.365 0.500000
21582 -27.757 -57.982 -27.333 0.500000
22281 -23.993 -56.642 -25.754 0.400000
22282 -30.182 -57.650 -25.122 0.400000
22283 -29.688 -57.033 -25.216 0.500000
22284 -30.254 -56.912 -24.609 0.400000
22285 -31.284 -56.997 -24.214 0.300000
22298 -23.664 -56.830 -25.951 0.500000
22299 -28.847 -57.394 -26.302 0.500000
22300 -28.158 -57.022 -26.605 0.500000
22301 -28.431 -56.508 -26.144 0.500000
22305 -25.205 -57.312 -26.665 0.500000
22306 -24.401 -56.653 -26.258 0.400000
22307 -25.620 -56.607 -26.532 0.500000
22308 -26.339 -57.258 -26.934 0.500000
22309 -26.720 -56.523 -26.657 0.500000
22310 -27.409 -57.260 -26.947 0.500000
22311 -27.653 -56.436 -26.501 0.500000
22955 -29.728 -56.106 -24.239 0.500000
22956 -30.217 -55.661 -23.641 0.400000
22957 -30.689 -56.353 -23.864 0.300000
22958 -31.144 -55.765 -23.478 0.300000
22975 -29.375 -56.375 -25.032 0.500000
22983 -24.178 -56.298 -25.648 0.500000
22984 -27.089 -55.748 -26.370 0.500000
22985 -27.946 -55.643 -26.022 0.500000
22986 -28.645 -56.016 -25.509 0.500000
22989 -24.980 -56.067 -26.101 0.400000
22990 -26.080 -55.889 -26.362 0.400000
23606 -28.851 -55.527 -24.759 0.500000
23607 -29.747 -54.894 -23.536 0.500000
23608 -32.324 -55.055 -23.242 0.300000
23622 -28.154 -54.709 -24.991 0.500000
23626 -24.570 -55.674 -25.642 0.500000
23627 -24.644 -54.944 -25.404 0.400000
23628 -25.425 -55.366 -25.954 0.400000
23629 -25.815 -54.592 -25.734 0.400000
23630 -26.506 -55.135 -26.123 0.400000
23631 -26.964 -54.431 -25.653 0.400000
23632 -27.739 -54.847 -25.557 0.500000
24313 -30.425 -54.338 -23.090 0.400000
24314 -31.098 -53.806 -22.708 0.400000
24315 -31.506 -54.577 -22.976 0.400000
24316 -31.772 -53.318 -22.500 0.400000
24317 -32.584 -53.607 -22.706 0.400000
24326 -28.649 -54.746 -24.064 0.500000
24327 -27.868 -54.056 -24.619 0.400000
24328 -28.301 -53.947 -23.778 0.400000
24329 -29.347 -54.084 -23.364 0.400000
24330 -33.412 -53.914 -23.203 0.300000
24337 -27.002 -53.729 -25.264 0.400000
24339 -27.244 -53.524 -24.882 0.400000
24340 -27.571 -54.123 -25.204 0.400000
25201 -30.179 -53.613 -22.825 0.500000
25202 -29.452 -53.461 -22.921 0.500000
25203 -29.916 -52.918 -22.599 0.500000
25204 -30.888 -52.970 -22.414 0.400000
25205 -31.731 -52.673 -22.303 0.400000
25206 -32.467 -52.878 -22.500 0.400000
25215 -27.475 -53.534 -24.069 0.400000
25217 -28.835 -53.575 -23.212 0.400000
26002 -28.949 -52.943 -22.664 0.400000
26003 -28.943 -52.064 -22.287 0.500000
26004 -30.353 -52.224 -22.185 0.500000
26005 -31.289 -52.132 -22.085 0.400000
26006 -32.255 -52.075 -22.248 0.400000
26007 -33.123 -51.681 -22.518 0.400000
26008 -33.703 -52.096 -23.002 0.300000
26783 -30.732 -51.410 -21.871 0.500000
26784 -31.688 -51.337 -21.994 0.400000
26785 -33.240 -50.750 -22.558 0.300000
26786 -33.850 -51.318 -23.115 0.300000
27609 -30.113 -50.639 -21.758 0.500000
27610 -31.192 -50.545 -21.868 0.500000
27611 -32.890 -49.905 -22.477 0.400000
27612 -33.447 -49.330 -22.955 0.400000
27613 -33.920 -49.622 -23.555 0.300000
28335 -28.921 -49.213 -22.260 0.500000
28336 -29.791 -48.988 -22.263 0.500000
28337 -30.858 -48.847 -22.283 0.500000
28339 -33.089 -48.514 -22.960 0.400000
28340 -33.587 -48.856 -23.648 0.300000
29023 -28.974 -48.367 -22.538 0.500000
29024 -29.299 -47.626 -22.616 0.500000
29025 -31.094 -48.029 -22.453 0.500000
29027 -32.902 -47.645 -23.033 0.400000
29775 -29.562 -46.862 -22.615 0.500000
89877 -30.297 -47.444 -22.516 0.500000
89880 -30.033 -48.240 -22.498 0.500000
89885 -30.538 -49.711 -21.906 0.500000
89925 -14.426 -64.301 -24.248 0.600000
89926 -21.477 -63.300 -23.142 0.600000
90196 -28.097 -53.247 -23.270 0.400000
90202 -29.687 -51.556 -21.963 0.500000
90232 -29.537 -57.559 -25.630 0.500000
90552 -18.585 -66.756 -25.476 0.600000
90574 -17.603 -67.159 -23.476 0.600000
90581 -26.449 -62.480 -26.900 0.500000
90630 -29.509 -49.841 -21.842 0.500000
90648 -19.487 -65.381 -25.536 0.700000
90649 -20.026 -65.612 -22.596 0.600000
90950 -23.803 -56.983 -25.688 0.500000
91319 -22.858 -59.424 -25.568 0.500000
91494 -28.394 -51.540 -22.086 0.500000
91581 -19.432 -64.403 -25.648 0.700000
91747 -19.581 -66.376 -22.528 0.600000
91866 -24.372 -64.674 -25.017 0.700000
92030 -19.531 -67.077 -22.336 0.600000
92123 -32.216 -50.574 -22.142 0.400000
92170 -20.970 -66.484 -25.304 0.700000
92284 -21.757 -60.446 -24.291 0.600000
92402 -18.808 -65.451 -23.169 0.600000
92676 -19.262 -62.488 -23.645 0.600000
92710 -18.063 -61.525 -25.083 0.600000
92713 -18.709 -64.679 -23.341 0.600000
92756 -31.556 -55.242 -23.284 0.300000
92811 -19.228 -63.568 -25.754 0.500000
93253 -17.317 -66.725 -25.553 0.600000
93459 -27.717 -62.659 -26.030 0.400000
94357 -18.097 -62.087 -25.553 0.600000
94393 -28.533 -59.242 -28.070 0.500000
94645 -30.763 -55.086 -23.302 0.400000
94662 -18.946 -68.154 -22.713 0.600000
94685 -13.370 -63.630 -25.858 0.700000
94834 -32.522 -54.354 -22.926 0.400000
95020 -25.663 -63.796 -25.255 0.600000
95258 -20.611 -67.759 -25.540 0.500000
95388 -22.698 -61.042 -23.392 0.400000
95397 -17.749 -66.306 -23.348 0.600000
95805 -21.010 -62.453 -23.415 0.500000
96164 -21.894 -60.977 -23.576 0.500000
96205 -26.559 -60.450 -28.036 0.600000
96649 -23.304 -61.615 -27.778 0.600000
96669 -29.119 -56.765 -25.686 0.500000
96818 -19.340 -68.320 -22.122 0.400000
96836 -24.189 -55.619 -25.228 0.400000
97262 -21.728 -63.520 -26.348 0.400000
97609 -34.028 -50.460 -23.335 0.300000
97795 -24.754 -59.613 -27.467 0.600000
97821 -28.505 -47.712 -22.734 0.500000
97872 -18.345 -62.473 -23.703 0.600000
98023 -19.436 -70.616 -18.555 0.500000
98115 -32.481 -51.307 -22.233 0.400000
98185 -13.991 -63.395 -24.499 0.600000
98382 -33.067 -52.442 -22.597 0.300000
98416 -27.314 -55.117 -25.990 0.500000
98456 -19.444 -69.721 -19.648 0.400000
98783 -20.786 -59.448 -25.567 0.700000
98879 -19.385 -64.134 -23.309 0.600000
99413 -18.728 -61.293 -25.090 0.600000
99496 -23.870 -66.177 -24.683 0.700000
99549 -18.898 -66.134 -22.918 0.600000
99563 -15.558 -64.872 -23.967 0.600000
99592 -26.144 -58.650 -27.366 0.600000
99842 -21.470 -62.334 -26.971 0.600000
99953 -23.717 -57.786 -26.541 0.400000
100055 -32.707 -49.187 -22.574 0.400000
100612 -23.461 -56.990 -25.976 0.500000
101390 -28.268 -55.300 -25.413 0.500000
102162 -27.031 -59.816 -27.876 0.600000
102355 -20.183 -62.973 -26.302 0.500000
102724 -21.380 -62.953 -26.635 0.500000
103000 -31.902 -53.943 -22.675 0.400000
103139 -26.957 -64.487 -24.842 0.500000
103212 -20.311 -66.296 -22.280 0.600000
103578 -20.207 -65.961 -25.486 0.700000
104033 -29.355 -55.448 -23.966 0.500000
104339 -23.217 -60.396 -24.957 0.500000
104543 -14.763 -63.691 -24.296 0.600000
104646 -29.053 -50.804 -21.779 0.500000
104882 -22.374 -65.625 -25.234 0.700000
105048 -21.902 -62.289 -22.930 0.500000
105655 -33.665 -49.999 -22.826 0.300000
105869 -33.189 -53.154 -22.806 0.300000
105950 -33.589 -52.697 -22.984 0.300000
106016 -25.225 -64.740 -24.829 0.700000
106097 -28.407 -58.411 -27.455 0.500000
106461 -16.664 -63.205 -23.735 0.600000
106475 -15.785 -64.160 -23.953 0.600000
106477 -24.690 -65.095 -24.730 0.700000
106727 -18.863 -70.548 -20.796 0.500000
107041 -29.582 -52.348 -22.353 0.500000
107101 -20.553 -65.313 -22.597 0.600000
107325 -20.642 -61.833 -23.600 0.500000
107478 -29.032 -51.471 -22.011 0.500000
107526 -15.389 -62.822 -25.431 0.600000
107777 -25.004 -67.896 -26.161 0.400000
107919 -28.939 -60.026 -28.462 0.500000
108404 -17.836 -61.685 -25.181 0.600000
108624 -24.283 -67.300 -25.023 0.500000
108634 -25.216 -67.437 -25.206 0.500000
108729 -21.400 -71.830 -20.239 0.500000
108793 -19.596 -61.842 -23.985 0.600000
108889 -24.807 -58.967 -27.176 0.600000
