#!ascii label  , from subject OAS1_0001-3 vox2ras=TkReg 
703
11174 -29.492 -71.596 -29.440 0.300000
11178 -32.401 -70.610 -30.473 0.300000
11186 -33.419 -70.987 -30.910 0.300000
11188 -33.748 -70.900 -32.371 0.300000
11219 -34.609 -71.306 -34.043 0.300000
11224 -34.915 -71.014 -34.299 0.300000
11952 -30.520 -70.596 -30.259 0.300000
11968 -30.105 -70.465 -31.255 0.300000
11969 -29.639 -70.066 -31.585 0.300000
11970 -30.749 -70.269 -31.282 0.300000
11971 -31.639 -70.324 -31.296 0.400000
11972 -32.752 -70.489 -31.825 0.400000
11981 -30.230 -70.030 -32.098 0.400000
11982 -31.031 -70.061 -32.409 0.400000
11983 -30.482 -69.713 -33.162 0.400000
11984 -34.035 -71.169 -33.672 0.300000
11992 -31.263 -70.141 -33.730 0.400000
11993 -32.153 -70.393 -34.083 0.400000
11994 -31.523 -69.998 -34.323 0.400000
11995 -33.206 -70.499 -34.186 0.400000
11996 -33.901 -71.004 -34.122 0.400000
11997 -35.477 -70.921 -33.948 0.300000
11998 -32.342 -70.101 -34.413 0.400000
11999 -33.234 -70.145 -34.396 0.400000
12000 -34.137 -70.751 -34.263 0.400000
12001 -34.725 -70.440 -34.231 0.400000
12712 -34.603 -69.308 -32.877 0.400000
12713 -34.334 -68.168 -32.020 0.300000
12724 -30.025 -69.242 -33.598 0.400000
12725 -30.815 -69.668 -33.987 0.400000
12726 -33.962 -69.395 -33.766 0.400000
12727 -30.418 -69.186 -34.006 0.400000
12728 -31.068 -69.352 -34.287 0.400000
12729 -31.781 -69.652 -34.474 0.400000
12730 -32.438 -69.540 -34.477 0.400000
12731 -33.206 -69.297 -34.212 0.400000
13456 -34.024 -68.471 -32.994 0.400000
13467 -33.484 -68.397 -33.322 0.400000
13468 -32.939 -68.340 -33.600 0.400000
13469 -33.136 -67.371 -33.056 0.400000
13470 -30.370 -68.764 -33.971 0.400000
13471 -30.982 -68.680 -34.033 0.400000
13472 -31.738 -68.930 -34.360 0.400000
13473 -32.465 -68.742 -34.145 0.400000
14139 -26.623 -66.836 -25.187 0.500000
14154 -27.223 -67.130 -25.651 0.500000
14155 -27.739 -67.337 -26.263 0.500000
14156 -28.779 -66.458 -25.656 0.500000
14169 -28.158 -67.295 -27.107 0.400000
14170 -28.993 -67.188 -27.248 0.400000
14171 -28.718 -67.092 -26.253 0.500000
14172 -29.424 -66.906 -26.662 0.500000
14190 -28.469 -67.217 -28.041 0.400000
14191 -29.266 -67.238 -28.203 0.500000
14192 -29.782 -67.020 -27.448 0.600000
14193 -30.248 -67.190 -28.483 0.700000
14206 -28.641 -67.022 -28.971 0.400000
14207 -27.942 -66.915 -29.672 0.400000
14208 -29.468 -67.251 -29.254 0.400000
14209 -30.323 -67.234 -29.728 0.400000
14218 -28.762 -66.998 -30.167 0.400000
14219 -29.630 -67.132 -30.220 0.400000
14220 -29.305 -66.626 -31.019 0.400000
14221 -30.134 -66.474 -30.840 0.500000
14236 -34.712 -67.369 -32.008 0.300000
14237 -35.166 -66.661 -32.208 0.400000
14240 -26.428 -67.038 -32.866 0.400000
14241 -27.172 -67.279 -33.148 0.400000
14242 -28.004 -67.330 -33.203 0.400000
14243 -28.721 -67.131 -33.057 0.400000
14244 -30.474 -67.983 -33.459 0.400000
14245 -30.759 -66.912 -32.727 0.500000
14246 -31.444 -67.943 -33.445 0.400000
14247 -31.651 -66.622 -32.742 0.400000
14248 -32.361 -67.720 -33.309 0.400000
14249 -32.490 -66.372 -32.772 0.400000
14250 -33.297 -66.234 -32.766 0.400000
14251 -34.591 -66.482 -32.495 0.400000
14907 -27.396 -66.429 -25.179 0.500000
14922 -28.157 -66.100 -25.276 0.500000
14923 -29.500 -66.601 -25.967 0.500000
14924 -29.433 -65.886 -25.581 0.500000
14925 -30.700 -66.018 -26.261 0.500000
14926 -30.070 -65.331 -25.523 0.500000
14927 -30.735 -65.529 -25.857 0.500000
14935 -30.145 -66.510 -26.655 0.500000
14936 -30.554 -66.613 -27.516 0.600000
14937 -31.325 -65.652 -26.461 0.500000
14938 -31.416 -66.145 -27.464 0.600000
14944 -31.624 -66.417 -28.532 0.600000
14953 -30.980 -66.809 -29.111 0.500000
14954 -31.701 -66.570 -29.688 0.600000
14955 -32.250 -65.889 -27.975 0.700000
14956 -32.339 -66.136 -29.085 0.600000
14968 -27.955 -66.361 -30.760 0.400000
14969 -31.478 -66.099 -30.653 0.600000
14970 -32.193 -65.968 -30.327 0.600000
14972 -37.562 -65.820 -30.243 0.300000
14979 -27.537 -66.246 -31.777 0.400000
14980 -28.231 -66.405 -31.816 0.400000
14981 -29.991 -66.138 -31.803 0.400000
14982 -30.848 -65.703 -31.407 0.500000
14983 -31.582 -65.235 -31.396 0.600000
14984 -36.210 -66.531 -31.092 0.300000
14985 -37.065 -66.060 -31.139 0.400000
14990 -27.743 -66.586 -32.696 0.400000
14991 -28.446 -66.645 -32.655 0.400000
14992 -29.287 -66.614 -32.471 0.400000
14993 -30.395 -66.030 -32.200 0.400000
14994 -30.878 -65.330 -31.870 0.500000
14995 -31.093 -64.934 -32.008 0.400000
14996 -35.805 -66.372 -32.065 0.500000
14997 -36.542 -65.996 -32.021 0.400000
14998 -37.255 -65.476 -32.085 0.500000
14999 -31.764 -65.195 -32.336 0.500000
15000 -32.670 -65.365 -32.521 0.500000
15001 -33.443 -65.047 -32.501 0.500000
15002 -34.404 -65.402 -32.593 0.500000
15003 -35.833 -65.418 -32.513 0.500000
15685 -27.532 -65.666 -24.895 0.500000
15686 -28.351 -65.207 -25.045 0.500000
15701 -29.250 -65.098 -25.218 0.500000
15702 -30.013 -64.548 -25.345 0.400000
15703 -31.230 -65.107 -25.930 0.500000
15704 -30.709 -64.871 -25.607 0.500000
15710 -32.093 -65.427 -27.055 0.500000
15711 -31.822 -64.878 -26.309 0.500000
15712 -32.656 -64.530 -26.759 0.600000
15716 -32.834 -65.222 -27.599 0.700000
15717 -33.364 -64.521 -27.440 0.600000
15718 -33.466 -65.027 -28.151 0.700000
15721 -32.929 -65.594 -28.540 0.700000
15724 -32.472 -65.067 -31.211 0.600000
15725 -33.477 -65.164 -30.390 0.600000
15726 -33.490 -65.226 -29.147 0.600000
15727 -34.098 -64.876 -29.589 0.600000
15729 -38.476 -65.293 -30.547 0.300000
15730 -31.309 -64.885 -31.839 0.500000
15731 -31.578 -64.531 -31.962 0.600000
15732 -32.281 -64.496 -31.973 0.600000
15733 -33.185 -64.451 -31.587 0.600000
15734 -34.061 -64.603 -30.837 0.600000
15735 -37.827 -65.534 -31.309 0.400000
15736 -38.464 -65.099 -31.649 0.400000
15737 -31.635 -64.731 -31.819 0.400000
15738 -32.536 -64.594 -32.149 0.500000
15739 -33.214 -64.235 -32.026 0.700000
15740 -37.913 -65.208 -32.025 0.500000
15741 -38.139 -64.658 -32.312 0.500000
15742 -34.093 -64.314 -32.378 0.600000
15743 -34.979 -64.730 -32.596 0.600000
15744 -35.720 -64.232 -32.636 0.600000
15745 -36.762 -64.555 -32.566 0.600000
16447 -27.594 -64.830 -24.863 0.500000
16465 -28.299 -64.275 -25.086 0.500000
16466 -29.195 -64.170 -25.184 0.400000
16467 -30.717 -64.076 -25.579 0.500000
16468 -31.342 -64.430 -25.832 0.500000
16473 -32.086 -63.980 -26.053 0.500000
16474 -33.253 -63.889 -26.897 0.500000
16475 -32.784 -63.505 -26.371 0.600000
16478 -33.967 -64.466 -27.976 0.700000
16479 -33.884 -63.733 -27.388 0.600000
16480 -34.570 -63.280 -27.714 0.700000
16483 -34.304 -64.295 -28.739 0.700000
16484 -34.926 -63.702 -28.573 0.600000
16485 -35.342 -63.789 -29.686 0.600000
16488 -39.821 -63.609 -29.206 0.300000
16489 -34.707 -64.327 -29.856 0.600000
16490 -35.630 -63.864 -30.951 0.700000
16492 -39.988 -64.343 -30.258 0.300000
16493 -40.187 -64.023 -29.708 0.300000
16494 -40.597 -63.841 -30.275 0.300000
16495 -33.817 -63.927 -31.883 0.600000
16496 -34.522 -63.486 -32.146 0.700000
16497 -34.971 -63.141 -31.972 0.600000
16498 -39.047 -64.900 -31.209 0.300000
16499 -39.652 -64.343 -31.218 0.300000
16500 -40.163 -63.679 -31.639 0.300000
16501 -33.957 -63.855 -32.082 0.700000
16502 -34.745 -63.588 -32.314 0.600000
16503 -35.089 -63.210 -32.170 0.700000
16504 -38.986 -64.462 -32.079 0.400000
16505 -39.555 -63.894 -32.036 0.300000
16506 -36.195 -63.624 -32.494 0.600000
16507 -37.292 -63.955 -32.579 0.600000
16508 -38.225 -63.828 -32.488 0.600000
16509 -39.010 -63.569 -32.375 0.500000
17265 -27.984 -63.331 -25.443 0.400000
17266 -29.203 -63.336 -25.554 0.500000
17267 -29.980 -63.551 -25.529 0.500000
17268 -30.753 -63.279 -25.712 0.500000
17269 -31.408 -63.542 -25.783 0.500000
17278 -32.149 -63.010 -25.995 0.600000
17279 -32.817 -62.677 -26.489 0.500000
17280 -33.447 -63.111 -26.754 0.700000
17282 -34.086 -62.794 -27.201 0.700000
17283 -35.253 -62.954 -28.005 0.700000
17284 -34.737 -62.487 -27.566 0.600000
17286 -35.665 -63.233 -28.790 0.600000
17287 -35.791 -62.643 -28.308 0.600000
17288 -36.364 -62.729 -29.007 0.700000
17290 -40.695 -63.470 -29.631 0.300000
17291 -40.264 -62.866 -29.080 0.300000
17292 -41.090 -62.851 -29.405 0.300000
17293 -36.072 -63.417 -29.845 0.600000
17294 -36.724 -63.029 -30.198 0.700000
17295 -41.268 -63.487 -30.270 0.300000
17296 -41.875 -62.906 -29.700 0.300000
17297 -41.970 -63.183 -30.195 0.300000
17298 -42.424 -62.828 -29.961 0.300000
17299 -42.540 -62.714 -30.448 0.400000
17300 -35.680 -63.108 -31.922 0.700000
17301 -36.647 -62.946 -31.424 0.700000
17302 -40.939 -63.523 -31.049 0.400000
17303 -41.794 -63.187 -30.738 0.500000
17304 -35.774 -63.223 -32.220 0.700000
17305 -36.674 -63.235 -32.331 0.700000
17306 -36.463 -62.990 -32.080 0.700000
17307 -37.306 -62.867 -32.194 0.700000
17308 -40.551 -62.910 -31.889 0.500000
17309 -42.158 -62.642 -31.165 0.600000
17310 -38.259 -62.974 -32.341 0.700000
17311 -39.117 -62.914 -32.341 0.600000
17312 -39.716 -63.222 -32.259 0.500000
18122 -28.633 -62.766 -25.900 0.400000
18123 -29.523 -62.751 -26.039 0.500000
18124 -30.337 -62.705 -26.092 0.500000
18125 -31.289 -62.502 -26.027 0.500000
18139 -28.197 -62.275 -26.849 0.400000
18140 -29.084 -62.296 -26.846 0.500000
18141 -29.892 -62.303 -26.859 0.500000
18142 -30.677 -62.082 -26.815 0.500000
18143 -31.435 -61.883 -26.948 0.600000
18144 -32.125 -62.234 -26.476 0.600000
18145 -32.727 -61.976 -26.904 0.600000
18146 -33.517 -62.174 -27.000 0.500000
18154 -28.684 -61.765 -27.668 0.400000
18155 -29.565 -61.784 -27.697 0.500000
18156 -30.854 -61.870 -27.953 0.600000
18157 -34.264 -62.090 -27.271 0.600000
18158 -34.774 -61.696 -27.594 0.600000
18159 -35.467 -62.122 -27.812 0.700000
18163 -36.189 -61.381 -28.164 0.700000
18164 -36.858 -61.939 -28.781 0.700000
18165 -40.034 -62.159 -28.529 0.300000
18166 -41.564 -62.199 -29.158 0.300000
18167 -40.743 -62.341 -28.943 0.300000
18168 -37.402 -62.605 -30.710 0.700000
18169 -37.606 -62.166 -29.655 0.700000
18170 -38.121 -62.135 -30.648 0.600000
18171 -38.210 -61.713 -29.704 0.800000
18172 -38.768 -61.710 -30.604 0.800000
18173 -42.429 -62.467 -29.582 0.400000
18174 -43.042 -62.498 -29.956 0.300000
18175 -43.332 -62.282 -30.352 0.400000
18176 -43.849 -62.034 -29.855 0.400000
18177 -43.843 -61.902 -30.252 0.500000
18178 -37.270 -62.660 -31.810 0.700000
18179 -38.583 -62.038 -31.605 0.600000
18180 -42.872 -62.373 -30.810 0.400000
18181 -43.299 -62.034 -30.791 0.400000
18182 -37.980 -62.447 -32.048 0.700000
18183 -38.834 -62.402 -32.160 0.700000
18184 -39.425 -61.935 -31.971 0.600000
18185 -39.680 -62.511 -32.223 0.600000
18186 -40.338 -61.949 -31.936 0.500000
18187 -41.223 -62.348 -31.646 0.500000
18188 -41.798 -61.873 -31.525 0.500000
18189 -42.645 -62.016 -31.244 0.500000
19046 -32.097 -61.719 -27.419 0.600000
19047 -32.870 -61.346 -27.860 0.600000
19048 -39.357 -61.689 -27.410 0.300000
19049 -40.560 -61.224 -27.438 0.300000
19058 -29.254 -61.273 -28.468 0.500000
19059 -30.241 -61.431 -28.539 0.500000
19060 -31.126 -61.479 -28.826 0.600000
19061 -31.888 -61.376 -28.657 0.600000
19062 -33.330 -60.798 -28.691 0.600000
19063 -33.944 -61.335 -27.713 0.600000
19064 -34.578 -60.965 -27.975 0.700000
19065 -35.396 -61.073 -27.924 0.600000
19066 -39.934 -61.535 -27.951 0.300000
19067 -40.835 -61.688 -28.360 0.300000
19068 -41.389 -61.143 -27.710 0.300000
19075 -28.856 -60.817 -28.659 0.400000
19076 -29.827 -60.968 -29.055 0.500000
19077 -30.739 -61.039 -29.306 0.500000
19078 -31.728 -60.874 -29.425 0.600000
19079 -32.541 -60.789 -29.318 0.600000
19080 -35.955 -60.626 -28.268 0.700000
19081 -37.540 -61.440 -29.035 0.800000
19082 -36.745 -60.786 -28.437 0.700000
19083 -37.520 -60.470 -28.738 0.700000
19084 -42.279 -61.901 -29.159 0.400000
19085 -43.084 -62.068 -29.463 0.400000
19086 -43.548 -61.459 -29.124 0.400000
19087 -44.219 -61.121 -29.402 0.500000
19088 -44.291 -61.287 -29.928 0.500000
19089 -38.078 -61.110 -29.201 0.800000
19090 -39.499 -61.366 -30.619 0.800000
19091 -38.833 -61.192 -29.617 0.800000
19092 -39.698 -60.666 -29.721 0.800000
19093 -39.236 -61.707 -31.370 0.500000
19094 -39.938 -61.539 -31.562 0.500000
19095 -40.313 -61.047 -30.837 0.600000
19096 -40.700 -61.371 -31.543 0.500000
19097 -43.544 -61.562 -30.656 0.500000
19098 -44.026 -61.094 -30.358 0.600000
19099 -41.407 -61.229 -31.497 0.500000
19100 -42.215 -61.277 -31.393 0.500000
19101 -43.009 -61.468 -31.090 0.600000
19974 -33.990 -60.626 -28.800 0.700000
19975 -34.646 -60.376 -28.745 0.700000
19976 -43.088 -60.942 -28.335 0.400000
19977 -43.530 -60.253 -27.786 0.300000
19978 -43.994 -60.824 -28.592 0.500000
19979 -44.464 -59.597 -27.722 0.400000
19980 -45.253 -59.712 -28.382 0.400000
19983 -29.615 -60.378 -28.667 0.500000
19984 -30.473 -60.508 -29.099 0.600000
19985 -31.245 -60.520 -29.360 0.600000
19986 -32.592 -60.426 -29.904 0.700000
19987 -33.414 -60.485 -29.942 0.700000
19988 -34.120 -60.374 -29.898 0.700000
19989 -34.651 -60.074 -29.839 0.700000
19990 -35.338 -60.156 -28.729 0.700000
19991 -36.052 -59.919 -28.720 0.700000
19992 -36.761 -59.902 -28.687 0.700000
19993 -38.270 -60.527 -29.012 0.700000
19994 -38.221 -59.554 -28.990 0.700000
19995 -44.853 -60.436 -29.481 0.500000
19996 -45.735 -59.832 -28.941 0.500000
19997 -45.549 -59.754 -29.506 0.500000
19998 -33.305 -60.116 -30.134 0.700000
19999 -34.076 -60.145 -30.228 0.700000
20000 -38.888 -60.421 -29.217 0.700000
20001 -40.633 -60.368 -30.063 0.700000
20002 -40.059 -59.683 -29.400 0.800000
20003 -40.832 -59.386 -29.635 0.800000
20004 -44.730 -60.400 -30.062 0.500000
20005 -45.173 -59.401 -30.193 0.500000
20006 -41.085 -60.789 -31.068 0.600000
20007 -41.431 -60.099 -30.321 0.600000
20008 -41.854 -60.680 -31.143 0.600000
20009 -42.289 -59.976 -30.550 0.600000
20010 -42.695 -60.710 -31.029 0.600000
20011 -43.286 -59.930 -30.667 0.600000
20012 -44.231 -60.008 -30.544 0.600000
20806 -29.878 -59.353 -27.632 0.500000
20808 -30.429 -59.202 -26.776 0.500000
20809 -30.737 -59.579 -27.950 0.600000
20810 -31.370 -59.298 -26.982 0.500000
20811 -31.729 -59.515 -28.239 0.600000
20812 -32.339 -59.226 -27.194 0.600000
20822 -29.377 -59.556 -28.247 0.300000
20824 -30.178 -59.910 -28.490 0.500000
20825 -31.178 -59.902 -29.091 0.600000
20826 -32.177 -59.647 -29.362 0.600000
20827 -32.616 -59.165 -28.479 0.600000
20828 -33.169 -59.310 -29.548 0.600000
20829 -44.497 -58.816 -27.184 0.300000
20830 -46.229 -59.227 -28.493 0.300000
20831 -45.522 -59.012 -27.756 0.400000
20832 -46.174 -58.388 -27.907 0.300000
20833 -31.980 -60.214 -29.617 0.700000
20834 -32.597 -59.984 -29.971 0.700000
20835 -34.054 -59.600 -30.049 0.700000
20836 -35.376 -59.600 -29.714 0.700000
20837 -36.201 -59.338 -29.495 0.700000
20838 -37.212 -59.427 -28.983 0.700000
20839 -46.444 -59.327 -28.979 0.400000
20840 -46.607 -58.663 -28.703 0.500000
20841 -46.564 -58.557 -29.225 0.500000
20842 -34.826 -59.533 -30.067 0.700000
20843 -35.700 -59.120 -30.050 0.700000
20844 -36.496 -58.804 -29.727 0.700000
20845 -37.437 -58.632 -29.557 0.700000
20846 -39.578 -58.704 -29.414 0.600000
20847 -41.688 -59.324 -30.087 0.700000
20848 -40.447 -58.434 -29.636 0.600000
20849 -41.928 -58.409 -30.156 0.700000
20850 -45.962 -58.926 -29.610 0.500000
20851 -42.572 -59.115 -30.389 0.600000
20852 -43.351 -58.973 -30.571 0.600000
20853 -44.679 -58.738 -30.585 0.600000
20854 -45.580 -58.264 -30.286 0.500000
21545 -31.663 -58.430 -25.117 0.400000
21546 -31.926 -57.638 -24.481 0.300000
21547 -32.616 -58.033 -24.897 0.400000
21556 -31.039 -58.848 -25.974 0.500000
21557 -31.963 -58.845 -26.145 0.500000
21558 -32.898 -58.825 -26.298 0.500000
21559 -33.388 -58.272 -25.540 0.500000
21560 -33.802 -58.650 -26.449 0.500000
21561 -34.142 -58.175 -25.942 0.500000
21562 -34.351 -58.275 -26.664 0.500000
21575 -33.241 -58.978 -27.324 0.500000
21576 -34.034 -58.622 -27.561 0.600000
21577 -34.590 -58.241 -27.436 0.600000
21583 -33.742 -58.631 -28.881 0.600000
21584 -34.605 -58.439 -28.619 0.600000
21585 -35.241 -58.063 -27.862 0.500000
21586 -35.424 -58.404 -29.135 0.600000
21587 -46.496 -58.040 -28.504 0.300000
21588 -34.018 -58.927 -29.545 0.600000
21589 -34.705 -58.923 -29.886 0.700000
21590 -36.158 -58.235 -29.401 0.600000
21591 -46.568 -58.036 -29.176 0.400000
21592 -36.221 -58.635 -29.758 0.700000
21593 -36.966 -58.235 -29.791 0.700000
21594 -37.847 -57.951 -29.902 0.600000
21595 -38.872 -57.750 -29.876 0.700000
21596 -39.743 -57.910 -29.802 0.600000
21597 -41.238 -57.832 -30.049 0.600000
21598 -46.232 -58.169 -29.785 0.500000
21599 -46.406 -57.899 -29.599 0.400000
21600 -42.961 -58.046 -30.372 0.700000
21601 -43.742 -57.359 -30.623 0.500000
21602 -44.593 -57.496 -30.675 0.500000
21603 -45.407 -57.342 -30.588 0.500000
21604 -46.102 -57.392 -30.165 0.500000
22287 -33.391 -57.506 -24.927 0.500000
22302 -34.026 -57.565 -25.454 0.500000
22303 -34.479 -57.443 -26.160 0.500000
22312 -34.738 -57.703 -27.030 0.500000
22314 -35.391 -57.159 -27.441 0.500000
22315 -35.925 -57.608 -28.333 0.600000
22316 -46.069 -57.654 -28.282 0.300000
22317 -36.775 -57.859 -29.593 0.700000
22318 -36.623 -57.041 -28.825 0.600000
22319 -36.955 -56.122 -29.173 0.500000
22320 -46.269 -57.470 -29.747 0.400000
22321 -46.157 -57.345 -29.384 0.300000
22322 -37.570 -56.471 -29.525 0.500000
22323 -38.236 -56.968 -29.953 0.500000
22324 -38.971 -56.907 -30.240 0.500000
22325 -40.366 -57.223 -30.293 0.600000
22326 -46.016 -56.735 -30.083 0.500000
22327 -39.760 -56.168 -30.317 0.500000
22328 -40.841 -55.753 -30.576 0.500000
22329 -42.355 -55.933 -30.847 0.500000
22330 -44.117 -56.186 -30.794 0.600000
22331 -44.715 -55.821 -30.510 0.500000
22332 -45.492 -56.577 -30.417 0.500000
22961 -33.093 -56.419 -24.042 0.400000
22962 -32.995 -55.620 -23.572 0.300000
22963 -33.642 -55.776 -24.069 0.400000
22976 -33.978 -56.872 -25.007 0.400000
22977 -33.834 -56.230 -24.566 0.400000
22978 -34.252 -56.087 -25.359 0.500000
22987 -34.482 -56.368 -26.116 0.400000
22991 -34.838 -56.706 -26.740 0.500000
22997 -43.517 -56.080 -26.572 0.300000
22998 -44.112 -56.640 -27.233 0.300000
22999 -44.886 -56.095 -26.438 0.300000
23001 -35.293 -56.021 -27.305 0.400000
23002 -36.106 -56.534 -27.864 0.500000
23003 -42.677 -56.196 -28.445 0.300000
23005 -43.558 -56.567 -28.142 0.300000
23006 -44.596 -56.891 -28.421 0.300000
23007 -36.422 -55.814 -28.619 0.400000
23008 -43.752 -55.830 -29.398 0.400000
23009 -42.738 -54.881 -29.586 0.300000
23010 -44.901 -55.731 -29.683 0.400000
23011 -45.440 -56.750 -29.215 0.300000
23012 -37.418 -55.350 -29.536 0.500000
23013 -38.167 -55.780 -29.736 0.500000
23014 -38.900 -56.050 -30.001 0.500000
23015 -43.540 -54.627 -30.226 0.300000
23016 -44.495 -55.009 -30.184 0.400000
23017 -45.150 -55.512 -29.992 0.400000
23018 -45.286 -55.907 -30.191 0.500000
23019 -39.511 -54.990 -30.114 0.500000
23020 -40.425 -54.722 -30.469 0.500000
23021 -41.459 -54.492 -30.654 0.500000
23022 -42.449 -54.829 -30.932 0.500000
23023 -43.971 -55.177 -30.665 0.500000
23024 -44.582 -55.197 -30.258 0.500000
23609 -33.206 -54.766 -23.363 0.300000
23610 -33.830 -55.129 -23.831 0.400000
23623 -34.170 -55.382 -24.707 0.400000
23624 -33.977 -54.601 -25.535 0.400000
23633 -34.157 -55.259 -25.717 0.400000
23634 -34.276 -55.539 -26.130 0.400000
23635 -40.113 -55.570 -26.482 0.300000
23636 -39.477 -55.151 -25.958 0.400000
23642 -42.890 -55.553 -26.051 0.300000
23643 -43.469 -55.014 -25.651 0.300000
23644 -44.153 -55.488 -26.006 0.300000
23645 -44.698 -54.944 -25.567 0.300000
23647 -45.702 -54.795 -25.292 0.300000
23648 -34.517 -55.491 -26.775 0.400000
23649 -39.390 -55.086 -27.018 0.400000
23650 -34.989 -54.964 -27.568 0.400000
23651 -35.758 -55.400 -28.060 0.400000
23652 -40.273 -54.641 -28.683 0.400000
23653 -39.578 -54.448 -28.325 0.400000
23654 -40.868 -55.179 -28.438 0.400000
23655 -36.646 -55.113 -29.260 0.400000
23656 -40.064 -53.924 -29.531 0.400000
23657 -40.927 -54.114 -29.546 0.400000
23658 -40.626 -53.641 -30.144 0.400000
23659 -37.249 -54.287 -29.466 0.400000
23660 -38.370 -53.945 -29.555 0.400000
23661 -39.151 -54.117 -29.938 0.500000
23662 -41.472 -53.894 -30.267 0.400000
23663 -42.516 -54.312 -30.244 0.400000
23664 -43.849 -54.863 -30.408 0.300000
23665 -40.057 -53.977 -30.250 0.500000
23666 -40.785 -53.908 -30.402 0.500000
23667 -41.318 -53.973 -30.415 0.500000
23668 -42.226 -54.371 -30.517 0.400000
24331 -34.166 -53.829 -23.934 0.400000
24341 -33.789 -53.732 -25.227 0.400000
24343 -38.967 -54.468 -25.623 0.300000
24344 -39.794 -53.575 -24.851 0.400000
24346 -46.083 -54.013 -24.898 0.400000
24349 -33.886 -54.733 -26.519 0.400000
24350 -33.414 -53.898 -26.390 0.400000
24351 -38.771 -54.623 -26.487 0.400000
24352 -38.258 -54.072 -25.998 0.300000
24354 -43.015 -54.321 -25.371 0.400000
24355 -44.113 -54.479 -25.479 0.300000
24356 -45.224 -54.211 -25.385 0.400000
24357 -45.967 -54.010 -25.071 0.400000
24358 -34.086 -54.535 -27.335 0.400000
24359 -33.490 -53.951 -27.124 0.400000
24360 -38.815 -54.243 -27.755 0.400000
24361 -38.190 -53.906 -27.115 0.400000
24362 -33.977 -53.918 -27.747 0.400000
24363 -34.534 -54.292 -27.973 0.400000
24364 -39.207 -53.711 -29.177 0.400000
24365 -38.312 -53.587 -28.431 0.400000
24366 -34.666 -53.840 -28.361 0.400000
24367 -35.641 -53.713 -28.826 0.400000
24368 -36.175 -54.313 -29.188 0.400000
24369 -39.278 -53.824 -29.715 0.400000
24370 -38.474 -53.664 -29.247 0.400000
24371 -39.950 -53.651 -29.964 0.400000
24372 -37.593 -53.662 -29.220 0.400000
24373 -39.839 -53.753 -30.066 0.500000
24374 -40.402 -53.717 -30.208 0.500000
24375 -40.885 -53.757 -30.299 0.400000
25218 -34.031 -53.075 -24.348 0.400000
25219 -34.059 -52.536 -23.630 0.300000
25220 -33.843 -52.247 -24.785 0.400000
25226 -33.348 -52.804 -25.578 0.400000
25228 -37.968 -53.346 -25.525 0.400000
25234 -45.932 -53.470 -24.995 0.400000
25235 -33.132 -53.202 -26.270 0.400000
25236 -37.715 -53.445 -26.496 0.500000
25237 -37.313 -52.781 -25.886 0.500000
25238 -43.344 -53.173 -25.224 0.400000
25239 -45.478 -53.251 -25.207 0.400000
25240 -32.933 -53.175 -26.972 0.400000
25241 -37.666 -53.365 -27.687 0.400000
25242 -37.235 -52.852 -27.065 0.400000
25243 -33.249 -52.762 -27.467 0.400000
25244 -34.059 -53.344 -27.944 0.400000
25245 -37.677 -53.424 -28.731 0.400000
25246 -36.982 -53.109 -28.129 0.400000
25247 -34.937 -53.219 -28.412 0.400000
25248 -35.740 -53.150 -28.494 0.400000
25249 -37.063 -53.393 -28.900 0.400000
25250 -36.379 -53.317 -28.702 0.400000
26015 -34.197 -51.811 -23.803 0.300000
26018 -45.483 -52.071 -24.958 0.400000
26019 -32.837 -51.982 -25.908 0.400000
26027 -45.532 -52.615 -25.125 0.400000
26028 -32.566 -51.623 -26.568 0.400000
26029 -36.807 -52.324 -26.557 0.500000
26030 -36.515 -51.724 -26.277 0.400000
26031 -36.933 -52.152 -25.768 0.500000
26035 -44.970 -51.899 -25.683 0.400000
26036 -32.639 -52.403 -27.022 0.400000
26037 -36.542 -52.573 -27.518 0.400000
26038 -36.089 -52.015 -27.172 0.400000
26039 -34.365 -52.627 -27.963 0.400000
26041 -35.572 -52.556 -28.017 0.400000
26042 -35.010 -51.899 -27.583 0.400000
26043 -36.253 -52.915 -28.223 0.400000
26795 -34.303 -51.034 -24.024 0.300000
26798 -32.486 -51.079 -25.944 0.400000
26799 -33.629 -50.984 -25.060 0.400000
26806 -32.304 -50.622 -26.243 0.400000
27620 -33.781 -50.176 -24.559 0.400000
27624 -32.341 -49.783 -25.616 0.400000
27631 -31.871 -49.875 -26.038 0.400000
27632 -32.004 -50.240 -26.010 0.400000
28345 -33.488 -49.249 -24.508 0.400000
28350 -32.433 -49.026 -25.391 0.400000
28355 -31.878 -49.003 -26.129 0.400000
28356 -31.789 -49.228 -25.965 0.400000
29034 -32.850 -47.610 -24.813 0.300000
29041 -32.035 -48.353 -25.751 0.400000
29042 -31.729 -47.352 -25.961 0.400000
29796 -31.729 -46.387 -25.936 0.400000
29804 -31.764 -46.812 -26.122 0.400000
29811 -32.115 -46.510 -26.336 0.500000
30560 -31.971 -45.615 -25.721 0.400000
89049 -42.145 -57.296 -30.429 0.600000
89995 -43.119 -56.694 -30.651 0.500000
90177 -35.219 -65.882 -32.559 0.500000
90180 -31.060 -65.737 -32.334 0.500000
90750 -44.324 -53.765 -25.328 0.400000
91101 -37.460 -57.458 -29.684 0.500000
91278 -33.836 -53.199 -23.436 0.300000
91352 -40.217 -59.039 -29.403 0.600000
91847 -26.540 -67.347 -25.636 0.500000
91864 -36.466 -65.173 -32.475 0.500000
92091 -43.273 -55.342 -30.965 0.500000
92210 -35.494 -58.852 -30.022 0.700000
92230 -43.931 -58.359 -30.647 0.600000
92277 -42.637 -60.540 -27.664 0.300000
92619 -38.141 -54.625 -29.708 0.500000
92623 -31.944 -70.347 -32.922 0.400000
92680 -43.442 -60.837 -30.722 0.600000
92768 -33.876 -70.139 -34.335 0.400000
93390 -38.494 -58.627 -29.433 0.600000
93450 -39.474 -57.229 -30.213 0.600000
93841 -33.423 -64.282 -32.162 0.600000
94152 -31.435 -61.729 -28.052 0.600000
94362 -37.516 -63.299 -32.412 0.700000
94440 -32.765 -52.488 -26.526 0.400000
95047 -32.510 -58.550 -25.507 0.500000
95187 -41.797 -61.535 -28.562 0.300000
95233 -41.405 -63.035 -31.310 0.500000
95275 -29.655 -67.196 -32.997 0.400000
95529 -37.534 -64.846 -32.375 0.600000
95797 -33.298 -58.800 -28.448 0.600000
95863 -33.198 -48.461 -24.563 0.300000
95935 -37.049 -62.563 -29.594 0.700000
96057 -31.857 -48.289 -26.100 0.400000
96129 -29.618 -70.649 -30.762 0.300000
96473 -28.966 -66.517 -31.855 0.400000
96530 -28.665 -63.557 -25.377 0.600000
96540 -32.921 -65.671 -29.790 0.600000
96606 -45.677 -56.334 -29.901 0.500000
96720 -34.163 -54.535 -24.390 0.400000
97152 -39.190 -59.613 -29.165 0.700000
97168 -36.122 -62.115 -28.247 0.700000
97339 -32.707 -50.455 -25.570 0.400000
98088 -44.766 -60.378 -28.867 0.500000
98731 -40.220 -55.424 -27.556 0.400000
99267 -28.027 -66.838 -25.686 0.500000
99362 -35.514 -70.295 -33.408 0.300000
99455 -33.137 -70.655 -33.480 0.400000
99462 -44.865 -56.634 -30.704 0.500000
99531 -30.234 -61.875 -27.599 0.500000
99807 -34.818 -64.164 -31.258 0.600000
99884 -43.970 -59.270 -30.738 0.600000
100040 -33.959 -66.114 -32.664 0.400000
100121 -34.294 -56.870 -25.594 0.500000
100380 -32.440 -56.208 -23.687 0.300000
100621 -36.013 -54.930 -28.862 0.400000
101003 -31.007 -66.743 -30.298 0.500000
101043 -43.196 -54.766 -30.759 0.500000
102014 -32.328 -50.316 -26.358 0.400000
102051 -30.152 -66.041 -25.856 0.500000
102307 -31.885 -47.628 -26.144 0.400000
102578 -41.862 -54.306 -29.711 0.300000
102598 -45.085 -57.954 -30.542 0.500000
102753 -43.102 -54.590 -30.442 0.500000
102897 -37.888 -62.363 -31.511 0.600000
103066 -27.997 -67.101 -28.761 0.400000
103087 -38.767 -55.083 -29.821 0.500000
103406 -36.243 -63.328 -30.925 0.700000
103651 -35.410 -63.374 -32.359 0.700000
103788 -34.415 -63.971 -27.976 0.700000
103804 -39.281 -53.952 -25.151 0.300000
104106 -33.330 -51.638 -25.341 0.400000
104161 -33.452 -53.455 -27.431 0.400000
104177 -41.037 -61.658 -31.686 0.500000
104230 -41.426 -63.271 -29.807 0.300000
104267 -41.725 -55.408 -30.821 0.500000
104489 -37.105 -56.993 -29.320 0.500000
104553 -44.428 -60.226 -28.247 0.500000
104672 -45.427 -57.420 -27.933 0.300000
105033 -30.957 -66.621 -28.184 0.700000
105252 -40.294 -63.976 -30.866 0.300000
105422 -35.363 -54.440 -28.491 0.400000
105461 -36.654 -53.723 -29.165 0.400000
105675 -41.411 -56.610 -30.574 0.500000
106132 -32.774 -57.227 -24.478 0.500000
106423 -34.052 -51.553 -24.592 0.400000
106625 -28.775 -65.766 -25.362 0.500000
106680 -29.742 -71.074 -30.010 0.300000
106751 -37.838 -59.982 -28.755 0.700000
106886 -28.785 -64.706 -25.076 0.400000
106999 -30.887 -66.216 -26.817 0.500000
107218 -31.838 -49.789 -25.951 0.400000
107225 -33.942 -67.305 -32.715 0.400000
107724 -41.302 -54.858 -29.098 0.400000
107725 -28.642 -66.529 -31.072 0.400000
107789 -35.145 -64.136 -30.463 0.600000
108091 -33.421 -56.840 -24.578 0.500000
108193 -41.201 -58.678 -29.757 0.700000
108447 -32.041 -68.391 -33.849 0.400000
108598 -33.905 -54.441 -23.669 0.400000
109015 -35.834 -61.694 -27.948 0.700000
109087 -33.840 -64.730 -28.684 0.700000
109152 -31.116 -70.341 -30.644 0.300000
