#!ascii label  , from subject OAS1_0001-3 vox2ras=TkReg 
1151
5265 -22.353 -79.279 -32.603 0.400000
5266 -21.806 -79.047 -31.967 0.400000
5267 -22.685 -79.042 -31.876 0.400000
5287 -23.167 -79.204 -32.533 0.500000
5289 -23.918 -78.823 -32.584 0.500000
5945 -35.215 -78.513 -29.044 0.300000
5946 -35.888 -77.995 -28.753 0.300000
5965 -35.516 -77.928 -29.618 0.300000
5980 -21.365 -78.496 -31.220 0.500000
5981 -20.689 -77.950 -30.783 0.500000
5982 -21.446 -78.099 -30.358 0.400000
5983 -22.391 -78.710 -31.249 0.500000
5984 -22.268 -78.234 -30.484 0.400000
5985 -23.185 -78.220 -30.884 0.400000
6007 -20.528 -77.930 -31.665 0.500000
6008 -23.466 -78.629 -31.773 0.400000
6009 -23.941 -77.782 -31.366 0.500000
6010 -24.176 -78.252 -32.005 0.500000
6021 -21.034 -78.481 -32.222 0.500000
6023 -24.560 -78.267 -32.625 0.500000
6024 -25.147 -78.273 -33.311 0.500000
6033 -25.548 -78.643 -34.150 0.600000
6041 -26.309 -78.137 -34.622 0.500000
6720 -36.019 -77.231 -28.730 0.300000
6729 -18.115 -76.800 -30.438 0.400000
6731 -18.627 -76.643 -29.631 0.500000
6732 -20.110 -77.443 -30.456 0.500000
6733 -20.105 -77.172 -29.679 0.500000
6734 -20.922 -77.611 -29.846 0.500000
6735 -21.975 -77.621 -29.817 0.400000
6736 -22.518 -76.775 -29.640 0.500000
6737 -22.856 -77.481 -30.185 0.500000
6746 -34.232 -77.597 -30.807 0.300000
6747 -33.399 -77.253 -29.968 0.300000
6748 -34.553 -77.504 -30.096 0.300000
6750 -35.242 -77.525 -29.601 0.300000
6759 -18.925 -76.759 -30.402 0.500000
6760 -20.048 -77.471 -31.253 0.500000
6761 -23.540 -77.180 -30.731 0.500000
6762 -33.220 -77.425 -30.981 0.300000
6763 -31.777 -76.965 -30.717 0.300000
6773 -20.113 -77.174 -31.988 0.500000
6774 -24.116 -76.731 -31.376 0.500000
6775 -24.553 -77.386 -32.057 0.500000
6776 -32.161 -77.358 -32.418 0.300000
6777 -31.075 -77.028 -31.492 0.400000
6789 -24.849 -76.598 -32.764 0.500000
6790 -25.300 -77.148 -33.269 0.600000
6812 -25.861 -77.671 -33.846 0.500000
6833 -26.315 -76.800 -34.522 0.600000
6834 -26.772 -77.396 -35.368 0.500000
6840 -27.506 -76.222 -37.014 0.600000
6853 -27.483 -75.759 -37.989 0.500000
6869 -26.952 -75.528 -38.915 0.500000
6877 -27.150 -75.707 -39.348 0.500000
7409 -19.041 -76.665 -20.377 0.600000
7419 -13.852 -76.508 -20.933 0.600000
7420 -14.577 -76.390 -20.471 0.600000
7421 -14.742 -76.638 -21.263 0.500000
7422 -15.223 -76.413 -20.771 0.600000
7423 -15.497 -76.284 -21.465 0.700000
7435 -14.134 -76.778 -21.841 0.500000
7436 -14.978 -76.539 -22.248 0.600000
7437 -15.799 -75.818 -22.254 0.700000
7446 -14.587 -76.393 -23.114 0.600000
7503 -18.073 -76.405 -28.026 0.500000
7504 -18.275 -75.751 -27.589 0.500000
7505 -18.829 -76.288 -28.055 0.500000
7506 -19.355 -75.687 -27.581 0.500000
7507 -19.719 -76.302 -28.051 0.500000
7508 -20.278 -75.714 -27.666 0.500000
7509 -21.057 -75.767 -27.960 0.500000
7530 -18.341 -76.590 -28.714 0.500000
7531 -19.158 -76.621 -28.798 0.500000
7532 -20.086 -76.710 -28.837 0.500000
7533 -20.995 -76.458 -28.566 0.500000
7534 -21.624 -75.900 -28.565 0.500000
7541 -33.704 -76.857 -29.344 0.300000
7542 -32.768 -76.484 -29.240 0.300000
7543 -33.389 -76.216 -28.669 0.300000
7544 -34.557 -76.867 -29.023 0.300000
7546 -35.505 -77.028 -28.981 0.300000
7554 -19.369 -76.815 -29.628 0.500000
7555 -22.222 -76.028 -29.256 0.500000
7556 -22.766 -76.091 -29.780 0.500000
7557 -32.290 -76.801 -29.970 0.300000
7558 -31.429 -76.178 -30.193 0.400000
7559 -31.874 -75.778 -29.456 0.300000
7565 -23.144 -75.685 -30.347 0.600000
7566 -23.573 -76.173 -30.878 0.600000
7567 -30.588 -76.158 -31.156 0.400000
7572 -24.121 -75.708 -31.521 0.600000
7573 -24.521 -76.151 -32.117 0.500000
7574 -30.335 -76.312 -31.989 0.400000
7581 -25.213 -76.000 -33.480 0.700000
7582 -30.366 -75.984 -33.101 0.400000
7583 -25.704 -75.717 -34.245 0.700000
7584 -30.630 -76.236 -34.181 0.500000
7598 -26.146 -75.570 -34.948 0.600000
7599 -26.842 -76.025 -35.568 0.500000
7617 -26.615 -74.856 -36.217 0.600000
7639 -27.529 -75.217 -38.758 0.500000
8157 -14.223 -75.540 -18.870 0.600000
8158 -15.055 -75.838 -19.163 0.600000
8159 -16.386 -75.412 -18.892 0.600000
8166 -14.387 -75.990 -19.677 0.600000
8167 -15.240 -76.178 -20.052 0.600000
8168 -16.070 -75.665 -19.701 0.700000
8169 -16.926 -75.222 -20.569 0.600000
8170 -18.519 -76.199 -20.246 0.600000
8171 -19.432 -76.209 -20.339 0.700000
8179 -16.022 -75.854 -20.803 0.700000
8180 -16.732 -75.205 -21.385 0.600000
8181 -19.123 -76.038 -20.595 0.700000
8182 -19.316 -76.066 -20.536 0.700000
8190 -16.161 -75.683 -21.624 0.700000
8191 -16.460 -75.123 -22.110 0.700000
8206 -15.358 -75.777 -23.048 0.700000
8207 -16.027 -74.931 -22.883 0.700000
8220 -14.792 -75.519 -23.731 0.500000
8221 -15.486 -74.731 -23.599 0.600000
8272 -16.503 -75.487 -27.542 0.500000
8273 -17.305 -75.632 -27.531 0.500000
8274 -17.929 -74.819 -27.241 0.500000
8275 -18.971 -74.987 -27.222 0.500000
8276 -19.930 -75.023 -27.354 0.500000
8277 -20.808 -75.095 -27.655 0.500000
8278 -21.404 -75.213 -28.144 0.500000
8295 -21.870 -75.348 -28.928 0.600000
8296 -32.146 -74.826 -29.240 0.300000
8306 -22.050 -74.761 -29.572 0.600000
8307 -22.506 -75.288 -29.833 0.500000
8308 -31.254 -75.379 -29.990 0.300000
8309 -31.470 -74.806 -29.656 0.300000
8314 -23.208 -74.812 -30.458 0.600000
8315 -23.676 -75.256 -31.000 0.600000
8316 -30.800 -75.515 -30.583 0.400000
8322 -24.259 -74.724 -31.573 0.700000
8323 -30.166 -75.160 -32.252 0.400000
8324 -24.608 -75.272 -33.046 0.700000
8325 -24.570 -74.080 -33.567 0.700000
8326 -30.031 -75.527 -33.861 0.500000
8327 -29.963 -74.950 -33.100 0.400000
8328 -25.109 -74.675 -34.026 0.700000
8329 -30.168 -75.427 -34.792 0.500000
8330 -29.411 -74.862 -34.077 0.500000
8332 -26.068 -74.677 -35.669 0.700000
8333 -25.112 -73.789 -34.830 0.700000
8334 -30.418 -75.380 -35.892 0.500000
8335 -29.429 -74.517 -35.335 0.400000
8349 -26.234 -74.057 -36.196 0.500000
8350 -27.008 -74.442 -36.729 0.500000
8351 -26.886 -73.871 -36.511 0.500000
8353 -29.619 -74.663 -36.415 0.500000
8358 -27.517 -74.105 -37.134 0.500000
8359 -28.067 -73.932 -37.321 0.500000
8372 -28.031 -74.900 -38.422 0.600000
8373 -28.781 -75.270 -38.707 0.500000
8374 -28.661 -74.611 -37.835 0.500000
8883 -20.312 -74.819 -14.852 0.600000
8889 -21.398 -74.483 -16.269 0.500000
8895 -20.793 -75.376 -16.948 0.600000
8896 -21.388 -74.403 -17.359 0.600000
8900 -20.692 -74.949 -17.830 0.600000
8901 -21.202 -74.252 -18.428 0.600000
8903 -18.291 -74.848 -19.583 0.600000
8904 -20.509 -75.213 -18.846 0.700000
8905 -21.024 -74.332 -19.584 0.600000
8910 -17.270 -75.245 -19.550 0.600000
8911 -17.495 -74.597 -20.323 0.600000
8912 -19.049 -75.050 -20.277 0.600000
8913 -20.339 -75.372 -20.102 0.700000
8925 -17.133 -74.566 -21.017 0.600000
8926 -20.200 -74.338 -20.800 0.700000
8927 -20.655 -74.338 -20.446 0.600000
8943 -16.791 -74.474 -21.662 0.600000
8952 -15.800 -73.809 -23.138 0.700000
8953 -16.418 -74.221 -22.396 0.600000
8962 -14.760 -73.488 -24.146 0.500000
9017 -15.875 -74.179 -28.118 0.500000
9018 -16.578 -73.621 -27.764 0.500000
9019 -18.085 -73.749 -27.177 0.500000
9020 -19.491 -74.231 -27.291 0.500000
9021 -20.337 -74.412 -27.637 0.500000
9022 -21.084 -74.662 -28.009 0.500000
9027 -15.558 -73.838 -28.968 0.500000
9028 -21.543 -74.759 -28.812 0.600000
9029 -32.378 -73.878 -29.325 0.300000
9044 -22.042 -74.080 -29.750 0.700000
9045 -22.660 -74.375 -30.023 0.600000
9046 -30.832 -74.693 -30.088 0.400000
9047 -31.008 -73.959 -29.627 0.400000
9057 -23.497 -73.918 -30.364 0.600000
9058 -24.044 -74.321 -30.924 0.600000
9059 -24.437 -73.588 -31.856 0.700000
9060 -28.667 -74.236 -31.130 0.300000
9061 -29.320 -73.867 -30.277 0.300000
9062 -29.790 -74.357 -31.274 0.300000
9063 -24.549 -73.584 -32.962 0.700000
9064 -27.686 -74.196 -31.962 0.400000
9065 -29.010 -74.440 -32.213 0.500000
9066 -29.799 -74.689 -32.291 0.400000
9067 -28.187 -74.195 -33.168 0.500000
9068 -27.026 -73.687 -33.064 0.500000
9069 -29.317 -74.540 -33.133 0.500000
9070 -24.789 -73.703 -34.198 0.700000
9071 -24.745 -73.339 -33.800 0.700000
9072 -28.021 -73.914 -34.635 0.500000
9073 -27.259 -73.755 -34.065 0.500000
9074 -28.862 -74.259 -34.655 0.500000
9075 -25.045 -73.248 -34.421 0.700000
9076 -25.508 -73.418 -35.059 0.700000
9077 -25.893 -73.225 -35.207 0.700000
9078 -27.500 -73.557 -35.560 0.600000
9079 -28.462 -73.889 -35.442 0.600000
9092 -26.137 -73.598 -35.789 0.600000
9093 -27.016 -73.586 -36.202 0.600000
9094 -28.788 -74.118 -37.043 0.500000
9095 -27.889 -73.626 -36.294 0.600000
9104 -27.580 -73.780 -36.797 0.500000
9562 -20.701 -72.652 -12.837 0.500000
9570 -20.516 -73.823 -13.584 0.500000
9571 -20.900 -73.042 -13.245 0.500000
9572 -21.283 -73.291 -13.927 0.500000
9573 -21.811 -72.925 -13.512 0.500000
9574 -21.947 -72.909 -14.196 0.500000
9584 -21.653 -73.462 -14.708 0.500000
9585 -22.230 -72.961 -14.975 0.500000
9591 -21.810 -73.956 -15.777 0.500000
9603 -21.970 -74.041 -16.813 0.500000
9604 -22.623 -73.002 -17.949 0.500000
9610 -21.825 -73.883 -17.741 0.500000
9611 -22.355 -73.171 -19.066 0.500000
9620 -21.728 -73.608 -19.187 0.500000
9630 -18.023 -73.902 -19.561 0.600000
9631 -18.617 -73.910 -19.532 0.600000
9632 -19.343 -73.622 -19.950 0.500000
9633 -21.370 -73.527 -20.085 0.500000
9646 -16.752 -73.145 -20.984 0.600000
9647 -17.375 -73.750 -20.645 0.600000
9648 -20.336 -73.564 -20.667 0.500000
9649 -20.901 -73.312 -20.474 0.500000
9660 -16.587 -73.586 -21.699 0.600000
9661 -16.003 -73.205 -22.297 0.700000
9662 -16.099 -72.552 -21.449 0.600000
9671 -15.488 -72.944 -22.811 0.700000
9683 -14.357 -72.625 -23.554 0.700000
9684 -15.176 -73.138 -23.471 0.700000
9692 -13.374 -72.796 -24.942 0.500000
9693 -14.077 -73.096 -24.531 0.500000
9733 -16.757 -72.628 -28.105 0.500000
9734 -17.393 -73.128 -27.511 0.500000
9735 -18.325 -72.864 -27.511 0.500000
9736 -19.792 -73.567 -27.709 0.500000
9737 -20.583 -74.116 -28.171 0.500000
9745 -15.524 -72.959 -29.234 0.500000
9746 -16.047 -73.224 -28.431 0.500000
9747 -20.638 -73.968 -29.222 0.700000
9748 -19.959 -73.587 -29.609 0.600000
9749 -33.184 -73.993 -28.947 0.300000
9765 -20.521 -73.555 -29.799 0.600000
9766 -21.287 -74.151 -29.393 0.700000
9767 -21.537 -73.594 -29.606 0.600000
9768 -22.995 -73.508 -29.801 0.600000
9769 -22.440 -73.094 -29.564 0.600000
9770 -23.281 -72.600 -29.610 0.500000
9771 -27.719 -73.288 -30.053 0.400000
9772 -26.846 -72.691 -30.219 0.400000
9773 -28.264 -72.789 -29.581 0.400000
9774 -28.673 -73.365 -29.728 0.300000
9775 -29.032 -72.808 -29.374 0.300000
9776 -29.573 -73.297 -29.521 0.300000
9777 -29.806 -72.632 -29.042 0.300000
9779 -32.902 -73.362 -29.251 0.300000
9780 -33.631 -73.313 -29.280 0.300000
9788 -23.889 -73.015 -30.176 0.600000
9789 -24.688 -72.743 -31.558 0.600000
9790 -26.872 -73.387 -30.775 0.400000
9791 -26.032 -72.795 -30.865 0.400000
9792 -27.682 -73.881 -30.881 0.400000
9797 -24.784 -72.904 -32.554 0.700000
9798 -25.606 -73.031 -32.592 0.600000
9799 -25.231 -72.599 -31.869 0.600000
9800 -26.568 -73.639 -32.245 0.400000
9803 -24.843 -73.025 -33.277 0.700000
9804 -25.429 -72.907 -33.574 0.700000
9805 -25.053 -72.768 -32.922 0.600000
9806 -26.226 -73.181 -33.913 0.800000
9807 -25.015 -72.891 -33.885 0.700000
9808 -25.513 -73.045 -34.486 0.700000
9809 -26.342 -73.202 -34.787 0.600000
9810 -26.553 -73.395 -35.513 0.600000
10278 -21.078 -72.071 -12.576 0.500000
10279 -21.850 -72.241 -12.725 0.500000
10330 -23.036 -72.661 -18.342 0.400000
10331 -23.106 -72.247 -19.186 0.400000
10345 -23.070 -71.809 -19.584 0.400000
10355 -17.559 -72.249 -19.761 0.500000
10356 -18.362 -72.195 -19.080 0.500000
10357 -18.894 -72.879 -18.988 0.500000
10358 -20.048 -72.884 -20.001 0.500000
10368 -16.572 -72.369 -20.846 0.600000
10369 -17.133 -72.713 -20.408 0.600000
10379 -15.379 -72.385 -22.104 0.600000
10380 -14.664 -71.629 -22.180 0.700000
10381 -15.467 -71.659 -21.636 0.600000
10382 -16.214 -71.762 -21.170 0.500000
10393 -14.227 -72.011 -22.682 0.700000
10394 -13.539 -71.993 -22.964 0.700000
10395 -14.850 -72.463 -22.759 0.700000
10403 -13.514 -72.476 -23.978 0.500000
10404 -12.297 -71.533 -23.522 0.600000
10413 -11.908 -71.695 -24.399 0.500000
10432 -17.677 -72.284 -28.067 0.500000
10433 -18.594 -72.334 -28.181 0.500000
10434 -19.460 -72.896 -28.526 0.500000
10443 -16.092 -72.210 -28.724 0.500000
10444 -16.964 -71.856 -28.696 0.500000
10445 -19.309 -72.844 -29.777 0.700000
10447 -30.651 -72.425 -28.861 0.300000
10464 -15.638 -72.061 -29.553 0.500000
10465 -16.332 -71.674 -29.253 0.500000
10466 -19.205 -72.652 -30.758 0.600000
10467 -18.576 -72.267 -29.980 0.600000
10468 -19.789 -73.018 -30.345 0.700000
10469 -20.101 -72.753 -30.562 0.700000
10470 -20.992 -72.695 -29.833 0.600000
10471 -21.919 -72.678 -29.514 0.700000
10472 -22.626 -72.030 -29.443 0.600000
10473 -24.134 -72.215 -29.881 0.500000
10474 -23.552 -71.729 -29.589 0.500000
10475 -24.430 -71.450 -29.687 0.500000
10476 -26.139 -72.246 -30.156 0.400000
10477 -26.886 -71.905 -29.816 0.400000
10478 -28.036 -72.095 -29.645 0.400000
10494 -19.203 -72.326 -31.521 0.600000
10495 -18.575 -72.260 -31.123 0.600000
10496 -19.636 -72.450 -31.153 0.600000
10497 -20.038 -72.144 -31.481 0.600000
10498 -24.952 -72.517 -31.313 0.600000
10499 -24.909 -72.075 -30.210 0.500000
10500 -25.363 -72.432 -30.716 0.600000
10501 -25.560 -71.968 -29.981 0.400000
10512 -14.595 -71.503 -32.278 0.500000
10514 -19.593 -71.914 -32.093 0.600000
10515 -24.970 -72.575 -32.179 0.600000
10957 -19.705 -71.553 -12.338 0.500000
10958 -19.040 -71.349 -12.097 0.500000
10959 -21.431 -72.258 -12.726 0.500000
10970 -20.183 -71.971 -12.632 0.500000
11007 -12.673 -71.197 -15.360 0.500000
11008 -13.281 -71.862 -15.661 0.500000
11082 -16.818 -71.907 -20.497 0.600000
11083 -17.403 -71.511 -20.407 0.500000
11092 -14.845 -71.046 -22.047 0.600000
11093 -15.801 -71.188 -21.669 0.500000
11094 -16.699 -71.245 -21.224 0.500000
11101 -12.860 -71.186 -22.756 0.600000
11102 -12.019 -70.664 -23.102 0.600000
11103 -13.211 -70.611 -22.531 0.700000
11104 -13.989 -70.850 -22.298 0.700000
11109 -10.641 -70.570 -23.599 0.600000
11110 -11.225 -70.392 -23.216 0.600000
11111 -11.537 -71.020 -23.687 0.600000
11118 -10.122 -70.746 -24.270 0.500000
11154 -17.050 -71.494 -29.580 0.500000
11161 -16.088 -71.475 -30.326 0.500000
11162 -17.046 -71.271 -30.693 0.500000
11163 -17.786 -71.617 -30.189 0.500000
11164 -21.091 -71.292 -30.068 0.500000
11165 -22.214 -71.046 -29.600 0.500000
11166 -23.069 -71.158 -29.523 0.500000
11167 -23.856 -70.900 -29.573 0.500000
11168 -25.337 -71.334 -29.633 0.500000
11169 -24.794 -70.634 -29.525 0.500000
11170 -26.016 -70.873 -29.453 0.400000
11171 -26.892 -71.135 -29.549 0.400000
11172 -27.727 -71.418 -29.787 0.400000
11173 -28.616 -71.765 -29.675 0.400000
11183 -16.874 -71.311 -32.035 0.600000
11184 -17.821 -71.616 -31.521 0.600000
11185 -20.426 -71.316 -31.169 0.600000
11194 -15.358 -71.261 -32.450 0.600000
11195 -16.195 -71.289 -32.865 0.600000
11196 -17.001 -71.296 -33.032 0.600000
11197 -17.822 -71.470 -32.713 0.700000
11198 -18.868 -71.864 -32.291 0.700000
11199 -19.664 -71.257 -32.827 0.600000
11200 -20.058 -71.457 -32.300 0.600000
11209 -13.891 -70.831 -32.576 0.500000
11210 -14.832 -71.018 -32.602 0.600000
11211 -15.780 -71.101 -32.964 0.700000
11212 -16.593 -71.052 -33.244 0.700000
11213 -17.718 -71.052 -33.294 0.700000
11214 -17.239 -70.544 -33.417 0.700000
11215 -18.544 -71.345 -33.074 0.700000
11216 -19.626 -70.575 -33.481 0.600000
11217 -20.052 -70.483 -33.046 0.600000
11222 -18.042 -70.534 -33.476 0.700000
11223 -18.857 -70.745 -33.468 0.700000
11774 -17.851 -70.069 -12.622 0.500000
11775 -18.021 -70.608 -12.328 0.500000
11787 -16.491 -70.068 -13.164 0.400000
11788 -17.005 -70.284 -14.121 0.400000
11797 -12.286 -70.653 -15.132 0.500000
11799 -17.529 -70.911 -14.830 0.400000
11860 -16.270 -70.816 -21.903 0.500000
11861 -17.044 -70.665 -21.990 0.500000
11868 -10.504 -69.795 -23.078 0.600000
11869 -10.153 -69.180 -22.857 0.700000
11870 -10.818 -69.353 -22.856 0.700000
11871 -11.457 -69.971 -22.836 0.600000
11872 -11.770 -69.579 -22.738 0.700000
11873 -12.660 -69.902 -22.625 0.700000
11874 -13.478 -70.287 -22.621 0.700000
11875 -14.405 -70.459 -22.586 0.700000
11876 -14.002 -69.820 -23.224 0.600000
11877 -16.580 -70.503 -22.781 0.500000
11878 -17.429 -70.385 -22.818 0.500000
11884 -9.862 -70.070 -23.446 0.600000
11885 -9.504 -69.397 -23.443 0.500000
11886 -9.922 -69.414 -23.069 0.600000
11887 -15.009 -69.941 -23.372 0.500000
11888 -16.162 -69.980 -23.645 0.500000
11889 -17.214 -70.062 -23.427 0.500000
11896 -9.094 -69.280 -24.014 0.500000
11908 -13.290 -70.434 -27.537 0.400000
11909 -12.620 -70.226 -27.067 0.500000
11910 -13.407 -70.083 -26.886 0.500000
11917 -13.820 -70.442 -28.158 0.600000
11918 -14.137 -70.021 -27.261 0.600000
11919 -14.390 -70.070 -28.123 0.600000
11931 -14.220 -70.314 -28.936 0.400000
11932 -14.755 -69.613 -28.833 0.500000
11941 -14.067 -70.515 -29.966 0.600000
11942 -14.404 -69.863 -30.681 0.600000
11943 -21.742 -70.336 -30.290 0.500000
11944 -22.537 -70.183 -29.854 0.500000
11945 -23.232 -70.375 -29.633 0.500000
11946 -23.989 -69.958 -29.659 0.500000
11947 -24.877 -69.576 -29.736 0.500000
11948 -26.541 -70.125 -29.556 0.400000
11949 -27.462 -70.520 -29.762 0.400000
11950 -28.301 -70.979 -30.166 0.400000
11951 -29.022 -71.186 -30.290 0.400000
11961 -13.391 -70.322 -31.810 0.600000
11962 -14.193 -69.984 -31.660 0.600000
11963 -20.936 -70.441 -31.074 0.500000
11964 -21.705 -69.768 -31.394 0.600000
11965 -22.321 -69.758 -30.530 0.500000
11966 -28.079 -69.901 -30.365 0.400000
11967 -28.962 -70.226 -30.892 0.400000
11977 -12.979 -70.769 -32.378 0.500000
11978 -13.940 -70.306 -32.254 0.600000
11979 -14.655 -69.817 -32.130 0.600000
11980 -20.894 -69.901 -32.431 0.600000
11986 -14.681 -70.453 -32.456 0.600000
11987 -15.938 -70.682 -33.172 0.600000
11988 -16.554 -70.453 -33.292 0.700000
11989 -19.578 -70.226 -33.708 0.600000
11990 -20.053 -70.017 -33.799 0.600000
11991 -21.035 -69.338 -32.851 0.600000
12532 -16.827 -69.851 -13.149 0.400000
12533 -17.777 -69.472 -13.603 0.400000
12534 -17.575 -69.782 -12.901 0.400000
12535 -17.280 -69.813 -13.327 0.400000
12538 -18.407 -70.112 -13.232 0.400000
12549 -18.165 -70.609 -15.611 0.300000
12558 -15.624 -69.213 -16.277 0.400000
12559 -16.309 -69.279 -16.069 0.400000
12567 -15.113 -68.554 -16.613 0.400000
12568 -15.692 -68.646 -16.455 0.400000
12578 -19.636 -69.578 -18.476 0.400000
12579 -19.711 -69.336 -18.244 0.400000
12580 -20.316 -70.685 -18.164 0.400000
12581 -19.837 -70.072 -17.996 0.300000
12592 -19.537 -69.167 -19.180 0.400000
12593 -21.351 -71.402 -19.558 0.400000
12618 -10.316 -68.923 -22.825 0.600000
12619 -11.152 -69.034 -22.789 0.700000
12620 -12.074 -69.144 -22.768 0.700000
12621 -13.047 -69.494 -22.852 0.600000
12622 -12.723 -68.639 -23.315 0.600000
12628 -9.808 -68.960 -22.996 0.600000
12629 -13.711 -69.024 -23.814 0.600000
12630 -15.506 -69.326 -24.186 0.500000
12631 -14.628 -69.279 -24.067 0.500000
12632 -16.354 -69.135 -24.287 0.500000
12637 -8.690 -68.912 -24.731 0.500000
12638 -9.374 -68.967 -23.641 0.600000
12639 -15.119 -68.718 -24.425 0.500000
12642 -10.630 -68.741 -25.256 0.600000
12643 -11.807 -69.278 -25.669 0.500000
12648 -10.944 -69.485 -26.000 0.500000
12650 -11.889 -69.817 -26.538 0.500000
12651 -12.911 -69.603 -26.280 0.500000
12652 -13.745 -69.584 -26.659 0.500000
12658 -14.268 -68.931 -26.901 0.600000
12659 -14.713 -69.320 -27.830 0.600000
12669 -15.122 -68.575 -28.637 0.600000
12670 -15.259 -69.011 -29.478 0.600000
12674 -14.969 -69.395 -30.193 0.600000
12675 -15.588 -68.649 -30.360 0.600000
12676 -23.177 -69.492 -30.262 0.500000
12677 -24.151 -69.230 -30.310 0.500000
12678 -25.058 -68.770 -30.714 0.500000
12679 -26.587 -69.208 -29.966 0.400000
12680 -27.286 -69.552 -29.976 0.400000
12685 -14.912 -69.344 -31.294 0.600000
12686 -15.606 -69.075 -31.290 0.600000
12687 -22.609 -69.381 -31.461 0.500000
12688 -23.403 -69.089 -31.510 0.500000
12689 -26.099 -68.655 -30.674 0.400000
12690 -26.992 -68.807 -30.708 0.500000
12691 -28.422 -69.087 -31.408 0.400000
12692 -27.497 -68.549 -31.789 0.500000
12693 -29.205 -69.426 -31.762 0.400000
12697 -16.150 -69.885 -32.797 0.700000
12698 -16.270 -69.194 -31.800 0.700000
12699 -16.863 -69.559 -32.582 0.700000
12700 -17.275 -69.111 -31.874 0.700000
12701 -17.756 -69.631 -32.937 0.700000
12702 -18.281 -69.103 -32.026 0.600000
12703 -18.779 -69.609 -32.937 0.600000
12704 -21.970 -69.238 -32.363 0.600000
12705 -23.016 -69.032 -32.220 0.600000
12706 -23.939 -68.762 -32.221 0.500000
12707 -24.779 -68.642 -32.076 0.500000
12708 -28.133 -68.566 -32.390 0.500000
12709 -28.839 -68.860 -32.540 0.400000
12710 -28.210 -68.420 -33.066 0.500000
12715 -17.015 -69.949 -33.215 0.700000
12716 -17.718 -70.068 -33.391 0.700000
12717 -18.691 -70.102 -33.449 0.700000
12718 -19.778 -69.767 -33.547 0.500000
12719 -20.477 -69.509 -33.083 0.600000
12720 -21.185 -69.043 -32.891 0.600000
12721 -21.846 -68.898 -32.658 0.600000
12722 -23.279 -68.545 -32.496 0.600000
12723 -29.143 -68.628 -33.240 0.400000
13256 -18.044 -70.625 -14.663 0.400000
13257 -17.434 -70.771 -13.836 0.400000
13286 -16.530 -68.531 -16.150 0.400000
13287 -17.417 -68.369 -15.910 0.300000
13288 -17.995 -69.615 -15.678 0.300000
13294 -15.221 -67.947 -16.869 0.300000
13295 -15.908 -67.984 -16.498 0.300000
13301 -19.811 -68.291 -18.314 0.300000
13302 -19.812 -69.136 -17.879 0.400000
13318 -19.668 -68.680 -18.787 0.400000
13319 -19.946 -67.777 -19.043 0.300000
13333 -19.907 -68.357 -19.655 0.400000
13334 -20.349 -67.647 -19.676 0.400000
13350 -10.143 -68.640 -23.095 0.600000
13351 -10.712 -68.270 -23.454 0.600000
13352 -10.853 -68.582 -23.040 0.700000
13353 -11.774 -68.469 -23.150 0.600000
13354 -11.436 -67.928 -23.622 0.600000
13359 -9.761 -68.705 -23.389 0.600000
13360 -10.172 -68.401 -23.494 0.600000
13361 -10.989 -67.924 -23.890 0.600000
13362 -12.408 -67.681 -23.762 0.600000
13363 -13.534 -68.032 -24.215 0.700000
13364 -14.442 -68.485 -24.380 0.500000
13369 -9.298 -68.724 -24.144 0.500000
13370 -9.791 -68.526 -23.826 0.600000
13371 -10.465 -68.240 -24.230 0.600000
13372 -11.414 -67.641 -24.448 0.600000
13373 -15.228 -68.047 -24.555 0.500000
13374 -15.798 -68.490 -24.464 0.500000
13378 -9.437 -68.533 -24.777 0.500000
13379 -11.446 -68.367 -25.085 0.600000
13380 -12.682 -68.652 -25.662 0.500000
13400 -12.672 -67.400 -25.973 0.600000
13401 -13.544 -67.951 -26.529 0.700000
13409 -23.969 -68.256 -26.661 0.500000
13416 -14.145 -67.763 -27.230 0.600000
13417 -14.593 -67.942 -27.951 0.700000
13418 -17.806 -68.081 -27.450 0.500000
13419 -18.652 -68.356 -27.323 0.500000
13420 -19.599 -68.492 -27.295 0.500000
13423 -22.506 -68.240 -27.386 0.500000
13424 -23.462 -68.111 -27.405 0.500000
13428 -15.195 -67.448 -28.627 0.600000
13429 -15.537 -67.967 -29.332 0.500000
13431 -16.333 -68.145 -30.339 0.600000
13432 -15.965 -67.675 -29.692 0.500000
13433 -16.529 -67.466 -29.836 0.500000
13437 -16.053 -68.646 -31.011 0.600000
13438 -16.789 -68.566 -31.024 0.600000
13439 -17.203 -67.732 -30.280 0.600000
13440 -17.773 -68.487 -31.051 0.500000
13441 -18.261 -67.580 -30.476 0.600000
13442 -18.809 -68.428 -31.230 0.600000
13443 -25.626 -68.439 -31.841 0.500000
13444 -26.549 -68.417 -31.767 0.500000
13446 -19.332 -69.093 -32.345 0.600000
13447 -19.723 -68.241 -31.637 0.600000
13448 -20.217 -68.921 -32.748 0.500000
13449 -20.509 -68.021 -32.017 0.600000
13450 -20.933 -68.652 -32.729 0.600000
13451 -24.621 -68.365 -32.498 0.500000
13452 -25.284 -68.238 -32.613 0.500000
13453 -26.074 -68.121 -32.661 0.400000
13454 -26.893 -68.266 -32.787 0.500000
13455 -27.574 -68.365 -32.884 0.500000
13457 -21.669 -68.436 -32.587 0.600000
13458 -22.532 -68.257 -32.543 0.600000
13459 -23.331 -67.790 -32.523 0.600000
13460 -24.039 -68.190 -32.613 0.600000
13461 -24.896 -67.844 -32.813 0.500000
13462 -25.774 -67.909 -32.897 0.500000
13463 -26.510 -67.945 -33.100 0.500000
13464 -27.431 -68.116 -33.149 0.500000
13465 -29.039 -67.962 -33.457 0.400000
13466 -29.810 -68.686 -33.677 0.400000
14034 -18.241 -68.111 -15.917 0.300000
14052 -14.767 -67.692 -17.072 0.300000
14053 -14.980 -67.302 -17.442 0.300000
14054 -15.704 -67.146 -16.681 0.300000
14055 -16.729 -67.525 -16.176 0.300000
14059 -19.726 -69.195 -16.731 0.300000
14065 -14.601 -67.162 -17.584 0.300000
14067 -19.850 -67.864 -17.770 0.300000
14108 -20.854 -67.284 -20.677 0.400000
14124 -11.924 -66.053 -24.596 0.600000
14125 -12.063 -66.768 -24.290 0.600000
14126 -12.890 -66.778 -24.270 0.700000
14127 -13.815 -67.060 -24.394 0.500000
14128 -14.577 -67.614 -24.510 0.500000
14131 -11.804 -66.723 -24.562 0.600000
14142 -11.985 -67.655 -25.217 0.600000
14143 -11.752 -66.845 -25.006 0.500000
14152 -26.065 -67.650 -25.952 0.400000
14153 -26.865 -67.535 -26.176 0.400000
14160 -11.953 -66.536 -25.735 0.500000
14161 -12.416 -66.340 -26.404 0.600000
14162 -13.647 -67.098 -27.097 0.600000
14163 -13.035 -66.460 -26.741 0.600000
14164 -13.934 -66.865 -27.140 0.600000
14165 -16.207 -67.445 -27.146 0.600000
14166 -16.778 -67.645 -26.378 0.500000
14167 -26.228 -67.614 -26.770 0.400000
14168 -27.166 -67.410 -27.147 0.400000
14177 -14.864 -67.227 -28.131 0.600000
14178 -17.032 -67.383 -27.770 0.500000
14179 -17.878 -67.175 -28.341 0.600000
14180 -17.257 -66.736 -28.708 0.600000
14181 -19.156 -67.835 -28.017 0.500000
14182 -20.072 -67.837 -28.042 0.500000
14183 -21.016 -67.935 -28.098 0.400000
14184 -21.966 -67.855 -28.190 0.600000
14185 -22.917 -67.691 -28.214 0.600000
14186 -23.830 -67.453 -28.173 0.600000
14187 -24.699 -67.315 -28.249 0.400000
14188 -26.309 -67.357 -27.805 0.400000
14189 -27.671 -67.211 -28.051 0.400000
14195 -15.640 -67.079 -29.098 0.600000
14196 -18.682 -67.036 -28.707 0.500000
14197 -19.567 -66.957 -28.862 0.500000
14198 -20.504 -67.036 -28.831 0.500000
14199 -20.114 -66.449 -29.676 0.500000
14200 -22.368 -67.122 -29.097 0.600000
14201 -23.347 -67.141 -29.020 0.600000
14202 -24.180 -67.025 -29.004 0.600000
14203 -25.549 -67.082 -28.627 0.400000
14204 -26.414 -67.005 -28.837 0.400000
14205 -27.234 -67.009 -29.095 0.400000
14211 -16.238 -66.937 -29.345 0.600000
14212 -16.998 -67.003 -29.588 0.600000
14213 -17.821 -66.986 -29.894 0.600000
14214 -18.231 -66.695 -29.628 0.600000
14215 -21.615 -66.669 -29.575 0.600000
14216 -22.983 -66.619 -29.736 0.600000
14217 -23.759 -66.611 -29.647 0.600000
14224 -19.218 -67.416 -30.740 0.500000
14225 -18.668 -66.700 -30.148 0.600000
14226 -20.060 -67.269 -31.141 0.600000
14227 -20.567 -66.747 -30.831 0.600000
14230 -21.213 -67.789 -32.183 0.600000
14231 -21.439 -67.022 -31.427 0.600000
14232 -21.998 -67.588 -32.280 0.600000
14233 -22.379 -66.971 -31.748 0.600000
14234 -22.699 -67.463 -32.332 0.600000
14235 -23.261 -66.954 -32.091 0.600000
14238 -24.067 -67.431 -32.487 0.600000
14239 -25.635 -67.302 -32.705 0.500000
14818 -15.175 -66.642 -17.448 0.300000
14819 -15.942 -66.093 -16.642 0.300000
14836 -12.146 -65.795 -18.708 0.400000
14837 -14.398 -66.419 -18.022 0.300000
14838 -14.678 -66.822 -17.785 0.300000
14846 -12.873 -65.754 -18.783 0.300000
14847 -13.817 -66.058 -18.388 0.300000
14895 -11.703 -65.035 -24.737 0.600000
14896 -12.051 -65.337 -24.461 0.600000
14897 -12.727 -65.709 -24.396 0.600000
14898 -13.835 -66.065 -24.394 0.500000
14901 -11.565 -65.411 -24.974 0.500000
14911 -11.613 -65.877 -25.342 0.500000
14912 -15.378 -66.454 -26.149 0.600000
14915 -16.461 -66.910 -25.698 0.600000
14929 -11.747 -65.614 -26.050 0.500000
14930 -12.342 -65.581 -26.403 0.600000
14931 -13.134 -65.453 -26.511 0.600000
14932 -14.528 -66.559 -26.891 0.600000
14933 -13.777 -66.200 -26.591 0.600000
14934 -15.315 -66.837 -27.112 0.600000
14942 -15.593 -66.744 -28.097 0.600000
14943 -16.396 -66.695 -28.361 0.600000
14946 -15.947 -66.714 -28.796 0.600000
14947 -16.709 -66.635 -29.009 0.600000
14948 -18.112 -66.745 -29.090 0.500000
14949 -25.239 -66.587 -29.563 0.500000
14950 -25.896 -66.630 -29.420 0.500000
14951 -26.501 -66.517 -29.775 0.400000
14952 -27.221 -66.511 -30.188 0.500000
14958 -18.960 -66.531 -29.627 0.500000
14959 -20.471 -66.462 -30.275 0.500000
14960 -20.981 -66.430 -29.971 0.600000
14961 -21.777 -66.457 -30.272 0.600000
14962 -22.700 -66.407 -30.509 0.700000
14963 -24.127 -66.356 -30.249 0.600000
14964 -24.906 -66.326 -30.246 0.600000
14965 -25.751 -66.185 -30.298 0.500000
14966 -26.544 -65.980 -30.716 0.400000
14967 -27.223 -65.889 -30.992 0.500000
14973 -21.186 -66.533 -30.610 0.600000
14974 -22.016 -66.492 -31.012 0.600000
14975 -23.680 -66.426 -31.132 0.500000
14976 -24.518 -66.318 -30.810 0.500000
14977 -25.207 -66.181 -30.984 0.400000
14978 -26.669 -66.204 -31.800 0.400000
14986 -24.602 -66.470 -31.584 0.500000
14987 -25.352 -66.505 -31.903 0.500000
14988 -25.988 -66.546 -32.181 0.500000
14989 -27.093 -66.551 -32.607 0.400000
15587 -15.412 -65.646 -17.329 0.300000
15600 -10.661 -65.147 -18.685 0.300000
15601 -10.147 -64.850 -18.794 0.300000
15602 -11.457 -65.546 -18.408 0.300000
15603 -14.755 -66.249 -17.825 0.300000
15604 -15.324 -65.000 -17.593 0.300000
15616 -10.555 -64.964 -19.174 0.400000
15617 -11.332 -65.359 -18.975 0.400000
15618 -12.094 -65.400 -19.134 0.400000
15619 -12.779 -65.097 -19.177 0.300000
15620 -13.450 -65.442 -18.701 0.300000
15621 -14.236 -65.314 -18.395 0.300000
15634 -11.441 -64.840 -19.461 0.400000
15673 -11.847 -64.445 -24.689 0.500000
15674 -12.521 -64.677 -24.401 0.500000
15680 -11.503 -64.616 -25.013 0.600000
15690 -11.484 -65.010 -25.492 0.600000
15706 -11.853 -64.725 -26.030 0.600000
15707 -12.580 -64.814 -26.340 0.600000
16376 -15.112 -63.818 -17.752 0.300000
16377 -15.668 -64.249 -17.517 0.300000
16387 -9.969 -64.438 -19.268 0.300000
16388 -9.998 -63.769 -19.740 0.400000
16389 -12.985 -64.216 -19.269 0.300000
16390 -13.589 -64.755 -18.759 0.300000
16391 -14.368 -64.354 -18.306 0.300000
16405 -10.632 -64.285 -19.712 0.400000
16406 -11.410 -63.872 -20.066 0.400000
16407 -12.188 -64.491 -19.576 0.300000
16444 -11.581 -64.074 -24.967 0.500000
16450 -11.610 -64.316 -25.354 0.500000
16451 -12.030 -64.000 -25.620 0.500000
16471 -12.589 -64.062 -26.046 0.600000
17164 -15.341 -62.854 -17.733 0.300000
17165 -16.021 -63.397 -17.560 0.300000
17175 -9.865 -63.031 -19.420 0.400000
17176 -13.179 -63.149 -19.184 0.300000
17177 -13.729 -63.830 -18.635 0.300000
17178 -14.482 -63.365 -18.086 0.300000
17191 -10.653 -63.472 -20.175 0.400000
17192 -10.275 -63.131 -20.023 0.400000
17193 -11.744 -63.181 -20.449 0.400000
17194 -12.357 -63.647 -19.858 0.300000
17204 -10.514 -62.686 -20.577 0.400000
17205 -11.048 -63.013 -20.719 0.400000
18011 -16.313 -62.585 -17.828 0.300000
18021 -10.129 -62.177 -19.630 0.400000
18022 -13.139 -62.090 -19.351 0.300000
18023 -13.697 -62.405 -18.695 0.300000
18024 -14.546 -62.318 -18.208 0.300000
18025 -15.662 -61.973 -18.084 0.300000
18026 -16.631 -61.864 -18.301 0.300000
18043 -10.082 -61.845 -20.977 0.400000
18044 -12.445 -62.717 -20.065 0.300000
18051 -10.653 -62.041 -21.193 0.400000
18052 -11.606 -62.328 -20.911 0.400000
18926 -10.433 -61.684 -18.990 0.300000
18927 -11.334 -60.833 -18.680 0.400000
18940 -9.976 -61.262 -20.034 0.400000
18941 -10.521 -60.761 -19.513 0.400000
18942 -13.249 -61.076 -19.552 0.300000
18945 -15.981 -61.262 -18.401 0.300000
18958 -9.788 -60.854 -21.000 0.400000
18959 -12.458 -61.662 -20.238 0.300000
18960 -12.708 -60.622 -20.715 0.300000
18970 -10.074 -61.035 -21.573 0.400000
18971 -10.892 -61.154 -21.525 0.400000
18972 -11.307 -60.492 -21.689 0.400000
18997 -10.389 -60.179 -21.892 0.400000
19850 -9.776 -60.141 -20.196 0.300000
19851 -9.970 -59.132 -19.800 0.300000
19872 -9.771 -59.907 -21.062 0.400000
19873 -9.845 -59.343 -20.672 0.400000
19874 -13.072 -59.603 -21.275 0.300000
19899 -9.959 -60.020 -21.764 0.400000
19900 -11.157 -59.743 -21.985 0.400000
19901 -12.123 -60.169 -21.611 0.400000
19910 -10.323 -59.420 -22.056 0.400000
20699 -11.857 -58.712 -17.972 0.300000
20716 -10.341 -58.297 -19.547 0.300000
20717 -11.132 -59.109 -18.756 0.300000
20744 -9.964 -59.227 -21.583 0.400000
20745 -13.956 -59.212 -20.791 0.300000
20753 -10.625 -58.899 -21.604 0.400000
20754 -12.037 -59.465 -21.766 0.300000
20755 -12.885 -59.120 -21.488 0.300000
21466 -10.769 -58.200 -18.717 0.300000
21467 -10.557 -57.393 -18.887 0.300000
21498 -10.097 -58.681 -20.607 0.300000
21499 -10.509 -57.890 -19.807 0.400000
21512 -11.783 -58.414 -20.949 0.400000
21513 -11.901 -59.039 -21.641 0.400000
21514 -13.285 -58.516 -21.348 0.300000
22200 -9.976 -56.889 -18.067 0.300000
22207 -10.413 -56.583 -18.559 0.300000
22875 -11.459 -55.984 -18.473 0.300000
88427 -18.138 -73.024 -11.717 0.600000
88428 -16.969 -70.937 -15.573 0.500000
88429 -16.194 -69.841 -15.882 0.400000
88430 -14.963 -70.362 -15.569 0.400000
88432 -14.271 -70.097 -15.182 0.500000
88434 -16.944 -69.806 -15.717 0.400000
88440 -20.260 -71.087 -18.044 0.400000
88442 -22.348 -72.343 -19.024 0.400000
88443 -20.929 -72.331 -19.035 0.400000
88561 -17.736 -75.103 -19.292 0.600000
88562 -19.890 -76.258 -16.664 0.600000
88565 -22.431 -72.957 -16.057 0.400000
88568 -17.577 -72.182 -15.049 0.500000
88569 -16.750 -70.491 -15.615 0.400000
88571 -22.343 -73.116 -15.841 0.400000
88579 -20.889 -73.916 -15.347 0.400000
88581 -18.593 -71.985 -15.026 0.400000
88582 -16.677 -71.128 -15.615 0.500000
88595 -18.565 -71.320 -15.782 0.300000
88603 -19.859 -73.154 -15.107 0.400000
88617 -14.126 -70.703 -15.228 0.500000
88619 -22.368 -73.216 -15.965 0.500000
88629 -17.918 -70.776 -12.095 0.400000
88632 -19.586 -76.383 -19.318 0.700000
88673 -19.886 -73.375 -12.869 0.600000
88675 -16.684 -71.332 -11.928 0.500000
88676 -22.053 -73.791 -16.929 0.400000
88687 -17.798 -74.690 -19.676 0.600000
88697 -14.406 -72.222 -15.828 0.500000
88703 -19.826 -69.744 -17.015 0.400000
88707 -19.853 -69.010 -17.258 0.300000
88709 -14.484 -71.333 -15.465 0.500000
88745 -17.161 -69.339 -15.763 0.300000
88750 -18.887 -70.777 -12.144 0.500000
88756 -19.894 -72.396 -12.587 0.500000
88757 -21.682 -71.872 -19.995 0.400000
88805 -17.034 -70.507 -15.618 0.400000
88812 -22.981 -71.623 -19.711 0.400000
88814 -18.807 -72.221 -12.038 0.500000
88820 -18.883 -76.737 -20.312 0.600000
88868 -12.712 -72.252 -24.402 0.500000
88921 -19.961 -75.267 -20.686 0.700000
88962 -22.008 -72.521 -13.322 0.500000
89137 -18.618 -77.035 -31.221 0.500000
89168 -23.116 -72.092 -19.248 0.400000
89362 -10.283 -62.480 -20.147 0.400000
89498 -30.462 -73.220 -29.283 0.300000
89511 -9.891 -62.452 -18.867 0.300000
90422 -25.361 -67.591 -27.393 0.500000
90579 -20.328 -73.152 -18.407 0.400000
90588 -26.122 -73.296 -33.094 0.500000
91065 -24.371 -67.869 -27.400 0.500000
91192 -15.397 -69.479 -32.057 0.600000
91351 -10.880 -60.023 -19.244 0.300000
91488 -26.145 -73.296 -31.584 0.400000
91579 -27.422 -71.762 -29.743 0.400000
91632 -11.540 -67.421 -24.067 0.600000
91726 -21.760 -71.900 -29.541 0.600000
92085 -26.172 -71.553 -29.669 0.400000
92374 -24.577 -72.558 -30.622 0.600000
92616 -25.795 -69.311 -29.828 0.400000
92765 -27.535 -72.420 -29.785 0.400000
93007 -20.747 -67.330 -31.493 0.600000
93094 -9.280 -70.092 -24.223 0.500000
93194 -28.313 -68.114 -33.305 0.500000
93260 -22.583 -68.831 -32.516 0.600000
93330 -25.732 -76.696 -33.816 0.600000
93423 -31.695 -74.120 -29.507 0.300000
93583 -30.384 -75.303 -31.414 0.400000
93783 -28.651 -72.344 -29.468 0.400000
93902 -14.580 -70.018 -29.650 0.500000
93982 -32.289 -77.335 -31.506 0.300000
94224 -24.505 -66.584 -29.621 0.600000
94313 -24.758 -67.050 -32.431 0.500000
94452 -27.688 -69.129 -30.771 0.400000
94607 -16.473 -74.607 -27.643 0.500000
94668 -24.481 -75.112 -32.215 0.700000
94754 -29.641 -69.461 -32.692 0.400000
94770 -13.874 -63.003 -18.459 0.300000
94818 -13.820 -71.307 -22.380 0.700000
94936 -28.743 -74.000 -36.249 0.500000
95039 -24.901 -77.579 -32.770 0.500000
95760 -18.973 -73.501 -27.287 0.500000
95806 -12.385 -70.257 -22.691 0.700000
95859 -27.502 -74.988 -37.430 0.500000
95910 -24.783 -67.930 -26.641 0.400000
95961 -16.678 -66.573 -16.246 0.300000
95966 -20.380 -69.803 -33.197 0.600000
96026 -25.465 -74.628 -35.019 0.700000
96300 -25.583 -70.232 -29.483 0.400000
96514 -25.464 -67.760 -26.408 0.400000
96564 -23.151 -76.576 -30.160 0.500000
96591 -13.781 -76.112 -20.175 0.600000
96610 -14.386 -67.256 -27.550 0.600000
96685 -15.503 -70.630 -22.429 0.500000
96712 -18.162 -73.022 -19.323 0.600000
96739 -21.400 -67.158 -28.854 0.600000
96745 -21.595 -76.778 -29.252 0.400000
97375 -26.972 -73.789 -31.434 0.400000
97480 -22.799 -66.559 -31.321 0.600000
97511 -15.355 -70.146 -32.599 0.600000
97688 -17.674 -73.210 -19.917 0.500000
97735 -32.637 -75.608 -28.821 0.300000
97756 -15.987 -67.243 -26.411 0.600000
97776 -28.671 -74.368 -33.906 0.500000
97846 -19.404 -77.189 -30.937 0.500000
97935 -15.396 -70.765 -32.727 0.600000
97971 -10.729 -58.308 -20.593 0.400000
98032 -20.354 -67.794 -20.271 0.400000
98202 -16.974 -73.943 -21.224 0.600000
98376 -25.617 -73.900 -35.552 0.800000
98424 -13.593 -69.026 -26.227 0.500000
98429 -17.542 -66.740 -29.307 0.600000
98438 -35.124 -77.863 -30.293 0.300000
98544 -19.674 -75.230 -20.683 0.700000
98606 -20.487 -76.259 -28.114 0.500000
98642 -14.836 -66.971 -27.712 0.600000
98827 -24.275 -73.415 -30.862 0.600000
98871 -11.832 -61.225 -21.258 0.400000
99048 -28.405 -73.752 -30.345 0.300000
99083 -30.887 -77.090 -32.666 0.400000
99484 -19.690 -66.609 -30.326 0.500000
99570 -14.863 -74.490 -24.154 0.600000
99850 -27.718 -74.936 -38.152 0.600000
99854 -30.376 -74.633 -30.860 0.400000
100060 -21.306 -74.223 -15.385 0.500000
100260 -25.822 -78.971 -34.952 0.500000
100270 -14.545 -65.996 -26.298 0.600000
100337 -14.809 -65.535 -17.912 0.300000
100407 -27.926 -74.441 -37.756 0.500000
100442 -20.732 -77.006 -29.224 0.500000
100678 -19.094 -72.908 -27.695 0.500000
100912 -14.892 -64.744 -17.924 0.300000
101008 -15.368 -66.967 -28.474 0.600000
101142 -26.975 -67.167 -28.178 0.400000
101309 -20.927 -74.018 -14.427 0.500000
101331 -22.277 -66.567 -29.844 0.600000
101394 -15.322 -67.360 -24.463 0.500000
101444 -15.599 -73.253 -16.322 0.400000
101448 -18.364 -76.014 -14.320 0.700000
101449 -15.975 -74.920 -18.263 0.600000
101450 -18.667 -77.284 -18.741 0.600000
101451 -15.714 -73.781 -16.972 0.500000
101452 -15.592 -72.580 -15.932 0.400000
101453 -18.126 -75.273 -13.074 0.700000
101457 -17.386 -72.273 -15.626 0.600000
101458 -19.524 -74.452 -13.271 0.500000
101466 -18.337 -77.158 -19.807 0.600000
101467 -16.984 -72.956 -15.988 0.500000
101468 -15.682 -71.041 -15.638 0.400000
101474 -21.901 -72.638 -13.551 0.400000
101475 -22.772 -72.806 -17.510 0.400000
101481 -16.267 -72.340 -11.639 0.700000
101482 -16.764 -72.158 -15.792 0.500000
101483 -17.783 -70.252 -15.566 0.300000
101485 -21.946 -72.896 -14.189 0.400000
101486 -22.852 -72.740 -17.628 0.400000
101499 -22.514 -72.995 -16.691 0.400000
101501 -17.454 -71.468 -14.717 0.500000
101502 -19.526 -70.877 -16.939 0.400000
101504 -19.274 -70.197 -16.245 0.300000
101505 -19.105 -70.962 -12.687 0.500000
101507 -20.776 -73.574 -18.069 0.400000
101529 -17.079 -73.340 -11.584 0.700000
101531 -15.775 -75.003 -15.338 0.600000
101532 -13.520 -75.125 -18.576 0.600000
101533 -15.853 -72.249 -13.044 0.500000
101540 -13.515 -71.158 -15.299 0.500000
101547 -20.352 -73.350 -16.807 0.400000
101548 -19.547 -70.116 -16.699 0.300000
101549 -19.682 -72.187 -17.458 0.400000
101582 -16.477 -70.431 -12.716 0.400000
101583 -18.640 -71.376 -11.903 0.500000
101588 -19.917 -76.222 -17.799 0.700000
101606 -15.345 -69.488 -16.035 0.300000
101607 -18.300 -71.310 -15.582 0.300000
101637 -17.490 -72.152 -11.556 0.500000
101638 -18.060 -75.311 -19.479 0.600000
101651 -19.025 -73.035 -12.318 0.600000
101653 -17.023 -71.977 -15.647 0.500000
101656 -15.946 -70.359 -15.775 0.500000
101662 -16.844 -70.248 -15.628 0.400000
101672 -15.550 -71.777 -15.704 0.400000
101673 -16.050 -72.911 -14.356 0.600000
101676 -19.784 -70.317 -17.557 0.400000
101677 -19.229 -72.006 -14.998 0.400000
101686 -17.436 -69.888 -12.762 0.400000
101691 -14.368 -74.760 -17.791 0.600000
101692 -17.290 -76.170 -13.535 0.700000
101693 -16.815 -74.135 -17.082 0.500000
101699 -18.658 -77.408 -18.442 0.700000
101700 -18.657 -76.963 -19.084 0.600000
101701 -16.942 -74.617 -17.813 0.600000
101702 -14.683 -73.534 -16.861 0.500000
101703 -17.006 -73.250 -15.585 0.600000
101704 -14.886 -75.319 -18.359 0.600000
101705 -18.609 -77.146 -17.589 0.600000
101706 -19.120 -76.631 -15.941 0.700000
101707 -18.641 -77.170 -19.901 0.600000
101708 -16.471 -76.500 -15.494 0.600000
101709 -16.947 -73.820 -16.279 0.600000
101710 -16.933 -74.622 -12.143 0.600000
101711 -14.914 -74.149 -17.415 0.500000
101712 -19.438 -75.252 -14.017 0.600000
101731 -17.080 -74.948 -18.645 0.600000
101732 -19.337 -75.705 -15.126 0.600000
101733 -18.886 -77.235 -16.947 0.700000
101734 -17.208 -77.602 -16.329 0.600000
101735 -18.262 -70.750 -15.624 0.300000
101736 -17.665 -75.298 -19.117 0.600000
101737 -17.960 -77.830 -17.357 0.600000
101738 -17.926 -77.526 -15.990 0.600000
101739 -17.370 -74.844 -18.271 0.600000
101740 -17.220 -70.245 -15.641 0.400000
101750 -22.057 -72.998 -14.743 0.400000
101751 -22.921 -72.599 -18.603 0.400000
101755 -16.050 -71.309 -12.616 0.500000
101756 -18.419 -73.912 -12.386 0.600000
101758 -21.211 -71.718 -13.013 0.400000
101768 -20.958 -72.638 -14.105 0.400000
101769 -20.852 -73.990 -17.099 0.400000
101770 -22.946 -72.521 -18.545 0.400000
101771 -22.148 -73.159 -18.266 0.400000
101773 -16.150 -73.556 -12.049 0.600000
101774 -16.482 -71.486 -15.717 0.400000
101775 -16.735 -70.622 -14.031 0.400000
101776 -18.892 -71.435 -16.207 0.400000
101778 -19.082 -72.614 -16.396 0.400000
101779 -21.351 -72.911 -18.734 0.400000
101790 -15.897 -74.396 -17.521 0.500000
101791 -16.913 -74.731 -16.741 0.600000
101799 -16.433 -75.920 -13.777 0.600000
101804 -14.501 -72.939 -16.267 0.500000
101805 -14.001 -74.113 -17.274 0.500000
101806 -18.348 -76.648 -15.258 0.700000
101807 -16.676 -76.560 -17.107 0.600000
101823 -13.522 -72.638 -16.221 0.500000
101826 -16.102 -74.917 -12.694 0.600000
101875 -17.983 -75.986 -19.608 0.600000
102113 -15.149 -74.739 -17.863 0.500000
102144 -17.255 -77.008 -14.786 0.600000
102158 -19.966 -72.098 -13.541 0.500000
102171 -24.833 -66.905 -29.033 0.400000
102328 -30.148 -74.731 -31.655 0.400000
102359 -19.794 -74.358 -20.832 0.700000
102425 -18.279 -70.943 -14.675 0.300000
102434 -17.200 -74.621 -17.538 0.600000
102728 -14.055 -65.254 -26.303 0.600000
102808 -17.935 -71.828 -28.971 0.500000
102812 -20.490 -70.747 -32.112 0.600000
102920 -14.075 -75.156 -18.226 0.600000
103033 -24.156 -68.794 -31.218 0.500000
103049 -30.255 -73.878 -30.126 0.300000
103143 -21.282 -72.917 -12.674 0.500000
103208 -25.934 -66.019 -31.270 0.500000
103249 -17.633 -75.842 -18.465 0.600000
103270 -14.714 -69.628 -15.621 0.400000
103378 -15.553 -74.736 -14.052 0.600000
103379 -12.957 -66.951 -26.834 0.600000
103381 -16.509 -73.722 -16.424 0.500000
103407 -18.825 -72.247 -28.985 0.500000
103557 -12.117 -65.012 -19.342 0.400000
103585 -27.118 -73.473 -34.955 0.600000
103597 -20.107 -73.634 -28.559 0.700000
103838 -19.262 -71.307 -33.038 0.600000
104068 -24.432 -74.254 -32.321 0.700000
104181 -18.715 -74.246 -27.102 0.500000
104437 -11.061 -59.297 -21.965 0.300000
104486 -20.432 -72.095 -30.602 0.600000
104577 -14.433 -65.975 -18.151 0.300000
104607 -24.055 -66.793 -32.076 0.500000
104667 -31.052 -76.408 -30.764 0.400000
104894 -21.839 -73.546 -15.207 0.500000
104952 -15.618 -75.531 -18.799 0.600000
105039 -10.082 -61.745 -20.422 0.400000
105081 -23.438 -66.387 -30.239 0.700000
105212 -20.903 -66.645 -29.404 0.600000
105288 -28.193 -73.735 -36.842 0.500000
105412 -13.837 -70.231 -31.029 0.600000
105439 -12.905 -72.002 -23.359 0.600000
105652 -17.065 -74.957 -27.436 0.500000
105917 -15.341 -73.859 -23.843 0.700000
105946 -29.805 -68.187 -33.552 0.400000
106043 -24.464 -74.423 -32.885 0.700000
106096 -14.871 -69.534 -29.515 0.600000
106174 -17.214 -74.143 -27.383 0.500000
106259 -14.298 -71.167 -22.173 0.700000
106338 -19.467 -71.672 -32.621 0.600000
106366 -16.460 -71.314 -31.161 0.500000
106596 -26.090 -67.606 -32.961 0.500000
106801 -18.768 -71.359 -13.763 0.400000
106933 -17.217 -66.922 -16.106 0.300000
107200 -13.391 -76.242 -20.480 0.600000
107215 -11.243 -61.773 -21.328 0.400000
107253 -21.856 -72.354 -12.911 0.400000
107259 -25.437 -70.798 -29.483 0.400000
107331 -14.832 -68.143 -16.737 0.300000
107699 -21.113 -74.390 -28.721 0.600000
107920 -11.439 -68.821 -22.876 0.600000
107996 -22.969 -78.704 -31.403 0.400000
108095 -28.457 -67.638 -33.326 0.400000
108244 -19.550 -77.062 -30.243 0.500000
108263 -22.781 -70.701 -29.616 0.500000
108266 -17.029 -70.703 -12.263 0.400000
108327 -22.181 -72.976 -14.891 0.400000
108336 -16.870 -75.618 -12.804 0.600000
108378 -22.588 -72.978 -16.830 0.400000
108593 -18.422 -67.749 -27.945 0.500000
108630 -28.031 -74.176 -33.912 0.500000
108722 -19.205 -74.214 -20.210 0.700000
108733 -13.103 -67.354 -24.113 0.700000
108736 -24.395 -72.878 -30.778 0.600000
108857 -20.210 -74.520 -14.007 0.500000
108879 -35.630 -77.554 -29.124 0.300000
108932 -20.694 -72.183 -12.654 0.500000
108942 -23.683 -69.088 -30.718 0.500000
108959 -17.758 -73.983 -20.131 0.600000
109091 -20.372 -75.351 -15.938 0.600000
