#!ascii label  , from subject OAS1_0001-3 vox2ras=TkReg 
1273
2074 -22.222 -84.720 -34.798 0.300000
2533 -22.264 -84.049 -35.283 0.300000
2534 -23.030 -84.428 -34.280 0.300000
3020 -22.909 -83.078 -34.903 0.300000
3031 -22.157 -83.796 -36.554 0.400000
3539 -23.873 -82.129 -30.332 0.300000
3554 -25.441 -82.560 -31.637 0.300000
3573 -27.028 -82.855 -32.075 0.300000
3574 -28.079 -82.657 -32.369 0.300000
3575 -28.588 -82.228 -32.737 0.400000
3614 -22.666 -82.672 -36.285 0.400000
3615 -23.724 -82.270 -35.514 0.300000
3630 -23.294 -81.890 -36.505 0.400000
3646 -21.449 -82.129 -39.604 0.400000
4062 -24.133 -81.435 -29.893 0.300000
4077 -24.651 -81.003 -30.536 0.300000
4078 -24.960 -81.671 -31.260 0.300000
4091 -25.714 -81.554 -32.071 0.300000
4101 -26.690 -81.826 -32.345 0.300000
4102 -27.768 -82.442 -32.237 0.300000
4103 -28.451 -81.844 -32.293 0.400000
4104 -28.533 -82.053 -32.321 0.300000
4105 -29.177 -81.704 -32.498 0.300000
4116 -28.863 -81.697 -33.321 0.300000
4136 -24.410 -81.761 -36.114 0.300000
4137 -25.538 -81.846 -35.949 0.300000
4140 -27.408 -81.273 -35.867 0.300000
4141 -27.893 -81.081 -35.426 0.300000
4153 -22.825 -81.769 -37.479 0.400000
4154 -23.818 -81.237 -36.909 0.400000
4155 -24.990 -81.327 -36.666 0.400000
4156 -26.051 -81.295 -36.501 0.300000
4157 -26.867 -81.374 -36.165 0.300000
4164 -22.377 -81.825 -38.524 0.400000
4165 -23.153 -81.187 -39.040 0.400000
4166 -23.393 -81.071 -37.904 0.400000
4167 -24.552 -80.897 -37.499 0.400000
4174 -22.128 -81.792 -39.426 0.400000
4177 -22.232 -80.997 -40.417 0.400000
4178 -22.887 -81.059 -39.993 0.500000
4179 -21.550 -80.658 -40.670 0.400000
4646 -20.157 -80.386 -27.084 0.300000
4647 -20.986 -80.665 -26.762 0.300000
4648 -21.549 -80.450 -26.554 0.300000
4650 -22.082 -79.851 -26.152 0.300000
4662 -22.373 -80.335 -27.175 0.300000
4684 -24.849 -80.077 -30.580 0.300000
4685 -25.292 -80.675 -31.458 0.300000
4687 -26.223 -80.509 -32.257 0.300000
4688 -29.042 -81.328 -31.995 0.300000
4689 -28.232 -80.848 -32.170 0.300000
4690 -28.770 -80.383 -31.798 0.300000
4691 -29.495 -81.394 -32.151 0.300000
4692 -29.550 -80.763 -31.667 0.300000
4693 -30.186 -80.971 -31.901 0.300000
4694 -30.121 -80.385 -31.331 0.300000
4695 -30.786 -80.535 -32.154 0.300000
4696 -30.761 -80.442 -31.445 0.300000
4697 -31.522 -80.346 -31.783 0.400000
4703 -27.419 -81.229 -32.357 0.300000
4704 -30.014 -81.173 -32.493 0.300000
4705 -31.597 -79.994 -32.609 0.400000
4713 -29.527 -81.398 -33.083 0.300000
4714 -29.942 -80.522 -33.371 0.400000
4715 -30.827 -80.258 -32.971 0.400000
4727 -28.921 -80.726 -33.969 0.400000
4737 -27.657 -80.643 -36.189 0.400000
4738 -28.144 -80.316 -35.658 0.500000
4754 -26.098 -80.710 -37.231 0.400000
4755 -27.401 -80.186 -37.012 0.600000
4756 -28.012 -79.718 -36.538 0.500000
4762 -24.261 -80.786 -38.565 0.500000
4763 -25.377 -80.657 -38.098 0.500000
4764 -26.209 -80.416 -38.049 0.600000
4765 -26.754 -79.926 -38.520 0.700000
4766 -27.227 -79.946 -37.807 0.600000
4768 -23.956 -80.708 -39.619 0.600000
4769 -25.000 -80.549 -39.262 0.600000
4770 -25.885 -80.206 -38.916 0.700000
4771 -26.374 -79.662 -39.594 0.800000
4773 -23.066 -80.573 -40.637 0.500000
4774 -23.603 -80.073 -41.085 0.500000
4775 -24.602 -80.219 -40.218 0.600000
4777 -21.458 -79.807 -40.922 0.500000
4778 -22.670 -80.359 -40.894 0.500000
4779 -22.251 -80.003 -41.059 0.400000
4780 -24.290 -79.512 -41.261 0.600000
4781 -25.069 -79.576 -40.856 0.600000
4782 -23.074 -79.761 -41.207 0.600000
5217 -22.756 -79.396 -26.807 0.300000
5220 -23.282 -79.534 -27.615 0.300000
5221 -23.219 -78.567 -27.273 0.300000
5225 -23.824 -78.754 -28.169 0.300000
5232 -24.710 -78.765 -29.713 0.300000
5233 -31.700 -79.902 -30.151 0.300000
5234 -31.144 -79.323 -30.045 0.400000
5235 -31.766 -79.408 -29.579 0.400000
5236 -33.066 -79.720 -29.471 0.300000
5238 -33.988 -79.529 -29.770 0.300000
5242 -7.148 -79.236 -31.411 0.600000
5243 -7.818 -79.171 -30.966 0.600000
5244 -8.522 -79.392 -31.310 0.600000
5245 -9.017 -78.898 -30.095 0.700000
5246 -9.314 -79.364 -30.783 0.700000
5248 -25.530 -79.642 -31.436 0.300000
5249 -30.769 -80.019 -30.704 0.300000
5250 -29.880 -79.587 -30.993 0.400000
5251 -30.467 -79.170 -30.487 0.400000
5252 -31.460 -80.314 -30.940 0.400000
5253 -32.083 -80.148 -30.626 0.300000
5254 -33.409 -79.654 -30.340 0.300000
5260 -5.934 -79.104 -31.908 0.500000
5261 -6.729 -79.411 -31.944 0.500000
5262 -7.642 -79.418 -31.825 0.500000
5263 -8.485 -79.457 -32.110 0.600000
5264 -9.131 -79.463 -31.651 0.700000
5268 -26.432 -79.389 -31.800 0.300000
5269 -27.201 -80.115 -32.260 0.300000
5270 -27.381 -79.277 -31.789 0.300000
5271 -28.277 -79.437 -31.647 0.300000
5272 -29.133 -79.739 -31.405 0.300000
5273 -32.482 -79.754 -32.351 0.300000
5274 -33.179 -79.532 -31.873 0.300000
5280 -6.890 -79.578 -32.670 0.500000
5281 -7.712 -79.393 -32.726 0.500000
5282 -8.419 -78.906 -33.014 0.500000
5283 -9.290 -78.834 -32.554 0.700000
5284 -22.195 -79.332 -33.240 0.500000
5285 -21.572 -79.002 -32.897 0.500000
5286 -22.838 -79.437 -33.218 0.500000
5288 -23.661 -79.412 -33.351 0.500000
5290 -24.452 -78.990 -33.246 0.400000
5291 -33.469 -79.040 -32.727 0.300000
5300 -22.496 -79.470 -33.812 0.600000
5301 -21.887 -79.143 -33.637 0.500000
5302 -23.169 -79.656 -33.769 0.600000
5303 -23.728 -79.741 -34.029 0.500000
5304 -24.356 -79.549 -33.937 0.400000
5305 -24.945 -79.100 -33.801 0.400000
5306 -30.643 -79.325 -33.918 0.400000
5307 -31.674 -79.365 -33.466 0.400000
5308 -32.600 -78.746 -33.834 0.300000
5309 -33.337 -78.551 -33.492 0.300000
5315 -22.094 -79.017 -34.388 0.600000
5316 -23.105 -79.564 -34.469 0.600000
5317 -22.684 -79.061 -35.249 0.600000
5318 -24.166 -79.622 -34.736 0.500000
5319 -29.494 -79.673 -34.258 0.400000
5320 -30.027 -78.851 -34.605 0.500000
5321 -30.975 -78.599 -34.799 0.500000
5322 -32.141 -78.589 -34.560 0.500000
5332 -23.464 -79.393 -35.377 0.500000
5333 -24.169 -79.417 -35.682 0.500000
5334 -23.569 -79.227 -36.258 0.500000
5335 -25.009 -79.302 -35.506 0.500000
5336 -25.848 -78.890 -35.706 0.500000
5337 -28.600 -79.418 -35.778 0.600000
5338 -29.302 -79.072 -35.146 0.500000
5350 -24.376 -79.251 -36.662 0.500000
5351 -23.510 -79.054 -37.154 0.500000
5352 -25.419 -78.871 -36.455 0.500000
5353 -27.817 -79.495 -37.637 0.600000
5354 -28.374 -79.075 -37.145 0.500000
5360 -24.168 -78.654 -37.802 0.500000
5361 -27.427 -79.580 -38.407 0.600000
5362 -27.958 -79.070 -38.622 0.500000
5363 -28.464 -78.368 -38.733 0.500000
5365 -27.310 -79.267 -39.351 0.600000
5366 -27.989 -78.487 -39.371 0.500000
5367 -26.576 -78.828 -40.276 0.700000
5368 -20.740 -79.414 -40.615 0.300000
5369 -21.575 -78.915 -40.775 0.500000
5370 -22.433 -79.401 -41.099 0.600000
5371 -23.756 -79.514 -41.314 0.600000
5372 -24.171 -78.974 -41.363 0.600000
5373 -24.903 -78.805 -41.345 0.600000
5374 -25.709 -78.732 -40.916 0.700000
5375 -23.398 -79.141 -41.265 0.600000
5869 -8.182 -78.212 -22.519 0.600000
5870 -8.790 -78.575 -23.038 0.500000
5871 -9.150 -78.228 -22.339 0.600000
5872 -9.565 -78.499 -23.130 0.600000
5873 -9.883 -78.272 -22.605 0.600000
5885 -8.520 -78.752 -23.738 0.600000
5886 -9.156 -78.603 -23.649 0.500000
5887 -9.750 -78.378 -23.893 0.600000
5888 -10.339 -78.189 -23.217 0.700000
5895 -8.958 -78.554 -24.361 0.500000
5896 -9.704 -78.031 -24.704 0.700000
5903 -8.451 -77.856 -25.535 0.500000
5904 -8.916 -78.193 -24.967 0.600000
5910 -22.938 -78.466 -26.574 0.300000
5929 -11.889 -78.509 -29.185 0.700000
5930 -12.276 -78.227 -28.717 0.700000
5931 -12.683 -78.615 -28.962 0.700000
5932 -12.995 -78.197 -28.491 0.600000
5933 -13.465 -78.601 -28.821 0.600000
5934 -13.859 -78.164 -28.354 0.600000
5935 -14.284 -78.488 -28.873 0.600000
5936 -14.680 -78.091 -28.268 0.600000
5937 -15.222 -78.065 -29.009 0.600000
5939 -24.444 -78.336 -28.965 0.300000
5940 -31.340 -78.790 -29.381 0.300000
5941 -30.728 -78.018 -29.016 0.300000
5942 -31.501 -78.343 -28.739 0.300000
5950 -9.775 -79.107 -29.936 0.700000
5951 -9.501 -78.378 -29.755 0.700000
5952 -10.247 -78.550 -29.636 0.700000
5953 -11.063 -78.638 -29.553 0.700000
5954 -10.737 -78.093 -29.392 0.700000
5955 -11.664 -78.877 -29.834 0.700000
5956 -13.843 -78.637 -29.521 0.700000
5957 -14.596 -78.339 -29.765 0.600000
5958 -15.365 -77.960 -30.213 0.500000
5961 -30.491 -78.410 -29.900 0.400000
5962 -29.572 -77.814 -30.060 0.300000
5963 -29.937 -77.556 -29.311 0.300000
5969 -6.938 -78.714 -31.062 0.600000
5970 -7.571 -78.281 -30.658 0.700000
5971 -8.322 -78.637 -30.364 0.700000
5972 -8.808 -78.149 -29.930 0.700000
5973 -10.379 -79.187 -30.733 0.700000
5974 -11.125 -79.117 -30.216 0.700000
5975 -11.926 -78.812 -30.652 0.700000
5976 -12.814 -78.679 -30.961 0.700000
5977 -13.711 -78.601 -31.174 0.700000
5978 -14.555 -78.411 -31.314 0.700000
5979 -15.483 -78.121 -31.332 0.700000
5988 -26.744 -78.585 -31.289 0.300000
5990 -27.732 -78.623 -31.322 0.400000
5991 -28.307 -78.118 -30.797 0.300000
5992 -29.153 -78.806 -30.977 0.400000
5993 -29.135 -78.094 -30.561 0.300000
6000 -9.893 -79.245 -31.705 0.700000
6001 -10.698 -78.790 -31.946 0.700000
6002 -12.261 -78.673 -31.787 0.700000
6003 -13.226 -78.633 -31.893 0.700000
6004 -14.064 -78.423 -32.058 0.700000
6005 -14.948 -78.245 -32.212 0.700000
6006 -15.898 -78.167 -32.390 0.700000
6016 -10.149 -78.345 -32.623 0.700000
6017 -11.457 -78.439 -32.263 0.700000
6018 -12.838 -78.365 -32.562 0.700000
6019 -13.337 -78.179 -33.293 0.700000
6020 -15.347 -78.219 -33.178 0.700000
6022 -20.450 -77.591 -32.551 0.400000
6029 -9.665 -77.648 -33.533 0.500000
6030 -14.832 -78.135 -33.965 0.700000
6031 -20.982 -78.285 -32.943 0.400000
6032 -21.422 -78.412 -33.646 0.500000
6034 -33.293 -78.119 -34.543 0.500000
6035 -33.520 -77.300 -34.890 0.400000
6036 -33.574 -77.624 -33.999 0.400000
6038 -21.741 -77.975 -34.376 0.600000
6039 -22.300 -77.904 -35.127 0.600000
6040 -26.421 -78.386 -35.471 0.500000
6042 -30.382 -78.382 -35.601 0.400000
6043 -31.884 -77.998 -35.551 0.400000
6044 -33.033 -77.637 -35.331 0.400000
6045 -33.306 -77.117 -35.370 0.400000
6051 -22.957 -78.812 -36.623 0.500000
6052 -22.619 -78.440 -35.958 0.600000
6053 -26.287 -78.464 -36.322 0.600000
6054 -26.903 -77.738 -36.181 0.600000
6055 -29.268 -78.624 -36.091 0.500000
6056 -30.147 -77.883 -36.629 0.400000
6057 -31.305 -77.608 -36.309 0.400000
6058 -32.820 -77.071 -35.911 0.400000
6071 -22.961 -78.467 -37.373 0.500000
6072 -22.549 -77.881 -36.757 0.500000
6073 -24.988 -78.714 -37.317 0.600000
6074 -25.886 -78.285 -37.391 0.600000
6075 -26.618 -77.465 -37.874 0.600000
6076 -29.098 -78.336 -37.146 0.400000
6077 -30.021 -77.449 -37.589 0.400000
6086 -22.916 -78.194 -38.256 0.500000
6087 -22.461 -77.793 -37.755 0.500000
6088 -23.423 -78.505 -37.785 0.500000
6089 -24.316 -78.291 -38.899 0.500000
6090 -26.265 -76.784 -39.009 0.600000
6091 -29.129 -77.713 -38.283 0.500000
6094 -22.926 -78.246 -39.376 0.600000
6095 -22.257 -77.774 -38.867 0.600000
6096 -23.867 -78.217 -39.934 0.600000
6097 -24.947 -77.647 -39.724 0.600000
6098 -25.775 -77.644 -38.675 0.600000
6099 -27.907 -77.812 -39.899 0.500000
6100 -28.729 -77.666 -39.311 0.500000
6101 -20.392 -78.713 -40.274 0.300000
6103 -22.661 -78.741 -40.866 0.600000
6104 -22.165 -78.166 -40.096 0.600000
6105 -23.830 -78.512 -41.055 0.600000
6106 -24.739 -77.938 -40.849 0.600000
6107 -25.582 -77.413 -40.604 0.700000
6108 -27.310 -77.820 -40.352 0.600000
6109 -27.498 -77.193 -40.245 0.600000
6110 -28.417 -77.153 -39.794 0.600000
6111 -20.814 -78.549 -40.474 0.500000
6112 -25.476 -77.992 -41.135 0.700000
6113 -26.163 -77.364 -40.881 0.700000
6114 -26.773 -77.546 -40.639 0.700000
6627 -9.243 -77.530 -21.737 0.600000
6628 -8.514 -77.026 -21.675 0.600000
6629 -9.902 -77.909 -22.013 0.600000
6630 -10.105 -77.227 -21.441 0.600000
6631 -10.699 -77.716 -21.962 0.500000
6632 -11.057 -77.197 -21.459 0.700000
6633 -11.575 -77.480 -22.118 0.800000
6634 -11.851 -77.088 -21.552 0.800000
6635 -12.573 -77.154 -22.161 0.800000
6644 -7.906 -77.405 -22.071 0.600000
6645 -11.002 -77.752 -22.688 0.700000
6646 -12.005 -77.457 -22.951 0.800000
6655 -10.429 -77.894 -24.059 0.700000
6656 -11.084 -77.599 -23.446 0.600000
6657 -11.792 -77.162 -23.791 0.800000
6658 -12.501 -77.115 -23.497 0.800000
6665 -10.339 -77.235 -24.712 0.700000
6666 -11.062 -77.216 -24.242 0.800000
6670 -8.526 -76.936 -25.867 0.600000
6671 -9.084 -77.455 -25.301 0.700000
6696 -14.299 -77.598 -27.978 0.500000
6697 -14.740 -77.117 -27.679 0.500000
6698 -15.395 -77.256 -27.738 0.600000
6699 -16.054 -77.288 -27.979 0.500000
6700 -16.005 -76.769 -27.671 0.500000
6701 -16.721 -76.850 -27.834 0.500000
6710 -11.512 -78.038 -28.930 0.700000
6711 -12.423 -77.595 -28.534 0.600000
6712 -13.471 -77.472 -28.194 0.600000
6713 -16.056 -77.529 -28.670 0.500000
6714 -16.919 -77.110 -29.264 0.500000
6715 -16.646 -77.151 -28.328 0.500000
6724 -9.492 -76.629 -29.875 0.700000
6725 -10.066 -77.606 -29.591 0.700000
6726 -10.913 -77.311 -29.357 0.600000
6727 -16.100 -77.584 -29.711 0.500000
6728 -16.889 -77.298 -30.295 0.500000
6730 -17.825 -76.745 -29.455 0.500000
6742 -27.659 -77.498 -30.087 0.300000
6744 -28.672 -77.542 -30.122 0.300000
6745 -29.077 -77.203 -29.439 0.300000
6752 -6.785 -77.575 -31.092 0.500000
6753 -7.259 -76.536 -31.161 0.700000
6754 -8.176 -77.761 -30.324 0.700000
6755 -8.769 -77.193 -30.103 0.700000
6756 -16.237 -77.702 -30.760 0.600000
6757 -17.029 -77.379 -31.138 0.500000
6758 -17.796 -77.141 -31.284 0.400000
6764 -34.246 -77.782 -31.548 0.300000
6766 -4.910 -76.474 -32.389 0.500000
6767 -5.818 -77.112 -31.652 0.500000
6768 -6.490 -76.572 -31.494 0.500000
6769 -16.445 -77.774 -31.710 0.600000
6770 -17.280 -77.469 -31.965 0.500000
6771 -18.262 -77.306 -32.187 0.500000
6772 -19.337 -77.186 -31.842 0.400000
6778 -33.517 -77.572 -32.311 0.300000
6782 -10.805 -78.102 -32.786 0.700000
6783 -11.557 -77.884 -33.006 0.700000
6784 -12.415 -77.958 -33.222 0.700000
6785 -17.492 -77.613 -32.841 0.600000
6786 -18.218 -77.438 -33.156 0.700000
6787 -19.189 -77.206 -32.953 0.500000
6788 -20.099 -77.110 -33.178 0.600000
6791 -32.433 -77.003 -33.601 0.300000
6792 -30.990 -76.816 -33.596 0.400000
6793 -33.483 -77.146 -33.961 0.300000
6794 -33.700 -77.570 -33.450 0.300000
6800 -10.058 -77.102 -34.081 0.500000
6801 -10.833 -77.557 -33.473 0.700000
6802 -11.778 -77.474 -33.910 0.700000
6803 -12.926 -77.719 -34.106 0.700000
6804 -13.960 -77.958 -34.133 0.700000
6805 -15.737 -77.944 -34.151 0.700000
6806 -16.702 -77.864 -33.946 0.700000
6807 -17.600 -77.644 -33.774 0.700000
6808 -18.586 -77.404 -33.864 0.700000
6809 -19.505 -77.233 -33.881 0.600000
6810 -20.367 -77.210 -33.914 0.600000
6811 -20.749 -77.655 -33.362 0.600000
6813 -31.991 -76.581 -34.480 0.500000
6814 -33.248 -76.860 -34.538 0.500000
6815 -33.542 -77.163 -34.384 0.400000
6816 -33.471 -76.970 -35.069 0.500000
6823 -12.489 -77.018 -34.797 0.700000
6824 -13.615 -77.102 -34.962 0.700000
6825 -15.620 -77.102 -34.792 0.700000
6826 -16.350 -77.249 -34.537 0.700000
6827 -17.196 -77.317 -34.416 0.700000
6828 -18.050 -77.208 -34.407 0.700000
6829 -18.953 -77.009 -34.455 0.700000
6830 -19.891 -76.838 -34.465 0.700000
6831 -20.856 -76.807 -34.514 0.600000
6832 -21.699 -77.019 -34.837 0.600000
6835 -32.934 -76.869 -35.625 0.500000
6837 -22.182 -76.894 -35.641 0.500000
6838 -22.349 -76.811 -36.463 0.600000
6839 -27.366 -76.841 -36.258 0.500000
6841 -32.022 -76.928 -36.641 0.500000
6851 -22.309 -76.957 -37.288 0.500000
6852 -27.315 -77.018 -37.112 0.500000
6854 -30.665 -76.812 -37.768 0.500000
6855 -31.306 -76.551 -37.275 0.500000
6856 -32.320 -76.615 -36.266 0.500000
6867 -21.868 -77.132 -38.218 0.500000
6868 -26.889 -76.382 -38.394 0.500000
6870 -30.084 -76.942 -38.452 0.500000
6871 -29.734 -76.584 -38.914 0.500000
6873 -20.930 -76.233 -38.944 0.500000
6874 -21.336 -77.291 -39.314 0.600000
6875 -25.732 -76.973 -39.793 0.700000
6876 -26.666 -76.461 -39.841 0.500000
6878 -29.211 -76.917 -39.412 0.500000
6879 -29.317 -76.351 -39.321 0.600000
6881 -20.347 -77.788 -40.263 0.500000
6882 -20.287 -76.519 -39.326 0.500000
6883 -21.184 -78.033 -40.293 0.500000
6884 -26.165 -76.864 -40.361 0.600000
6885 -26.721 -76.887 -40.486 0.600000
6886 -27.298 -76.430 -39.952 0.500000
6887 -28.002 -76.635 -39.902 0.600000
6888 -28.694 -76.469 -39.634 0.600000
7414 -12.395 -76.731 -21.209 0.700000
7415 -11.405 -76.436 -20.994 0.700000
7416 -12.159 -76.073 -20.512 0.800000
7417 -12.999 -76.396 -20.772 0.600000
7418 -12.942 -75.868 -20.101 0.600000
7430 -8.467 -76.064 -21.520 0.600000
7431 -9.235 -76.646 -21.423 0.600000
7432 -9.919 -76.235 -21.132 0.600000
7433 -10.549 -75.812 -20.878 0.600000
7434 -13.269 -76.781 -21.560 0.700000
7444 -13.029 -77.276 -23.030 0.800000
7445 -13.829 -76.840 -23.145 0.700000
7453 -12.321 -76.645 -24.143 0.800000
7454 -13.156 -76.646 -23.792 0.700000
7455 -14.032 -76.145 -23.794 0.700000
7468 -9.683 -77.115 -25.102 0.600000
7469 -10.022 -76.195 -25.193 0.700000
7470 -10.881 -76.498 -24.803 0.700000
7471 -12.039 -75.982 -24.688 0.700000
7472 -13.388 -75.709 -24.450 0.700000
7481 -7.902 -76.377 -26.307 0.700000
7482 -8.577 -75.965 -26.000 0.600000
7483 -9.208 -76.520 -25.569 0.600000
7491 -7.268 -75.874 -26.660 0.600000
7498 -14.114 -77.036 -27.831 0.500000
7499 -14.519 -76.347 -27.788 0.500000
7500 -15.302 -76.614 -27.618 0.600000
7501 -15.901 -76.084 -27.549 0.500000
7502 -16.638 -76.242 -27.620 0.500000
7526 -11.660 -77.025 -29.014 0.600000
7527 -12.384 -76.471 -28.810 0.600000
7528 -12.979 -76.858 -28.369 0.500000
7529 -13.664 -76.577 -28.096 0.500000
7550 -9.073 -75.580 -29.968 0.700000
7551 -9.894 -75.694 -29.492 0.700000
7552 -10.690 -75.632 -29.309 0.600000
7553 -11.827 -75.982 -29.186 0.600000
7562 -7.584 -75.584 -30.986 0.700000
7563 -8.093 -76.637 -30.601 0.700000
7564 -8.791 -76.342 -30.259 0.700000
7569 -4.831 -75.699 -32.121 0.500000
7570 -5.757 -75.225 -31.705 0.600000
7571 -6.656 -75.760 -31.536 0.600000
7580 -4.268 -75.774 -32.771 0.500000
7585 -32.782 -76.646 -35.274 0.500000
7589 -12.963 -76.376 -35.257 0.600000
7590 -15.127 -76.230 -35.090 0.600000
7591 -15.981 -76.169 -34.816 0.600000
7592 -16.853 -76.448 -34.779 0.700000
7593 -18.365 -76.346 -34.922 0.700000
7594 -17.503 -75.714 -34.994 0.600000
7595 -19.376 -76.337 -35.021 0.700000
7596 -20.339 -76.291 -35.119 0.700000
7597 -21.240 -76.264 -35.240 0.600000
7600 -32.271 -76.370 -36.056 0.500000
7601 -31.477 -75.858 -36.422 0.500000
7609 -14.377 -74.906 -35.264 0.600000
7610 -15.480 -74.971 -35.046 0.600000
7611 -18.161 -75.244 -35.273 0.600000
7612 -18.932 -75.446 -35.414 0.700000
7613 -19.846 -75.548 -35.599 0.700000
7614 -20.791 -75.539 -35.717 0.700000
7615 -22.090 -76.099 -36.248 0.500000
7616 -21.576 -75.545 -36.067 0.600000
7618 -27.281 -75.673 -36.552 0.500000
7619 -31.837 -76.187 -36.639 0.500000
7623 -22.015 -75.309 -36.734 0.500000
7624 -22.217 -75.813 -37.132 0.600000
7625 -31.383 -76.091 -37.187 0.500000
7638 -22.101 -75.048 -38.014 0.500000
7640 -29.605 -75.934 -38.923 0.500000
7641 -30.501 -76.212 -38.082 0.500000
7643 -21.566 -75.073 -38.522 0.500000
7644 -28.784 -75.776 -39.356 0.600000
7645 -20.197 -76.322 -39.113 0.500000
7646 -27.940 -75.925 -39.631 0.500000
8163 -13.485 -75.573 -19.402 0.600000
8164 -12.703 -75.302 -19.525 0.700000
8165 -12.884 -74.922 -18.988 0.600000
8177 -10.321 -74.946 -20.647 0.600000
8178 -12.084 -75.356 -19.905 0.700000
8189 -9.584 -74.575 -20.793 0.700000
8231 -10.868 -75.673 -25.267 0.700000
8232 -11.659 -75.377 -25.229 0.700000
8233 -12.589 -75.225 -25.016 0.800000
8234 -13.487 -74.700 -24.912 0.600000
8235 -14.194 -75.155 -24.395 0.600000
8245 -8.642 -75.051 -26.016 0.600000
8246 -9.352 -75.569 -25.794 0.600000
8247 -10.209 -75.179 -25.713 0.600000
8248 -11.110 -74.873 -25.737 0.700000
8249 -11.947 -74.577 -25.577 0.800000
8254 -6.150 -74.714 -26.946 0.600000
8255 -7.015 -75.002 -26.575 0.700000
8268 -4.302 -74.293 -27.771 0.600000
8270 -14.821 -75.432 -28.179 0.600000
8271 -15.690 -75.196 -27.802 0.600000
8291 -13.146 -75.982 -28.663 0.500000
8292 -13.946 -75.678 -28.376 0.600000
8293 -14.271 -74.877 -28.964 0.600000
8294 -15.121 -74.528 -28.820 0.500000
8299 -8.206 -75.071 -30.208 0.700000
8300 -8.939 -74.613 -29.618 0.700000
8301 -10.313 -74.829 -29.249 0.600000
8302 -11.152 -74.815 -29.304 0.600000
8303 -11.918 -75.063 -29.430 0.600000
8304 -12.642 -75.274 -29.262 0.500000
8305 -13.500 -75.074 -29.175 0.600000
8313 -7.341 -74.607 -30.620 0.600000
8319 -3.945 -74.983 -31.981 0.500000
8320 -4.096 -75.356 -32.534 0.500000
8321 -6.659 -74.954 -31.284 0.600000
8331 -16.520 -74.993 -35.050 0.600000
8343 -15.813 -73.813 -35.367 0.500000
8344 -17.512 -74.202 -35.525 0.500000
8345 -18.503 -74.272 -35.844 0.500000
8346 -20.346 -74.647 -36.158 0.500000
8347 -21.112 -74.769 -36.255 0.700000
8348 -20.877 -73.893 -36.745 0.500000
8352 -30.604 -75.412 -36.767 0.400000
8354 -31.363 -75.842 -36.958 0.500000
8356 -21.603 -74.505 -36.860 0.500000
8357 -22.022 -74.794 -37.445 0.500000
8360 -30.692 -75.681 -37.452 0.500000
8361 -29.690 -74.961 -37.273 0.500000
8377 -20.414 -74.403 -38.556 0.400000
8378 -20.663 -75.458 -38.774 0.500000
8379 -21.230 -74.308 -38.509 0.500000
8380 -21.743 -74.339 -38.186 0.500000
8381 -27.946 -75.320 -39.119 0.500000
8908 -11.365 -74.716 -19.668 0.700000
8909 -12.146 -74.746 -19.286 0.600000
8923 -10.031 -74.134 -20.206 0.700000
8924 -9.199 -73.896 -20.495 0.700000
8939 -7.805 -74.667 -21.688 0.600000
8941 -8.139 -74.223 -21.317 0.600000
8942 -8.838 -74.393 -20.975 0.600000
8972 -12.798 -74.205 -25.384 0.700000
8973 -13.538 -73.683 -25.090 0.600000
8974 -14.222 -74.112 -24.651 0.500000
8984 -9.465 -74.524 -26.053 0.600000
8985 -10.486 -74.283 -26.077 0.700000
8986 -11.331 -73.993 -25.943 0.700000
8987 -12.130 -73.664 -25.738 0.600000
8988 -12.861 -73.294 -25.441 0.500000
8998 -5.895 -73.536 -26.793 0.700000
8999 -6.911 -73.549 -26.483 0.600000
9000 -8.951 -73.704 -26.205 0.700000
9001 -9.916 -73.490 -26.328 0.700000
9013 -3.274 -73.468 -28.100 0.500000
9014 -3.623 -73.399 -27.784 0.600000
9015 -4.335 -73.462 -27.443 0.600000
9016 -5.188 -73.984 -27.303 0.700000
9032 -3.072 -73.886 -29.263 0.400000
9033 -8.065 -74.049 -29.748 0.600000
9034 -7.085 -73.771 -30.192 0.600000
9035 -7.653 -73.241 -29.678 0.500000
9036 -9.065 -73.675 -29.370 0.600000
9037 -10.737 -73.808 -29.407 0.600000
9038 -12.548 -74.365 -29.873 0.500000
9039 -12.159 -73.577 -30.641 0.600000
9040 -13.241 -74.479 -29.936 0.600000
9041 -13.904 -74.457 -29.847 0.600000
9042 -14.185 -73.923 -30.345 0.500000
9043 -14.853 -73.686 -29.702 0.500000
9050 -4.913 -73.984 -30.782 0.500000
9051 -5.324 -74.621 -31.398 0.500000
9052 -5.809 -74.094 -30.938 0.600000
9053 -6.539 -74.256 -30.892 0.600000
9054 -6.265 -73.495 -30.438 0.600000
9055 -12.942 -73.924 -30.674 0.600000
9056 -13.586 -73.994 -30.567 0.600000
9088 -18.092 -72.949 -36.355 0.500000
9089 -18.988 -73.146 -36.523 0.500000
9090 -18.558 -72.630 -36.895 0.500000
9091 -19.921 -73.572 -36.685 0.500000
9100 -19.331 -72.825 -37.006 0.500000
9101 -21.233 -73.746 -37.387 0.500000
9102 -21.930 -74.382 -37.902 0.500000
9103 -21.600 -73.918 -37.874 0.500000
9110 -19.936 -73.744 -38.253 0.400000
9111 -20.776 -73.705 -38.289 0.400000
9112 -21.349 -73.857 -38.210 0.500000
9642 -7.672 -73.623 -21.105 0.600000
9644 -7.899 -73.154 -20.468 0.600000
9645 -8.426 -73.732 -20.765 0.600000
9704 -10.775 -73.504 -26.239 0.700000
9705 -11.489 -73.030 -26.143 0.800000
9706 -12.252 -72.870 -25.698 0.600000
9716 -4.482 -72.215 -27.232 0.600000
9717 -6.184 -72.678 -26.677 0.600000
9718 -7.295 -72.730 -26.562 0.600000
9719 -8.305 -72.717 -26.524 0.600000
9720 -9.204 -72.843 -26.472 0.600000
9721 -10.526 -72.699 -26.353 0.800000
9731 -3.513 -72.684 -27.835 0.500000
9732 -3.991 -72.727 -27.451 0.600000
9744 -3.307 -73.190 -28.482 0.500000
9752 -3.539 -73.385 -29.397 0.400000
9753 -3.793 -72.681 -29.064 0.500000
9754 -4.330 -73.270 -30.027 0.500000
9755 -4.774 -72.543 -29.695 0.600000
9756 -5.818 -72.688 -29.969 0.600000
9757 -6.833 -72.807 -29.814 0.600000
9758 -7.753 -72.481 -29.454 0.600000
9759 -9.236 -72.799 -29.323 0.600000
9760 -9.839 -72.556 -29.553 0.500000
9761 -10.483 -72.832 -29.750 0.500000
9762 -11.315 -73.136 -30.013 0.500000
9763 -14.465 -73.298 -30.678 0.500000
9764 -15.045 -72.731 -30.044 0.500000
9781 -5.369 -73.301 -30.441 0.600000
9782 -12.523 -73.517 -31.527 0.600000
9783 -11.333 -72.880 -31.041 0.600000
9784 -13.174 -73.663 -31.216 0.600000
9785 -13.762 -73.508 -31.216 0.500000
9786 -14.223 -72.844 -31.469 0.500000
9787 -14.819 -72.525 -30.913 0.500000
9793 -12.018 -73.266 -32.212 0.600000
9794 -11.039 -72.732 -32.147 0.600000
9795 -12.909 -73.422 -31.898 0.600000
9796 -13.461 -72.941 -32.012 0.600000
9801 -11.658 -72.696 -32.401 0.600000
9802 -12.566 -72.933 -32.402 0.600000
9815 -16.884 -72.598 -36.847 0.500000
9816 -17.762 -72.505 -36.987 0.500000
9820 -18.663 -72.724 -37.201 0.500000
9821 -19.559 -73.103 -37.298 0.500000
9822 -20.989 -73.532 -37.826 0.500000
9823 -19.321 -73.360 -37.644 0.500000
9824 -20.204 -73.434 -37.757 0.500000
10320 -12.642 -72.292 -16.323 0.500000
10340 -9.558 -71.830 -18.641 0.800000
10411 -12.216 -72.230 -25.222 0.500000
10412 -11.537 -71.774 -25.330 0.500000
10417 -11.165 -72.142 -26.085 0.700000
10418 -10.451 -71.894 -26.272 0.700000
10420 -5.420 -70.858 -27.506 0.600000
10421 -5.983 -70.864 -27.123 0.600000
10422 -6.620 -71.771 -26.872 0.600000
10423 -7.787 -71.795 -26.713 0.600000
10424 -8.799 -71.939 -26.627 0.600000
10425 -9.744 -72.095 -26.519 0.700000
10430 -3.894 -71.780 -27.846 0.600000
10431 -4.556 -71.506 -27.569 0.600000
10442 -3.577 -72.289 -28.169 0.500000
10457 -4.291 -71.876 -28.633 0.500000
10458 -5.293 -71.920 -29.357 0.600000
10459 -6.899 -71.848 -29.443 0.600000
10460 -7.759 -71.643 -29.399 0.500000
10461 -9.358 -72.000 -29.509 0.500000
10462 -10.052 -71.975 -30.056 0.500000
10463 -10.634 -72.545 -30.562 0.500000
10489 -9.832 -72.210 -31.738 0.600000
10490 -9.756 -71.642 -31.286 0.500000
10491 -10.266 -72.577 -31.900 0.600000
10492 -14.619 -72.046 -31.615 0.500000
10493 -15.265 -71.785 -31.093 0.500000
10508 -9.743 -71.794 -32.078 0.600000
10509 -10.013 -72.298 -32.285 0.600000
10510 -10.070 -71.787 -32.423 0.600000
10511 -13.985 -72.160 -32.097 0.500000
10513 -15.116 -71.603 -31.871 0.500000
10517 -10.737 -72.287 -32.378 0.600000
10518 -11.585 -72.091 -32.550 0.600000
10519 -12.385 -72.138 -32.564 0.600000
10520 -13.908 -71.415 -32.540 0.500000
11005 -12.248 -71.658 -15.892 0.500000
11006 -11.811 -71.037 -15.580 0.500000
11018 -11.521 -71.350 -16.270 0.500000
11019 -10.854 -71.100 -16.799 0.600000
11035 -10.348 -71.022 -17.613 0.600000
11046 -8.385 -70.858 -18.730 0.600000
11047 -9.130 -71.217 -18.553 0.700000
11048 -9.813 -71.077 -18.238 0.600000
11067 -6.934 -71.298 -19.399 0.500000
11068 -7.585 -70.855 -19.053 0.600000
11119 -11.112 -71.156 -24.525 0.500000
11127 -10.624 -71.387 -25.477 0.500000
11128 -9.161 -70.515 -25.501 0.500000
11134 -5.754 -69.984 -27.325 0.600000
11135 -6.131 -69.904 -26.903 0.600000
11136 -7.081 -70.695 -26.814 0.500000
11137 -7.616 -69.899 -26.402 0.600000
11138 -9.080 -71.235 -26.359 0.600000
11144 -4.644 -71.172 -28.020 0.600000
11145 -5.326 -70.668 -27.694 0.500000
11151 -5.081 -71.114 -28.665 0.600000
11152 -5.408 -70.316 -28.178 0.600000
11153 -6.086 -69.963 -28.657 0.500000
11157 -6.700 -70.793 -29.212 0.600000
11158 -7.766 -70.732 -29.434 0.500000
11159 -8.629 -70.487 -29.727 0.600000
11160 -9.359 -71.141 -30.057 0.500000
11181 -9.721 -71.147 -31.207 0.600000
11182 -15.835 -71.392 -31.727 0.500000
11206 -11.102 -71.640 -32.401 0.600000
11207 -12.180 -71.453 -32.475 0.600000
11208 -13.094 -71.384 -32.563 0.500000
11798 -11.446 -70.282 -15.176 0.600000
11804 -11.076 -70.757 -16.011 0.500000
11805 -10.376 -70.600 -16.452 0.600000
11806 -10.490 -70.221 -15.684 0.600000
11810 -9.870 -70.526 -17.110 0.600000
11811 -9.653 -70.102 -16.271 0.600000
11820 -9.793 -70.608 -17.883 0.600000
11821 -9.352 -70.224 -17.691 0.600000
11829 -8.460 -69.970 -18.445 0.700000
11830 -9.157 -70.511 -18.256 0.700000
11842 -6.988 -70.390 -19.166 0.500000
11843 -7.770 -70.091 -18.843 0.600000
11895 -8.657 -69.510 -24.869 0.500000
11900 -7.991 -69.096 -25.717 0.500000
11901 -7.117 -68.868 -26.302 0.500000
11902 -8.478 -70.179 -26.065 0.500000
11905 -5.953 -69.118 -27.279 0.500000
11906 -5.989 -69.092 -26.956 0.500000
11907 -6.822 -69.653 -26.603 0.600000
11913 -5.708 -69.798 -27.545 0.600000
11914 -12.460 -70.515 -27.929 0.400000
11915 -11.706 -70.132 -27.504 0.500000
11916 -13.110 -70.587 -28.288 0.400000
11924 -5.911 -69.499 -27.913 0.700000
11925 -7.109 -69.901 -29.042 0.600000
11926 -6.475 -69.426 -28.370 0.600000
11927 -7.156 -69.192 -28.466 0.600000
11928 -12.508 -70.387 -28.897 0.600000
11929 -11.640 -70.080 -28.588 0.600000
11930 -13.395 -70.544 -29.200 0.500000
11935 -7.997 -70.030 -29.479 0.600000
11936 -8.694 -69.838 -29.629 0.600000
11937 -9.399 -70.434 -30.147 0.600000
11938 -12.111 -70.398 -30.748 0.600000
11939 -11.708 -70.132 -29.794 0.600000
11940 -13.150 -70.454 -30.628 0.600000
11955 -9.884 -71.233 -31.887 0.600000
11956 -9.840 -70.509 -30.786 0.600000
11957 -10.473 -70.664 -31.423 0.600000
11958 -10.677 -70.137 -30.382 0.600000
11959 -11.404 -70.638 -31.641 0.600000
11960 -12.427 -70.533 -31.748 0.500000
11975 -10.631 -71.156 -32.157 0.600000
11976 -11.772 -70.982 -32.252 0.600000
12547 -9.883 -69.642 -15.401 0.600000
12548 -9.339 -69.089 -15.039 0.500000
12555 -9.109 -69.451 -15.859 0.500000
12556 -8.544 -68.935 -15.460 0.600000
12557 -14.731 -68.758 -16.260 0.400000
12565 -9.290 -70.129 -17.026 0.700000
12566 -8.400 -69.162 -16.396 0.600000
12576 -8.929 -69.911 -18.077 0.700000
12577 -8.462 -69.453 -18.093 0.700000
12591 -7.865 -69.351 -18.569 0.600000
12600 -7.031 -69.413 -18.966 0.500000
12641 -7.884 -68.647 -25.953 0.500000
12645 -6.335 -68.553 -26.986 0.500000
12646 -6.622 -68.609 -26.750 0.500000
12647 -7.241 -68.395 -26.569 0.500000
12649 -9.795 -68.796 -25.836 0.500000
12656 -10.698 -69.547 -28.013 0.500000
12657 -10.200 -69.133 -26.867 0.500000
12662 -6.455 -68.836 -27.606 0.600000
12663 -7.904 -69.619 -29.040 0.600000
12664 -8.511 -69.226 -28.910 0.600000
12665 -9.090 -68.740 -28.490 0.600000
12666 -9.941 -69.192 -28.866 0.600000
12667 -9.618 -68.669 -27.806 0.600000
12668 -10.832 -69.616 -29.319 0.600000
12673 -9.972 -69.709 -29.873 0.600000
13269 -7.892 -68.512 -15.045 0.800000
13270 -12.591 -68.296 -14.637 0.400000
13271 -13.413 -68.437 -14.884 0.400000
13281 -7.802 -68.683 -15.992 0.700000
13282 -7.221 -68.179 -15.582 0.700000
13283 -13.245 -67.700 -15.197 0.400000
13284 -14.076 -68.195 -15.635 0.400000
13285 -13.825 -67.566 -16.031 0.400000
13291 -7.775 -68.812 -17.004 0.700000
13292 -7.204 -68.273 -16.583 0.700000
13293 -14.394 -67.843 -16.701 0.400000
13300 -7.845 -68.818 -18.050 0.600000
13316 -7.257 -68.707 -18.644 0.500000
13317 -6.819 -67.787 -18.260 0.500000
13377 -7.843 -68.389 -26.320 0.500000
13397 -7.346 -68.254 -26.735 0.500000
13398 -8.057 -68.150 -26.673 0.500000
13399 -9.073 -68.335 -26.760 0.500000
13413 -6.905 -68.267 -27.044 0.500000
13414 -7.663 -68.167 -27.178 0.500000
13415 -8.622 -68.320 -27.481 0.500000
14002 -9.229 -67.175 -13.907 0.600000
14003 -8.422 -67.317 -13.976 0.700000
14004 -8.714 -66.565 -13.832 0.700000
14011 -6.756 -67.608 -15.214 0.700000
14012 -6.483 -66.960 -14.855 0.700000
14013 -9.953 -66.901 -14.269 0.600000
14014 -11.434 -67.203 -14.628 0.600000
14015 -12.389 -67.551 -14.831 0.400000
14029 -6.677 -67.690 -16.121 0.700000
14030 -6.213 -67.045 -15.641 0.600000
14031 -13.125 -67.156 -15.906 0.400000
14032 -12.915 -66.900 -16.813 0.400000
14048 -6.715 -67.710 -17.221 0.600000
14049 -6.215 -67.025 -16.694 0.600000
14050 -13.652 -67.345 -16.887 0.400000
14051 -14.174 -67.301 -17.357 0.400000
14064 -14.075 -66.777 -17.950 0.300000
14783 -7.880 -66.689 -13.965 0.800000
14784 -7.313 -66.082 -14.019 0.800000
14785 -8.143 -65.924 -13.769 0.800000
14786 -8.960 -65.812 -13.799 0.600000
14787 -9.422 -66.410 -14.079 0.600000
14791 -5.773 -66.295 -15.091 0.600000
14792 -10.044 -66.153 -14.627 0.600000
14793 -11.394 -66.318 -15.411 0.500000
14794 -10.606 -65.836 -15.298 0.500000
14802 -11.157 -65.632 -16.245 0.400000
14803 -12.107 -66.370 -16.435 0.400000
14815 -12.551 -66.432 -17.495 0.400000
14816 -11.599 -65.727 -17.419 0.400000
14817 -13.410 -66.895 -17.532 0.300000
14834 -12.172 -66.029 -18.172 0.400000
14835 -13.014 -66.324 -18.235 0.400000
15563 -7.488 -65.297 -13.625 0.800000
15564 -8.008 -64.727 -13.453 0.700000
15565 -8.721 -64.555 -13.488 0.600000
15569 -9.587 -65.643 -14.317 0.500000
15570 -10.242 -65.382 -14.967 0.500000
15575 -10.746 -65.108 -16.981 0.400000
15576 -10.315 -64.707 -16.591 0.500000
15585 -10.852 -65.158 -17.989 0.400000
15586 -10.540 -64.761 -17.609 0.400000
16342 -6.634 -64.050 -13.761 0.700000
16343 -7.376 -64.476 -13.505 0.700000
16344 -8.146 -64.099 -13.381 0.700000
16345 -8.973 -63.842 -13.372 0.600000
16346 -9.232 -65.089 -13.834 0.600000
16347 -9.481 -64.345 -13.728 0.500000
16348 -9.936 -64.839 -14.493 0.500000
16353 -10.407 -64.054 -14.444 0.400000
16358 -10.107 -64.347 -16.226 0.500000
16365 -10.460 -64.327 -17.234 0.400000
16375 -9.900 -64.249 -18.703 0.400000
17134 -6.310 -62.466 -13.911 0.500000
17135 -7.499 -63.664 -13.450 0.700000
17136 -8.325 -63.320 -13.370 0.700000
17137 -9.176 -63.027 -13.372 0.500000
17138 -10.072 -62.836 -13.458 0.500000
17139 -10.801 -63.416 -13.918 0.500000
17144 -11.487 -63.419 -15.352 0.400000
17150 -10.483 -63.872 -15.806 0.400000
17151 -11.026 -63.394 -16.441 0.400000
17155 -10.487 -63.788 -16.817 0.500000
17163 -9.896 -63.226 -18.484 0.400000
17977 -7.270 -62.136 -13.512 0.700000
17978 -9.347 -62.198 -13.231 0.600000
17979 -10.193 -61.982 -13.306 0.600000
17980 -11.504 -62.584 -13.940 0.400000
17981 -11.028 -61.848 -13.510 0.500000
17982 -11.842 -61.662 -13.911 0.500000
17988 -12.229 -62.945 -15.096 0.500000
17989 -12.839 -62.385 -15.404 0.500000
17996 -12.105 -62.964 -15.957 0.500000
17997 -12.647 -62.143 -16.448 0.500000
18002 -10.555 -63.143 -17.492 0.400000
18003 -11.454 -62.553 -17.122 0.500000
18010 -10.423 -62.448 -18.136 0.400000
18870 -8.481 -61.104 -12.877 0.500000
18871 -9.415 -61.293 -13.029 0.500000
18872 -10.396 -61.140 -13.181 0.500000
18873 -11.285 -61.009 -13.426 0.500000
18874 -12.650 -61.354 -14.331 0.500000
18875 -12.092 -60.789 -13.832 0.500000
18889 -13.175 -61.642 -14.935 0.500000
18890 -13.178 -60.925 -14.670 0.500000
18891 -13.499 -60.714 -15.345 0.400000
18904 -13.375 -61.555 -15.871 0.500000
18905 -13.497 -60.604 -16.336 0.400000
18917 -12.225 -61.717 -17.269 0.500000
18918 -13.004 -61.094 -16.961 0.500000
18928 -12.181 -60.973 -17.786 0.400000
19758 -8.126 -60.369 -12.459 0.500000
19759 -8.974 -60.663 -12.666 0.500000
19760 -9.784 -60.452 -12.735 0.500000
19761 -10.348 -59.834 -12.489 0.400000
19762 -11.214 -59.720 -12.770 0.400000
19772 -11.637 -60.242 -13.308 0.500000
19773 -12.464 -60.015 -13.701 0.500000
19774 -12.837 -60.528 -14.202 0.500000
19794 -13.361 -60.192 -14.638 0.500000
19795 -13.545 -59.756 -15.268 0.400000
19816 -13.591 -60.073 -15.916 0.400000
19824 -13.201 -60.119 -17.118 0.400000
19825 -13.438 -59.886 -16.549 0.400000
19833 -11.914 -60.121 -18.321 0.300000
19834 -12.426 -59.604 -17.786 0.300000
20617 -9.168 -59.418 -11.883 0.500000
20618 -8.297 -59.547 -11.897 0.500000
20620 -10.008 -59.309 -11.794 0.400000
20633 -11.720 -59.051 -12.473 0.400000
20634 -12.130 -59.521 -13.095 0.600000
20635 -12.660 -58.791 -12.807 0.400000
20651 -13.377 -59.283 -14.449 0.400000
20652 -13.021 -59.212 -13.579 0.500000
20653 -13.411 -58.559 -14.466 0.400000
20664 -13.420 -58.862 -15.285 0.400000
20682 -13.436 -59.390 -16.073 0.400000
20691 -12.912 -59.249 -17.036 0.300000
21395 -10.043 -58.665 -11.131 0.400000
21396 -11.289 -58.617 -11.860 0.400000
21397 -11.761 -58.042 -11.407 0.400000
21398 -12.228 -58.389 -12.116 0.400000
21399 -12.655 -57.713 -11.740 0.400000
21411 -13.349 -58.454 -13.183 0.500000
21412 -13.196 -57.965 -12.537 0.400000
21413 -13.727 -57.713 -13.280 0.500000
21432 -13.189 -58.091 -14.954 0.400000
21446 -12.945 -58.647 -16.282 0.400000
21447 -12.114 -57.985 -16.306 0.400000
21448 -12.880 -58.255 -15.652 0.400000
21458 -12.047 -58.351 -17.174 0.300000
22131 -10.225 -57.937 -10.481 0.400000
22132 -10.884 -57.241 -9.998 0.400000
22133 -11.307 -57.721 -10.646 0.400000
22134 -11.829 -57.021 -10.262 0.300000
22135 -12.309 -57.444 -10.945 0.300000
22136 -12.691 -56.729 -10.690 0.300000
22143 -13.300 -57.343 -12.082 0.400000
22144 -13.081 -57.088 -11.400 0.400000
22145 -13.558 -56.699 -12.145 0.400000
22157 -13.910 -56.843 -13.066 0.400000
22166 -13.572 -57.268 -13.788 0.400000
22175 -12.314 -57.703 -15.540 0.400000
22176 -11.711 -57.167 -15.519 0.400000
22177 -12.748 -57.184 -14.731 0.400000
22190 -11.314 -57.382 -16.122 0.300000
22191 -10.491 -56.993 -16.641 0.300000
22791 -11.341 -56.548 -9.612 0.300000
22792 -11.651 -55.730 -9.306 0.400000
22793 -12.351 -56.242 -9.946 0.300000
22794 -12.387 -55.437 -9.729 0.400000
22795 -12.776 -55.534 -10.357 0.300000
22804 -13.199 -56.362 -11.263 0.400000
22805 -12.914 -56.126 -10.602 0.300000
22815 -13.436 -55.926 -11.789 0.400000
22822 -13.501 -56.190 -12.562 0.400000
22831 -11.974 -56.338 -14.549 0.400000
22832 -11.184 -55.710 -14.296 0.400000
22833 -12.406 -55.928 -13.821 0.400000
22834 -13.122 -56.602 -13.884 0.400000
22835 -13.296 -56.239 -13.270 0.400000
22844 -10.503 -56.150 -15.061 0.300000
22847 -11.524 -56.707 -15.174 0.300000
23433 -12.057 -54.699 -9.247 0.400000
23458 -12.581 -54.770 -10.119 0.400000
23468 -13.152 -55.661 -11.040 0.500000
23469 -12.838 -54.937 -10.834 0.500000
23473 -13.118 -55.609 -12.308 0.500000
23474 -12.784 -55.187 -11.691 0.500000
23480 -11.754 -55.343 -13.550 0.400000
23481 -11.376 -54.710 -13.283 0.500000
23482 -12.261 -55.120 -12.701 0.500000
23483 -12.793 -55.671 -13.054 0.500000
23492 -10.807 -55.083 -14.003 0.400000
23493 -10.781 -54.457 -13.799 0.400000
24179 -12.427 -54.070 -9.852 0.400000
24190 -12.416 -54.156 -10.603 0.500000
24196 -11.703 -54.494 -12.221 0.400000
24197 -11.068 -53.685 -12.142 0.300000
24198 -11.834 -53.946 -11.398 0.500000
24204 -10.922 -53.967 -13.148 0.300000
24210 -10.380 -54.515 -14.483 0.300000
25049 -12.181 -53.469 -10.096 0.400000
25050 -11.791 -52.766 -9.631 0.300000
25065 -11.559 -52.953 -10.565 0.500000
25067 -11.937 -53.537 -10.803 0.400000
25075 -11.269 -53.306 -11.348 0.300000
25841 -11.240 -52.034 -8.958 0.300000
25846 -10.852 -52.178 -10.258 0.400000
26622 -9.871 -50.803 -9.047 0.300000
26630 -10.351 -51.473 -9.611 0.300000
88433 -11.571 -72.855 -17.781 0.600000
88435 -9.692 -68.510 -14.455 0.500000
88436 -10.671 -68.135 -14.264 0.600000
88437 -7.617 -67.391 -14.325 0.800000
88438 -6.507 -66.241 -14.406 0.700000
88439 -6.748 -65.620 -13.986 0.700000
88574 -11.287 -73.337 -18.416 0.700000
88584 -10.022 -72.653 -18.863 0.500000
88587 -11.961 -73.681 -18.189 0.700000
88591 -12.704 -74.188 -17.894 0.600000
88593 -13.508 -74.658 -17.835 0.500000
88599 -13.352 -70.482 -14.984 0.500000
88616 -12.581 -69.907 -14.714 0.500000
88618 -9.369 -72.961 -19.475 0.800000
88622 -7.831 -71.538 -19.177 0.600000
88642 -7.353 -72.116 -19.652 0.500000
88660 -5.962 -65.492 -14.332 0.600000
88667 -10.715 -73.379 -18.916 0.600000
88694 -11.016 -68.863 -14.519 0.600000
88710 -11.808 -69.196 -14.596 0.600000
88713 -8.796 -68.541 -14.575 0.600000
88727 -8.685 -72.539 -19.441 0.800000
88786 -7.111 -66.803 -14.362 0.800000
88802 -8.121 -68.016 -14.373 0.800000
88824 -11.939 -71.861 -16.664 0.500000
88827 -10.206 -69.018 -14.750 0.600000
88856 -13.974 -69.286 -14.952 0.400000
88970 -6.638 -64.975 -13.744 0.700000
88991 -8.631 -68.521 -25.995 0.500000
88994 -10.686 -66.577 -14.694 0.500000
89128 -11.318 -78.862 -31.270 0.700000
89135 -10.692 -74.693 -20.045 0.600000
89288 -10.364 -76.525 -29.509 0.700000
89293 -11.673 -68.181 -14.487 0.600000
89333 -5.885 -71.322 -29.261 0.600000
89346 -8.074 -74.542 -26.089 0.600000
89507 -9.897 -73.268 -29.385 0.500000
90041 -13.418 -58.497 -13.807 0.500000
90080 -16.724 -77.885 -32.586 0.600000
90247 -9.777 -74.175 -29.293 0.600000
90592 -10.393 -63.861 -17.854 0.400000
90618 -8.423 -73.089 -29.406 0.600000
90758 -13.750 -57.251 -12.674 0.400000
90779 -11.383 -61.679 -17.988 0.500000
90866 -28.700 -79.927 -34.904 0.500000
90957 -28.323 -80.719 -34.899 0.400000
91047 -9.828 -75.295 -21.046 0.700000
91050 -14.778 -77.426 -34.810 0.700000
91140 -9.177 -75.691 -21.229 0.600000
91170 -23.087 -78.426 -40.400 0.600000
91518 -13.215 -72.163 -32.432 0.600000
91575 -23.574 -78.359 -38.647 0.500000
92024 -11.112 -69.688 -26.987 0.500000
92043 -7.842 -75.299 -26.256 0.700000
92331 -13.550 -76.952 -22.421 0.600000
92356 -19.562 -80.485 -26.550 0.300000
92401 -8.579 -72.265 -29.343 0.600000
92628 -28.623 -79.030 -36.514 0.600000
92788 -26.670 -77.862 -36.910 0.600000
92820 -8.896 -69.778 -17.543 0.500000
93068 -11.129 -76.343 -29.294 0.600000
93231 -7.993 -73.674 -26.230 0.600000
93262 -11.609 -76.628 -24.458 0.800000
93311 -12.460 -78.765 -29.843 0.700000
93532 -10.600 -53.988 -13.958 0.400000
93538 -29.818 -78.595 -30.545 0.400000
93607 -17.596 -76.721 -34.733 0.700000
93709 -31.032 -77.210 -37.141 0.500000
93722 -9.990 -64.933 -15.692 0.400000
93764 -9.801 -63.602 -13.615 0.500000
93886 -17.147 -72.878 -36.296 0.400000
93921 -8.598 -77.727 -22.025 0.600000
94229 -7.424 -74.381 -26.316 0.700000
94241 -26.795 -80.432 -37.406 0.400000
94624 -10.542 -67.289 -14.343 0.500000
94625 -11.355 -75.581 -29.280 0.600000
94628 -13.569 -78.395 -32.576 0.700000
94709 -22.391 -77.559 -35.956 0.600000
94715 -8.213 -68.554 -28.090 0.600000
94774 -29.713 -75.442 -38.119 0.500000
94800 -4.819 -73.048 -27.108 0.600000
94974 -12.326 -66.885 -15.423 0.400000
95101 -14.444 -74.309 -29.592 0.600000
95131 -12.583 -70.483 -29.833 0.600000
95174 -10.749 -60.391 -13.001 0.400000
95219 -12.426 -54.528 -11.303 0.500000
95282 -11.752 -72.429 -25.776 0.600000
95299 -8.595 -68.696 -25.409 0.500000
95325 -13.353 -78.650 -30.237 0.700000
95374 -10.850 -58.333 -11.156 0.400000
95427 -14.247 -76.753 -22.575 0.600000
95441 -12.660 -60.360 -17.579 0.300000
95493 -12.748 -72.646 -25.241 0.500000
95535 -24.265 -79.995 -40.906 0.500000
95619 -10.084 -64.046 -14.008 0.400000
95685 -21.794 -76.366 -35.573 0.500000
95710 -28.001 -79.956 -32.050 0.300000
95777 -8.379 -69.302 -17.333 0.700000
95843 -11.282 -70.374 -30.800 0.600000
95869 -10.775 -62.582 -13.581 0.400000
95882 -7.315 -68.264 -17.658 0.600000
95890 -11.702 -74.122 -29.664 0.500000
96040 -28.470 -78.718 -37.938 0.500000
96147 -22.075 -76.188 -37.805 0.500000
96196 -24.680 -78.442 -41.211 0.600000
96223 -21.638 -76.028 -38.448 0.500000
96362 -27.147 -80.847 -36.536 0.500000
96367 -26.598 -76.060 -39.311 0.500000
96616 -16.615 -73.658 -35.578 0.500000
96719 -10.489 -79.105 -29.871 0.700000
96730 -18.587 -80.563 -27.483 0.300000
96755 -12.710 -76.066 -24.455 0.800000
96861 -28.998 -81.698 -32.212 0.300000
97161 -8.378 -62.391 -13.300 0.700000
97267 -19.404 -74.502 -36.045 0.600000
97322 -26.310 -78.011 -40.998 0.700000
97323 -32.214 -80.126 -31.372 0.300000
97550 -9.272 -69.418 -29.356 0.600000
97666 -10.608 -76.618 -21.153 0.600000
97740 -5.370 -71.772 -27.113 0.500000
97753 -16.940 -77.865 -33.299 0.700000
97806 -9.842 -71.357 -25.998 0.700000
97820 -6.173 -72.111 -29.609 0.600000
97950 -16.259 -78.187 -33.283 0.700000
97952 -28.535 -78.896 -31.280 0.400000
98127 -20.331 -73.343 -37.295 0.500000
98133 -6.692 -74.237 -26.599 0.700000
98226 -31.404 -76.130 -35.388 0.500000
98305 -4.664 -75.143 -31.833 0.500000
98430 -7.954 -61.601 -13.172 0.600000
98548 -22.030 -85.070 -35.888 0.300000
98556 -5.823 -76.047 -31.939 0.500000
98762 -32.518 -79.984 -30.062 0.300000
98903 -3.868 -72.087 -27.588 0.600000
98934 -8.485 -75.044 -21.409 0.600000
98936 -11.812 -73.314 -31.787 0.600000
99041 -9.008 -60.037 -12.360 0.500000
99052 -20.458 -77.106 -39.842 0.500000
99142 -8.586 -71.422 -29.515 0.500000
99154 -32.311 -79.633 -29.463 0.300000
99161 -10.813 -59.212 -12.208 0.400000
99424 -7.584 -77.352 -30.747 0.700000
99428 -11.501 -72.090 -17.285 0.600000
99538 -19.957 -76.988 -32.465 0.400000
99608 -15.382 -77.735 -28.158 0.500000
99707 -33.282 -77.338 -33.310 0.300000
99805 -28.072 -82.495 -32.317 0.300000
99910 -25.483 -79.932 -39.878 0.700000
99961 -17.416 -76.328 -27.750 0.500000
99962 -23.747 -80.457 -40.527 0.500000
99964 -9.664 -59.838 -12.252 0.400000
100056 -29.561 -77.152 -39.068 0.500000
100092 -8.207 -70.981 -26.615 0.600000
100154 -13.155 -78.698 -29.423 0.700000
100273 -10.373 -78.024 -22.495 0.600000
100299 -10.287 -77.713 -33.285 0.700000
100412 -15.339 -72.078 -30.348 0.500000
100536 -13.631 -75.925 -35.380 0.500000
100727 -10.227 -65.256 -16.008 0.500000
100793 -8.427 -65.228 -13.596 0.800000
100969 -10.417 -64.430 -15.154 0.400000
101097 -32.804 -79.757 -30.907 0.300000
101108 -8.595 -79.205 -30.644 0.700000
101126 -28.226 -81.433 -34.369 0.300000
101232 -6.270 -63.333 -14.000 0.500000
101491 -12.172 -72.548 -17.077 0.600000
101508 -12.356 -74.382 -18.596 0.600000
101512 -10.353 -71.877 -18.133 0.600000
101513 -10.056 -73.454 -19.494 0.500000
101519 -12.899 -73.074 -16.774 0.500000
101520 -11.484 -74.047 -18.926 0.700000
101528 -7.426 -72.675 -20.187 0.500000
101530 -13.178 -73.866 -17.284 0.500000
101535 -12.979 -74.702 -18.332 0.600000
101541 -8.094 -72.150 -19.377 0.700000
101573 -8.699 -71.805 -18.969 0.800000
101604 -8.019 -72.650 -19.842 0.600000
101619 -8.744 -73.181 -20.097 0.700000
101632 -9.262 -72.371 -19.063 0.800000
101633 -6.055 -64.683 -14.131 0.600000
101644 -10.807 -72.725 -18.307 0.600000
101666 -9.800 -67.757 -14.063 0.500000
101679 -10.765 -69.606 -14.969 0.600000
101783 -12.391 -73.410 -17.463 0.600000
101784 -10.895 -71.647 -17.413 0.600000
101786 -10.690 -74.103 -19.500 0.600000
101798 -13.738 -73.387 -16.699 0.500000
101827 -11.351 -71.582 -16.890 0.500000
101878 -5.879 -69.433 -27.243 0.500000
102101 -5.696 -70.603 -28.819 0.600000
102168 -5.763 -70.346 -27.315 0.600000
102279 -27.348 -78.413 -39.971 0.600000
102326 -9.577 -74.988 -29.446 0.700000
102446 -14.348 -76.409 -35.232 0.600000
102690 -25.060 -78.272 -38.308 0.500000
102748 -17.438 -76.772 -28.409 0.500000
102766 -7.330 -68.556 -27.802 0.500000
102928 -12.391 -62.327 -14.541 0.500000
103092 -12.871 -69.011 -14.627 0.500000
103110 -11.006 -72.241 -17.776 0.600000
103247 -32.217 -77.400 -36.073 0.400000
103399 -13.535 -57.916 -14.147 0.400000
103475 -14.896 -77.634 -27.829 0.600000
103510 -17.462 -76.948 -30.063 0.500000
103736 -14.297 -78.292 -33.069 0.700000
103810 -11.636 -63.120 -14.544 0.400000
103950 -8.935 -67.905 -14.010 0.700000
104182 -10.936 -63.756 -14.755 0.400000
104266 -5.298 -72.623 -26.952 0.600000
104320 -24.381 -81.770 -30.612 0.300000
104338 -9.705 -63.805 -19.166 0.300000
104492 -11.402 -76.006 -24.851 0.700000
104550 -9.477 -73.528 -19.953 0.700000
104727 -10.385 -64.562 -18.208 0.400000
104771 -10.569 -58.809 -11.633 0.400000
104809 -26.172 -82.487 -32.124 0.300000
104939 -15.243 -75.943 -27.689 0.600000
105028 -6.541 -79.032 -31.475 0.600000
105249 -6.866 -68.351 -26.833 0.500000
105272 -32.465 -79.367 -33.142 0.400000
105450 -8.934 -69.678 -16.719 0.500000
105525 -8.595 -74.308 -26.067 0.600000
105542 -29.670 -80.179 -31.339 0.300000
105589 -14.150 -78.520 -30.440 0.700000
105629 -8.146 -78.621 -23.184 0.600000
105724 -6.902 -63.087 -13.577 0.700000
105770 -7.352 -67.946 -14.796 0.700000
105794 -9.175 -74.981 -21.075 0.600000
105887 -9.396 -69.974 -30.015 0.600000
106144 -6.451 -69.106 -26.687 0.600000
106161 -6.047 -74.620 -31.342 0.600000
106182 -8.727 -61.703 -13.103 0.700000
106359 -11.206 -75.437 -20.373 0.800000
106378 -10.357 -70.818 -16.966 0.600000
106411 -31.825 -76.411 -36.768 0.500000
106486 -8.611 -73.254 -26.372 0.700000
106544 -12.799 -67.304 -15.263 0.400000
106622 -9.301 -68.232 -14.203 0.500000
106709 -25.009 -79.363 -34.513 0.600000
106782 -9.874 -72.784 -26.438 0.800000
106973 -25.874 -79.391 -40.338 0.600000
107043 -7.238 -68.317 -18.347 0.600000
107113 -32.571 -77.499 -35.736 0.400000
107176 -17.485 -77.101 -30.668 0.500000
107415 -33.012 -79.257 -32.966 0.400000
107451 -7.681 -62.907 -13.418 0.700000
107486 -26.902 -78.113 -40.551 0.700000
107591 -12.122 -78.253 -32.575 0.700000
107711 -26.262 -76.566 -39.725 0.600000
107771 -7.009 -67.393 -14.681 0.800000
107822 -14.825 -78.297 -30.621 0.700000
107839 -22.521 -82.552 -37.250 0.400000
107921 -8.386 -75.823 -30.477 0.700000
108137 -31.001 -77.644 -28.537 0.300000
108314 -3.648 -72.151 -27.810 0.500000
108318 -23.034 -79.021 -35.906 0.500000
108334 -21.894 -78.501 -40.548 0.500000
108351 -21.735 -74.213 -37.543 0.500000
108381 -22.912 -79.978 -27.353 0.300000
108385 -21.144 -77.490 -34.074 0.600000
108425 -10.878 -77.131 -34.214 0.400000
108431 -12.651 -66.816 -16.131 0.400000
108440 -7.830 -69.021 -28.533 0.600000
108465 -9.787 -70.831 -25.122 0.500000
108590 -26.628 -80.921 -36.699 0.300000
108752 -25.434 -80.900 -37.134 0.300000
108984 -13.088 -59.847 -14.103 0.400000
109035 -9.310 -77.618 -29.789 0.700000
109158 -10.432 -64.925 -18.398 0.400000
