#!ascii label  , from subject OAS1_0001-3 vox2ras=TkReg 
366
8919 -41.148 -75.016 -19.774 0.000000
8920 -41.848 -73.975 -20.204 0.000000
8934 -41.116 -75.103 -20.357 0.000000
8935 -41.807 -73.976 -20.818 0.000000
8947 -42.363 -73.409 -21.591 0.000000
8959 -41.621 -73.839 -22.920 0.000000
9609 -42.655 -73.543 -16.988 0.000000
9618 -42.107 -74.096 -17.367 0.000000
9619 -42.826 -73.288 -17.926 0.000000
9627 -41.144 -74.646 -19.117 0.000000
9628 -41.854 -74.010 -18.668 0.000000
9629 -42.838 -73.137 -18.754 0.000000
9640 -41.883 -73.931 -19.501 0.000000
9641 -42.828 -73.077 -20.037 0.000000
9654 -42.705 -73.158 -20.870 0.000000
9667 -42.603 -72.755 -22.288 0.000000
9703 -42.779 -72.294 -24.704 0.000000
10307 -44.114 -72.258 -14.563 0.000000
10314 -43.560 -72.580 -15.510 0.000000
10315 -44.188 -71.973 -15.573 0.000000
10325 -43.021 -72.630 -17.429 0.000000
10326 -43.757 -72.022 -16.615 0.000000
10336 -42.973 -72.642 -18.340 0.000000
10351 -42.903 -72.835 -19.455 0.000000
10352 -42.692 -72.485 -19.401 0.000000
10353 -42.829 -72.590 -18.946 0.000000
10366 -42.736 -72.665 -19.978 0.000000
10378 -42.770 -72.740 -20.915 0.000000
10390 -42.482 -72.534 -21.955 0.000000
10399 -42.535 -72.289 -23.058 0.000000
10410 -43.022 -71.986 -24.335 0.000000
10416 -42.490 -72.083 -25.136 0.000000
10429 -41.718 -72.182 -26.918 0.000000
10441 -41.514 -72.067 -27.602 0.000000
10988 -45.322 -70.886 -13.741 0.000000
10989 -45.782 -70.904 -13.941 0.000000
10998 -45.453 -71.248 -14.393 0.000000
10999 -46.166 -70.690 -14.461 0.000000
11013 -44.881 -71.525 -14.979 0.000000
11014 -45.865 -71.035 -14.972 0.000000
11025 -42.984 -72.033 -17.630 0.000000
11026 -41.754 -71.127 -17.210 0.000000
11027 -42.800 -71.214 -16.786 0.000000
11028 -43.473 -71.004 -16.466 0.000000
11041 -41.857 -71.625 -17.874 0.000000
11042 -40.673 -70.943 -17.645 0.000000
11043 -42.736 -72.232 -18.400 0.000000
11061 -40.865 -71.621 -18.968 0.000000
11062 -39.801 -71.207 -19.322 0.000000
11063 -39.950 -70.965 -18.382 0.000000
11064 -42.128 -71.920 -18.783 0.000000
11077 -39.697 -71.277 -20.219 0.000000
11078 -38.931 -70.791 -19.694 0.000000
11079 -40.861 -71.660 -19.915 0.000000
11080 -42.036 -72.139 -20.482 0.000000
11088 -39.526 -71.323 -21.016 0.000000
11089 -38.764 -70.936 -20.517 0.000000
11090 -40.648 -71.690 -20.756 0.000000
11091 -41.720 -72.025 -21.443 0.000000
11097 -39.473 -71.303 -21.795 0.000000
11098 -38.664 -70.983 -21.350 0.000000
11099 -40.569 -71.610 -22.106 0.000000
11105 -39.515 -71.281 -22.689 0.000000
11106 -38.478 -71.086 -22.977 0.000000
11107 -40.733 -71.592 -22.938 0.000000
11108 -41.831 -71.808 -23.363 0.000000
11112 -38.373 -71.194 -23.819 0.000000
11113 -37.527 -71.063 -24.356 0.000000
11114 -39.257 -71.409 -24.264 0.000000
11115 -40.427 -71.548 -24.285 0.000000
11117 -42.662 -71.898 -24.583 0.000000
11120 -36.870 -71.153 -25.322 0.000000
11121 -36.381 -70.886 -26.240 0.000000
11123 -37.824 -71.420 -25.374 0.000000
11124 -38.987 -71.547 -25.389 0.000000
11125 -40.221 -71.559 -25.790 0.000000
11126 -41.425 -71.604 -26.021 0.000000
11129 -37.295 -71.340 -26.205 0.000000
11130 -38.276 -71.472 -26.288 0.000000
11131 -39.431 -71.489 -26.468 0.000000
11132 -40.681 -71.598 -26.742 0.000000
11133 -41.582 -71.885 -26.910 0.000000
11143 -41.166 -71.750 -27.633 0.000000
11790 -42.337 -70.216 -13.479 0.000000
11792 -45.092 -70.278 -13.573 0.000000
11793 -45.884 -70.379 -13.818 0.000000
11794 -46.260 -70.363 -14.132 0.000000
11800 -46.685 -69.871 -14.670 0.000000
11807 -46.419 -70.398 -14.970 0.000000
11812 -40.890 -70.277 -17.151 0.000000
11813 -41.869 -70.532 -16.849 0.000000
11817 -46.111 -70.455 -15.474 0.000000
11822 -39.106 -70.225 -18.155 0.000000
11823 -38.542 -69.450 -17.976 0.000000
11824 -39.282 -69.778 -17.705 0.000000
11826 -39.964 -69.718 -17.399 0.000000
11835 -38.403 -70.035 -18.608 0.000000
11836 -37.802 -70.015 -19.151 0.000000
11837 -37.792 -69.454 -18.573 0.000000
11838 -39.056 -70.593 -18.891 0.000000
11847 -37.245 -70.046 -19.723 0.000000
11848 -36.629 -69.665 -19.580 0.000000
11849 -37.136 -69.519 -19.093 0.000000
11850 -38.030 -70.518 -19.918 0.000000
11857 -37.196 -70.437 -21.138 0.000000
11858 -36.631 -69.998 -20.409 0.000000
11859 -37.951 -70.726 -20.830 0.000000
11865 -35.876 -69.859 -22.281 0.000000
11866 -37.159 -70.349 -22.028 0.000000
11867 -37.905 -70.626 -21.698 0.000000
11880 -36.527 -70.174 -22.319 0.000000
11881 -35.261 -69.959 -23.032 0.000000
11882 -36.961 -70.527 -22.897 0.000000
11883 -37.693 -70.884 -23.362 0.000000
11894 -37.035 -70.752 -23.702 0.000000
11897 -35.155 -70.358 -24.892 0.000000
11899 -36.037 -70.739 -25.168 0.000000
11904 -35.628 -70.438 -25.820 0.000000
12541 -43.472 -68.855 -13.688 0.000000
12542 -44.576 -69.294 -13.686 0.000000
12543 -45.666 -69.604 -13.809 0.000000
12544 -46.399 -69.798 -14.237 0.000000
12550 -47.238 -69.222 -15.092 0.000000
12551 -47.032 -69.197 -14.780 0.000000
12560 -46.879 -69.639 -15.366 0.000000
12561 -47.205 -68.450 -16.020 0.000000
12569 -41.710 -69.719 -16.938 0.000000
12572 -45.209 -69.234 -16.707 0.000000
12573 -46.275 -69.653 -16.164 0.000000
12574 -47.046 -68.933 -16.136 0.000000
12582 -38.613 -68.593 -17.894 0.000000
12583 -39.250 -69.129 -17.601 0.000000
12584 -39.957 -68.874 -17.457 0.000000
12585 -40.712 -69.362 -17.278 0.000000
12586 -42.183 -68.976 -17.227 0.000000
12588 -44.435 -68.689 -17.243 0.000000
12596 -37.857 -68.768 -18.226 0.000000
12605 -35.944 -69.509 -19.838 0.000000
12610 -34.886 -69.268 -21.197 0.000000
12612 -35.768 -69.634 -20.783 0.000000
12617 -35.051 -69.508 -22.193 0.000000
12627 -34.325 -69.471 -22.910 0.000000
13262 -42.444 -68.356 -13.706 0.000000
13264 -43.893 -68.491 -14.044 0.000000
13265 -45.049 -68.745 -14.094 0.000000
13274 -43.214 -68.055 -14.331 0.000000
13275 -44.361 -68.150 -14.487 0.000000
13276 -46.239 -68.876 -14.401 0.000000
13277 -47.046 -68.584 -14.983 0.000000
13278 -47.296 -68.704 -15.360 0.000000
13290 -47.180 -68.088 -15.860 0.000000
13296 -46.357 -68.721 -16.871 0.000000
13297 -46.745 -68.113 -17.106 0.000000
13298 -46.800 -67.781 -16.840 0.000000
13303 -38.833 -67.842 -18.096 0.000000
13304 -39.364 -68.410 -17.738 0.000000
13305 -40.020 -68.216 -17.699 0.000000
13306 -41.730 -68.383 -17.783 0.000000
13307 -41.375 -67.835 -18.393 0.000000
13308 -42.736 -68.338 -17.986 0.000000
13309 -43.908 -68.217 -18.138 0.000000
13310 -45.178 -68.119 -18.173 0.000000
13311 -46.209 -68.115 -17.883 0.000000
13312 -46.343 -67.565 -18.223 0.000000
13313 -46.591 -67.539 -17.708 0.000000
13326 -37.960 -67.962 -18.256 0.000000
13327 -42.319 -67.802 -18.664 0.000000
13328 -43.403 -67.679 -18.948 0.000000
13329 -44.675 -67.587 -19.209 0.000000
13330 -45.729 -67.573 -18.771 0.000000
13335 -33.814 -68.502 -20.222 0.000000
13343 -33.962 -68.811 -21.081 0.000000
14016 -36.193 -66.771 -14.426 0.000000
14017 -36.982 -66.980 -14.729 0.000000
14018 -38.627 -67.647 -15.161 0.000000
14021 -40.697 -67.900 -14.822 0.000000
14022 -41.653 -67.798 -14.544 0.000000
14023 -42.450 -67.854 -14.302 0.000000
14024 -43.878 -67.771 -14.904 0.000000
14025 -45.017 -67.680 -14.910 0.000000
14026 -46.279 -68.031 -15.042 0.000000
14027 -47.068 -68.263 -15.400 0.000000
14037 -38.326 -66.554 -15.521 0.000000
14038 -39.286 -67.135 -15.607 0.000000
14039 -40.215 -67.381 -15.516 0.000000
14040 -41.165 -67.428 -15.485 0.000000
14041 -42.268 -67.569 -15.416 0.000000
14042 -43.381 -67.414 -15.545 0.000000
14043 -44.454 -67.209 -15.516 0.000000
14044 -45.600 -67.259 -15.568 0.000000
14045 -46.650 -67.671 -15.729 0.000000
14046 -46.008 -66.852 -16.420 0.000000
14060 -46.714 -67.542 -16.359 0.000000
14068 -39.681 -67.713 -18.131 0.000000
14069 -40.523 -67.744 -18.232 0.000000
14070 -46.381 -67.101 -18.452 0.000000
14071 -46.568 -67.265 -17.697 0.000000
14082 -38.344 -67.283 -18.583 0.000000
14083 -40.178 -67.264 -18.976 0.000000
14084 -42.853 -67.568 -19.983 0.000000
14085 -43.913 -67.579 -20.008 0.000000
14086 -44.662 -67.258 -20.137 0.000000
14087 -45.992 -67.255 -19.098 0.000000
14088 -46.038 -66.940 -19.210 0.000000
14098 -41.582 -67.160 -21.449 0.000000
14100 -42.506 -67.247 -21.010 0.000000
14101 -43.501 -67.277 -20.511 0.000000
14102 -44.002 -67.047 -20.551 0.000000
14103 -45.501 -67.088 -19.684 0.000000
14110 -32.750 -67.677 -20.927 0.000000
14113 -42.918 -67.045 -21.038 0.000000
14795 -35.959 -65.808 -14.551 0.000000
14796 -36.663 -66.073 -14.858 0.000000
14797 -37.415 -66.304 -15.180 0.000000
14804 -37.852 -65.534 -15.441 0.000000
14805 -39.138 -66.040 -15.859 0.000000
14806 -39.961 -66.447 -15.971 0.000000
14807 -41.612 -66.663 -16.270 0.000000
14808 -40.710 -65.793 -16.398 0.000000
14809 -42.789 -66.908 -16.342 0.000000
14810 -43.872 -66.774 -16.298 0.000000
14811 -44.979 -66.563 -16.164 0.000000
14824 -41.519 -65.643 -16.693 0.000000
14825 -42.319 -65.934 -16.797 0.000000
14826 -43.329 -66.043 -16.874 0.000000
14827 -44.384 -66.077 -16.918 0.000000
14828 -45.882 -66.255 -17.343 0.000000
14829 -44.936 -65.687 -17.556 0.000000
14830 -46.459 -67.030 -17.128 0.000000
14841 -45.754 -65.955 -18.106 0.000000
14842 -46.325 -66.593 -17.953 0.000000
14843 -46.094 -66.467 -18.733 0.000000
14856 -45.595 -66.645 -19.402 0.000000
14865 -44.170 -66.550 -20.267 0.000000
14866 -44.969 -66.887 -20.151 0.000000
14876 -41.864 -66.800 -21.779 0.000000
14878 -43.355 -66.880 -20.755 0.000000
15568 -35.290 -65.410 -14.171 0.000000
15571 -35.816 -64.888 -14.636 0.000000
15572 -37.072 -65.378 -15.171 0.000000
15577 -37.516 -64.624 -15.425 0.000000
15578 -38.313 -64.810 -15.676 0.000000
15579 -39.049 -65.079 -15.958 0.000000
15580 -39.810 -65.379 -16.192 0.000000
15581 -39.670 -64.497 -16.229 0.000000
15592 -40.381 -64.797 -16.539 0.000000
15593 -41.101 -65.021 -16.837 0.000000
15594 -41.902 -65.079 -17.135 0.000000
15595 -43.676 -65.376 -17.475 0.000000
15596 -42.575 -64.810 -17.613 0.000000
15609 -43.312 -64.908 -17.855 0.000000
15610 -44.127 -65.168 -17.960 0.000000
15611 -45.542 -66.088 -18.773 0.000000
15612 -44.959 -65.562 -18.331 0.000000
15629 -44.792 -66.073 -19.322 0.000000
15630 -43.910 -65.621 -19.643 0.000000
15631 -44.176 -65.219 -18.693 0.000000
15646 -43.203 -66.280 -20.452 0.000000
15648 -43.063 -65.449 -19.847 0.000000
16350 -35.105 -64.439 -14.165 0.000000
16354 -35.739 -63.907 -14.700 0.000000
16355 -36.563 -64.444 -15.117 0.000000
16359 -37.161 -63.729 -15.571 0.000000
16360 -38.044 -64.005 -15.797 0.000000
16361 -38.859 -64.272 -16.077 0.000000
16362 -38.594 -63.464 -16.249 0.000000
16368 -39.509 -63.717 -16.323 0.000000
16369 -40.236 -63.971 -16.491 0.000000
16370 -40.870 -64.338 -17.055 0.000000
16371 -41.644 -64.480 -17.424 0.000000
16372 -41.271 -63.857 -17.537 0.000000
16382 -41.922 -64.212 -17.846 0.000000
16383 -43.421 -64.764 -18.321 0.000000
16384 -42.654 -64.436 -18.074 0.000000
16399 -43.395 -64.853 -19.118 0.000000
16400 -42.585 -64.303 -19.005 0.000000
17141 -34.561 -62.934 -13.795 0.000000
17145 -35.041 -63.381 -14.351 0.000000
17146 -35.599 -62.904 -14.778 0.000000
17147 -36.291 -63.327 -15.269 0.000000
17152 -36.881 -62.801 -15.804 0.000000
17153 -37.695 -63.186 -16.106 0.000000
17156 -38.341 -62.594 -16.307 0.000000
17157 -39.224 -62.855 -16.470 0.000000
17158 -40.033 -63.177 -16.591 0.000000
17159 -40.615 -63.533 -17.104 0.000000
17160 -40.410 -62.707 -17.188 0.000000
17170 -41.013 -63.033 -17.805 0.000000
17992 -35.617 -62.114 -14.411 0.000000
17993 -36.232 -62.262 -15.137 0.000000
17998 -36.931 -61.916 -15.657 0.000000
17999 -37.541 -62.326 -16.097 0.000000
18004 -38.115 -61.835 -16.224 0.000000
18005 -38.952 -61.796 -16.472 0.000000
18006 -39.797 -62.296 -16.753 0.000000
18016 -40.275 -61.867 -17.285 0.000000
18018 -40.671 -62.230 -17.910 0.000000
18882 -35.819 -61.480 -13.747 0.000000
18883 -37.606 -60.891 -13.212 0.000000
18895 -36.687 -61.410 -14.856 0.000000
18896 -36.673 -61.063 -13.763 0.000000
18897 -37.281 -60.719 -14.438 0.000000
18906 -37.562 -61.499 -15.917 0.000000
18907 -37.637 -60.723 -15.442 0.000000
18908 -38.251 -60.970 -16.172 0.000000
18919 -39.111 -60.797 -16.516 0.000000
18920 -39.738 -61.386 -16.823 0.000000
19801 -38.736 -59.701 -14.963 0.000000
19817 -38.778 -60.185 -15.988 0.000000
19818 -39.357 -59.567 -15.781 0.000000
19826 -39.916 -60.500 -16.853 0.000000
89046 -39.371 -60.135 -16.374 0.000000
89368 -37.391 -70.381 -20.396 0.000000
89560 -42.085 -72.031 -19.642 0.000000
90560 -38.364 -71.344 -24.617 0.000000
90741 -39.072 -71.280 -23.432 0.000000
90958 -40.967 -71.476 -18.234 0.000000
91382 -36.135 -61.577 -14.455 0.000000
91423 -42.489 -73.168 -22.529 0.000000
91453 -41.359 -64.690 -17.154 0.000000
91764 -45.283 -70.936 -15.412 0.000000
91957 -35.696 -70.416 -23.513 0.000000
92004 -41.750 -74.016 -21.994 0.000000
92200 -39.947 -71.368 -23.518 0.000000
92456 -40.711 -66.777 -15.966 0.000000
92579 -41.039 -71.508 -25.113 0.000000
92863 -36.414 -69.982 -21.529 0.000000
93241 -41.835 -67.435 -20.286 0.000000
93536 -38.220 -60.286 -15.516 0.000000
93884 -37.160 -61.227 -15.337 0.000000
94011 -40.838 -67.298 -20.265 0.000000
94211 -42.781 -65.379 -17.249 0.000000
94702 -38.380 -61.252 -12.914 0.000000
94947 -38.626 -70.928 -22.179 0.000000
94958 -36.358 -70.598 -23.585 0.000000
95793 -43.016 -67.819 -14.771 0.000000
95907 -43.083 -72.911 -16.363 0.000000
96095 -33.390 -68.555 -21.750 0.000000
96511 -41.582 -63.568 -18.031 0.000000
96800 -34.102 -69.120 -22.033 0.000000
97551 -45.394 -68.241 -14.548 0.000000
97975 -45.380 -67.301 -19.490 0.000000
98046 -42.712 -72.886 -21.477 0.000000
98085 -45.257 -66.265 -16.921 0.000000
98751 -36.401 -65.300 -14.901 0.000000
98907 -42.041 -71.782 -25.237 0.000000
99186 -35.627 -69.622 -21.615 0.000000
99350 -42.936 -69.479 -13.531 0.000000
100010 -40.884 -71.652 -23.663 0.000000
100491 -41.088 -67.504 -19.195 0.000000
100945 -43.030 -68.213 -13.961 0.000000
102349 -38.412 -70.396 -19.239 0.000000
102646 -35.130 -62.658 -14.278 0.000000
102971 -36.102 -70.323 -22.899 0.000000
103145 -37.818 -70.682 -22.524 0.000000
104777 -38.522 -65.591 -15.692 0.000000
105103 -45.579 -68.589 -17.385 0.000000
105280 -39.944 -71.537 -24.954 0.000000
105453 -40.764 -68.463 -17.604 0.000000
105705 -47.317 -68.958 -15.496 0.000000
105743 -41.911 -67.510 -19.254 0.000000
106083 -40.339 -71.568 -21.415 0.000000
106267 -42.705 -73.245 -19.326 0.000000
108164 -42.568 -67.963 -13.972 0.000000
108595 -40.266 -70.338 -17.464 0.000000
109075 -42.253 -73.848 -18.096 0.000000
