#!ascii label  , from subject OAS1_0001-3 vox2ras=TkReg 
1383
4692 -29.550 -80.763 -31.667 0.100000
4693 -30.186 -80.971 -31.901 0.100000
4694 -30.121 -80.385 -31.331 0.100000
4695 -30.786 -80.535 -32.154 0.100000
4696 -30.761 -80.442 -31.445 0.100000
4704 -30.014 -81.173 -32.493 0.100000
4705 -31.597 -79.994 -32.609 0.100000
4715 -30.827 -80.258 -32.971 0.100000
5233 -31.700 -79.902 -30.151 0.100000
5234 -31.144 -79.323 -30.045 0.100000
5235 -31.766 -79.408 -29.579 0.100000
5236 -33.066 -79.720 -29.471 0.100000
5249 -30.769 -80.019 -30.704 0.100000
5250 -29.880 -79.587 -30.993 0.100000
5251 -30.467 -79.170 -30.487 0.100000
5272 -29.133 -79.739 -31.405 0.100000
5306 -30.643 -79.325 -33.918 0.100000
5307 -31.674 -79.365 -33.466 0.100000
5320 -30.027 -78.851 -34.605 0.100000
5321 -30.975 -78.599 -34.799 0.100000
5322 -32.141 -78.589 -34.560 0.100000
5940 -31.340 -78.790 -29.381 0.100000
5941 -30.728 -78.018 -29.016 0.100000
5942 -31.501 -78.343 -28.739 0.100000
5943 -32.106 -79.126 -28.942 0.100000
5944 -32.257 -78.491 -28.410 0.100000
5961 -30.491 -78.410 -29.900 0.100000
5962 -29.572 -77.814 -30.060 0.100000
5963 -29.937 -77.556 -29.311 0.100000
5992 -29.153 -78.806 -30.977 0.100000
5993 -29.135 -78.094 -30.561 0.100000
6043 -31.884 -77.998 -35.551 0.100000
6057 -31.305 -77.608 -36.309 0.100000
6058 -32.820 -77.071 -35.911 0.100000
6719 -29.478 -76.912 -28.919 0.100000
7317 -38.386 -76.369 -9.772 0.100000
7346 -33.781 -75.792 -13.042 0.100000
7347 -34.591 -75.948 -12.478 0.100000
7458 -37.386 -77.107 -24.237 0.100000
7459 -36.917 -76.809 -23.989 0.100000
7460 -37.586 -77.105 -23.877 0.200000
7462 -37.986 -77.011 -23.717 0.200000
7476 -36.650 -77.003 -24.700 0.100000
7514 -29.450 -76.428 -28.377 0.100000
7516 -29.380 -75.764 -27.792 0.100000
7521 -35.733 -76.611 -28.372 0.100000
7522 -35.902 -75.889 -27.510 0.100000
7545 -34.159 -75.922 -28.224 0.100000
8041 -34.754 -74.853 -8.101 0.100000
8050 -37.610 -75.014 -8.034 0.100000
8051 -38.201 -74.542 -8.266 0.100000
8053 -38.287 -74.064 -8.468 0.100000
8061 -38.592 -75.639 -9.522 0.100000
8062 -37.713 -75.423 -10.256 0.100000
8063 -38.077 -74.133 -9.145 0.100000
8074 -35.346 -75.397 -11.291 0.100000
8075 -34.715 -74.740 -10.976 0.100000
8076 -35.870 -75.170 -10.756 0.100000
8077 -36.727 -74.927 -10.281 0.100000
8078 -38.274 -76.093 -10.291 0.100000
8086 -34.431 -75.272 -11.809 0.100000
8087 -33.546 -74.810 -12.176 0.100000
8088 -33.919 -74.561 -11.607 0.100000
8089 -35.589 -75.926 -11.894 0.100000
8105 -33.219 -75.100 -12.798 0.100000
8119 -32.682 -74.384 -13.950 0.100000
8120 -32.799 -74.628 -13.199 0.100000
8195 -39.589 -75.954 -22.015 0.100000
8196 -39.179 -75.747 -21.947 0.200000
8197 -39.895 -76.024 -21.314 0.200000
8198 -40.043 -76.048 -21.541 0.100000
8199 -40.683 -75.132 -21.891 0.300000
8210 -38.862 -76.070 -22.690 0.100000
8211 -38.100 -76.414 -23.188 0.200000
8212 -38.311 -75.537 -22.621 0.100000
8213 -39.170 -76.058 -22.789 0.100000
8214 -39.871 -75.849 -22.271 0.100000
8225 -37.491 -76.682 -23.603 0.100000
8226 -39.011 -76.358 -23.579 0.100000
8228 -40.448 -74.882 -22.976 0.200000
8259 -30.589 -75.100 -27.178 0.100000
8260 -31.314 -74.698 -26.604 0.100000
8265 -37.294 -74.940 -26.381 0.100000
8284 -34.042 -74.894 -27.690 0.100000
8285 -34.970 -75.733 -27.904 0.100000
8286 -34.926 -74.784 -27.296 0.100000
8287 -35.805 -74.635 -26.900 0.100000
8794 -33.751 -74.483 -8.045 0.100000
8812 -34.359 -73.940 -8.209 0.100000
8813 -35.441 -74.188 -8.082 0.100000
8831 -36.822 -74.296 -9.810 0.100000
8845 -34.785 -73.900 -10.490 0.100000
8846 -35.678 -74.504 -10.361 0.100000
8860 -33.383 -74.102 -11.964 0.100000
8861 -33.850 -73.795 -11.191 0.100000
8870 -32.948 -74.271 -12.580 0.100000
8871 -32.545 -73.916 -13.232 0.100000
8879 -32.454 -73.572 -13.844 0.100000
8884 -33.027 -74.717 -15.472 0.100000
8885 -32.479 -73.622 -14.524 0.100000
8916 -40.687 -75.558 -20.186 0.200000
8917 -40.271 -75.355 -20.017 0.300000
8918 -40.816 -75.200 -19.638 0.300000
8919 -41.148 -75.016 -19.774 0.300000
8920 -41.848 -73.975 -20.204 0.200000
8930 -40.111 -75.778 -20.604 0.200000
8931 -39.309 -75.278 -21.181 0.200000
8932 -39.436 -74.849 -20.439 0.400000
8933 -40.454 -75.754 -20.853 0.200000
8934 -41.116 -75.103 -20.357 0.200000
8935 -41.807 -73.976 -20.818 0.200000
8945 -38.366 -74.411 -21.948 0.100000
8946 -41.309 -74.609 -21.193 0.200000
8947 -42.363 -73.409 -21.591 0.100000
8957 -36.652 -74.266 -23.172 0.100000
8958 -37.508 -74.352 -22.695 0.100000
8959 -41.621 -73.839 -22.920 0.100000
8965 -36.571 -74.981 -23.765 0.100000
8967 -35.872 -74.098 -23.638 0.100000
8968 -40.291 -74.886 -23.868 0.100000
8969 -41.207 -74.149 -23.821 0.100000
8970 -42.332 -73.308 -23.988 0.100000
8981 -40.182 -74.741 -24.560 0.100000
8982 -40.908 -73.919 -25.026 0.100000
8983 -41.656 -73.642 -24.592 0.100000
8994 -37.543 -73.902 -26.329 0.100000
8997 -40.123 -74.291 -25.255 0.100000
9010 -36.602 -74.199 -26.577 0.100000
9011 -35.715 -73.565 -26.877 0.100000
9023 -33.582 -74.221 -28.101 0.100000
9024 -34.302 -73.910 -27.450 0.100000
9025 -35.026 -73.897 -27.007 0.100000
9030 -32.868 -74.695 -28.771 0.100000
9539 -35.750 -73.792 -9.941 0.100000
9540 -34.853 -72.574 -10.030 0.100000
9550 -34.282 -73.032 -10.629 0.100000
9551 -33.579 -72.631 -11.293 0.100000
9558 -33.088 -72.585 -12.103 0.100000
9563 -32.521 -73.034 -13.385 0.100000
9564 -32.787 -73.359 -12.593 0.100000
9575 -32.411 -72.844 -14.170 0.100000
9593 -40.668 -74.129 -16.152 0.300000
9594 -40.212 -73.492 -15.686 0.200000
9595 -40.848 -73.793 -15.413 0.300000
9596 -41.430 -74.304 -15.967 0.300000
9597 -41.751 -73.726 -15.247 0.200000
9598 -42.291 -73.824 -16.029 0.400000
9605 -40.457 -74.064 -17.038 0.400000
9606 -39.922 -73.454 -16.334 0.200000
9607 -41.282 -74.494 -16.850 0.400000
9608 -41.983 -74.228 -16.606 0.400000
9609 -42.655 -73.543 -16.988 0.400000
9615 -40.744 -74.629 -17.879 0.300000
9616 -39.851 -73.761 -17.684 0.300000
9617 -41.329 -74.557 -17.741 0.400000
9618 -42.107 -74.096 -17.367 0.400000
9619 -42.826 -73.288 -17.926 0.400000
9623 -39.871 -73.945 -19.109 0.300000
9624 -38.855 -73.330 -19.367 0.200000
9625 -39.163 -73.240 -18.412 0.200000
9626 -40.751 -74.604 -18.878 0.400000
9627 -41.144 -74.646 -19.117 0.400000
9628 -41.854 -74.010 -18.668 0.400000
9629 -42.838 -73.137 -18.754 0.400000
9636 -38.649 -73.691 -20.168 0.200000
9637 -37.700 -73.291 -20.534 0.100000
9638 -37.743 -72.854 -19.699 0.100000
9639 -39.567 -74.346 -19.772 0.300000
9640 -41.883 -73.931 -19.501 0.300000
9641 -42.828 -73.077 -20.037 0.400000
9652 -38.533 -74.103 -20.964 0.200000
9653 -36.964 -73.040 -20.821 0.100000
9654 -42.705 -73.158 -20.870 0.100000
9664 -37.274 -73.539 -22.120 0.100000
9665 -36.313 -73.113 -22.173 0.100000
9666 -36.666 -73.045 -21.448 0.100000
9667 -42.603 -72.755 -22.288 0.100000
9676 -35.851 -73.447 -22.838 0.100000
9677 -42.707 -72.778 -23.410 0.100000
9678 -42.697 -72.546 -23.046 0.100000
9690 -35.141 -74.060 -24.316 0.100000
9691 -42.935 -72.430 -24.172 0.100000
9701 -41.836 -73.308 -25.389 0.100000
9702 -42.342 -72.596 -25.394 0.200000
9703 -42.779 -72.294 -24.704 0.200000
9712 -38.603 -73.787 -26.040 0.100000
9713 -40.040 -73.743 -26.207 0.100000
9714 -41.092 -73.650 -25.914 0.100000
9715 -41.850 -73.002 -26.230 0.200000
9722 -35.797 -72.940 -27.186 0.100000
9723 -36.518 -73.285 -26.813 0.100000
9724 -37.252 -73.021 -26.850 0.100000
9725 -38.154 -73.222 -26.804 0.100000
9726 -39.302 -73.358 -26.910 0.100000
9727 -38.861 -72.996 -27.651 0.100000
9728 -40.463 -73.287 -27.305 0.200000
9729 -41.266 -72.763 -27.663 0.100000
9730 -41.687 -72.612 -26.977 0.200000
9738 -34.095 -73.285 -27.941 0.100000
9739 -34.939 -73.116 -27.397 0.100000
9740 -39.902 -73.245 -27.865 0.100000
9741 -40.630 -73.113 -28.001 0.100000
9742 -40.301 -73.007 -28.403 0.100000
9743 -40.847 -72.532 -28.316 0.100000
9749 -33.184 -73.993 -28.947 0.100000
9750 -33.656 -73.665 -28.648 0.100000
9751 -34.331 -73.238 -29.112 0.100000
9780 -33.631 -73.313 -29.280 0.100000
10260 -34.803 -71.684 -10.048 0.100000
10261 -35.809 -72.296 -9.480 0.100000
10267 -33.722 -71.818 -11.103 0.100000
10268 -34.106 -72.127 -10.574 0.100000
10273 -33.445 -71.896 -11.730 0.100000
10280 -32.711 -72.121 -13.702 0.100000
10287 -41.448 -72.798 -14.080 0.500000
10288 -40.497 -72.549 -14.160 0.300000
10289 -41.244 -72.301 -13.680 0.400000
10290 -42.843 -72.777 -13.955 0.500000
10291 -42.834 -72.270 -13.650 0.500000
10292 -43.565 -72.449 -13.898 0.300000
10298 -38.250 -72.433 -15.160 0.100000
10299 -37.650 -72.183 -14.568 0.100000
10300 -38.488 -72.338 -14.392 0.100000
10301 -39.078 -72.676 -14.977 0.100000
10302 -39.423 -72.432 -14.336 0.100000
10303 -40.072 -73.117 -14.933 0.200000
10304 -41.118 -73.265 -14.664 0.300000
10305 -42.198 -73.156 -14.410 0.200000
10306 -43.196 -72.813 -14.502 0.200000
10307 -44.114 -72.258 -14.563 0.500000
10311 -38.175 -72.402 -16.050 0.100000
10313 -39.537 -72.981 -15.675 0.200000
10314 -43.560 -72.580 -15.510 0.500000
10315 -44.188 -71.973 -15.573 0.500000
10322 -38.222 -72.303 -16.989 0.100000
10324 -39.061 -72.768 -16.474 0.200000
10325 -43.021 -72.630 -17.429 0.400000
10326 -43.757 -72.022 -16.615 0.400000
10333 -38.165 -72.541 -17.888 0.100000
10335 -39.018 -72.903 -17.426 0.200000
10336 -42.973 -72.642 -18.340 0.400000
10350 -38.078 -72.687 -18.793 0.100000
10351 -42.903 -72.835 -19.455 0.400000
10352 -42.692 -72.485 -19.401 0.400000
10353 -42.829 -72.590 -18.946 0.400000
10365 -36.946 -72.692 -20.221 0.100000
10366 -42.736 -72.665 -19.978 0.200000
10377 -36.162 -72.569 -20.727 0.100000
10378 -42.770 -72.740 -20.915 0.100000
10389 -35.809 -72.630 -21.635 0.100000
10390 -42.482 -72.534 -21.955 0.100000
10399 -42.535 -72.289 -23.058 0.100000
10400 -42.984 -72.133 -23.725 0.100000
10410 -43.022 -71.986 -24.335 0.200000
10416 -42.490 -72.083 -25.136 0.200000
10419 -42.035 -72.327 -26.153 0.200000
10426 -36.632 -72.628 -27.433 0.100000
10427 -37.764 -72.722 -27.516 0.100000
10428 -41.546 -72.301 -27.478 0.100000
10429 -41.718 -72.182 -26.918 0.100000
10435 -35.602 -72.594 -27.756 0.100000
10436 -36.471 -72.496 -28.437 0.100000
10437 -37.513 -72.539 -28.376 0.100000
10438 -38.559 -72.782 -28.446 0.100000
10439 -39.622 -73.016 -28.564 0.100000
10440 -41.341 -72.161 -28.019 0.100000
10441 -41.514 -72.067 -27.602 0.100000
10450 -35.253 -72.975 -29.415 0.100000
10451 -36.253 -72.709 -29.509 0.100000
10452 -37.488 -72.583 -29.593 0.100000
10453 -38.401 -72.688 -29.270 0.100000
10454 -39.537 -72.663 -29.498 0.100000
10455 -40.378 -72.566 -28.957 0.100000
10456 -40.878 -71.935 -28.737 0.100000
10482 -34.970 -73.030 -30.098 0.100000
10483 -34.601 -72.587 -30.527 0.100000
10484 -35.830 -72.797 -30.422 0.100000
10485 -36.965 -72.577 -30.700 0.100000
10486 -38.723 -72.458 -30.040 0.100000
10487 -39.629 -71.960 -30.091 0.100000
10488 -40.377 -71.986 -29.563 0.100000
10502 -35.363 -72.549 -31.081 0.100000
10503 -36.212 -72.459 -31.376 0.100000
10504 -35.734 -72.013 -32.090 0.100000
10505 -36.935 -72.077 -31.548 0.100000
10506 -37.776 -71.781 -31.247 0.100000
10507 -38.677 -71.796 -30.452 0.100000
10516 -36.451 -71.838 -32.011 0.100000
10944 -35.040 -70.808 -10.359 0.100000
10945 -35.948 -70.646 -9.713 0.100000
10950 -33.862 -71.335 -11.463 0.100000
10951 -34.195 -71.387 -10.745 0.100000
10954 -33.636 -71.393 -12.124 0.100000
10960 -33.540 -71.564 -12.845 0.100000
10961 -34.037 -71.440 -13.410 0.100000
10962 -34.222 -71.184 -12.515 0.100000
10963 -34.903 -71.429 -13.263 0.100000
10964 -35.134 -70.990 -12.525 0.100000
10965 -36.455 -71.440 -13.427 0.100000
10966 -35.990 -70.836 -12.699 0.100000
10971 -33.170 -71.680 -14.357 0.100000
10972 -33.816 -71.490 -14.153 0.100000
10975 -37.069 -71.978 -13.956 0.100000
10976 -37.401 -71.501 -13.374 0.100000
10977 -37.915 -72.068 -13.842 0.100000
10978 -38.260 -71.495 -13.366 0.100000
10979 -38.778 -72.051 -13.802 0.100000
10980 -39.099 -71.433 -13.477 0.100000
10981 -39.687 -72.050 -13.774 0.200000
10982 -40.015 -71.287 -13.624 0.200000
10983 -41.632 -70.888 -13.592 0.500000
10984 -42.670 -71.435 -13.521 0.500000
10985 -44.315 -71.924 -13.856 0.300000
10986 -44.485 -71.149 -13.591 0.500000
10987 -45.055 -71.382 -13.875 0.500000
10988 -45.322 -70.886 -13.741 0.500000
10989 -45.782 -70.904 -13.941 0.500000
10994 -33.762 -71.361 -14.947 0.100000
10997 -44.753 -71.695 -14.254 0.400000
10998 -45.453 -71.248 -14.393 0.500000
10999 -46.166 -70.690 -14.461 0.500000
11013 -44.881 -71.525 -14.979 0.500000
11014 -45.865 -71.035 -14.972 0.500000
11025 -42.984 -72.033 -17.630 0.400000
11026 -41.754 -71.127 -17.210 0.300000
11027 -42.800 -71.214 -16.786 0.300000
11028 -43.473 -71.004 -16.466 0.400000
11029 -44.345 -71.174 -15.852 0.400000
11041 -41.857 -71.625 -17.874 0.300000
11042 -40.673 -70.943 -17.645 0.300000
11043 -42.736 -72.232 -18.400 0.400000
11061 -40.865 -71.621 -18.968 0.200000
11062 -39.801 -71.207 -19.322 0.100000
11063 -39.950 -70.965 -18.382 0.200000
11064 -42.128 -71.920 -18.783 0.300000
11077 -39.697 -71.277 -20.219 0.100000
11079 -40.861 -71.660 -19.915 0.100000
11080 -42.036 -72.139 -20.482 0.100000
11088 -39.526 -71.323 -21.016 0.100000
11090 -40.648 -71.690 -20.756 0.100000
11091 -41.720 -72.025 -21.443 0.100000
11099 -40.569 -71.610 -22.106 0.100000
11100 -41.803 -71.905 -22.455 0.100000
11105 -39.515 -71.281 -22.689 0.100000
11106 -38.478 -71.086 -22.977 0.100000
11107 -40.733 -71.592 -22.938 0.200000
11108 -41.831 -71.808 -23.363 0.200000
11112 -38.373 -71.194 -23.819 0.100000
11113 -37.527 -71.063 -24.356 0.100000
11114 -39.257 -71.409 -24.264 0.100000
11115 -40.427 -71.548 -24.285 0.100000
11116 -41.735 -71.704 -24.311 0.200000
11117 -42.662 -71.898 -24.583 0.200000
11120 -36.870 -71.153 -25.322 0.100000
11121 -36.381 -70.886 -26.240 0.100000
11122 -36.596 -70.830 -24.397 0.100000
11123 -37.824 -71.420 -25.374 0.100000
11124 -38.987 -71.547 -25.389 0.100000
11125 -40.221 -71.559 -25.790 0.100000
11126 -41.425 -71.604 -26.021 0.100000
11129 -37.295 -71.340 -26.205 0.100000
11130 -38.276 -71.472 -26.288 0.100000
11131 -39.431 -71.489 -26.468 0.100000
11132 -40.681 -71.598 -26.742 0.100000
11133 -41.582 -71.885 -26.910 0.100000
11139 -37.855 -71.273 -26.885 0.100000
11140 -37.133 -71.038 -26.751 0.100000
11141 -38.833 -71.332 -27.094 0.100000
11142 -40.080 -71.382 -27.366 0.100000
11143 -41.166 -71.750 -27.633 0.100000
11146 -37.707 -70.789 -27.328 0.100000
11147 -38.478 -71.044 -27.443 0.100000
11148 -39.631 -70.948 -27.937 0.100000
11149 -41.163 -71.895 -28.206 0.100000
11150 -40.506 -70.673 -28.824 0.100000
11156 -40.575 -71.218 -29.212 0.100000
11180 -40.188 -71.107 -29.862 0.100000
11189 -34.864 -72.065 -31.797 0.100000
11190 -37.153 -71.448 -32.171 0.100000
11191 -37.787 -71.051 -31.925 0.100000
11192 -38.491 -71.126 -30.866 0.100000
11193 -39.461 -71.107 -30.314 0.100000
11202 -35.263 -71.623 -33.100 0.100000
11203 -36.319 -71.404 -32.939 0.100000
11204 -37.176 -71.097 -32.603 0.100000
11205 -37.388 -70.855 -32.405 0.100000
11218 -35.405 -71.214 -33.793 0.100000
11220 -35.967 -71.057 -33.435 0.100000
11221 -36.742 -70.874 -32.902 0.100000
11753 -35.932 -70.115 -10.319 0.100000
11759 -34.387 -70.824 -11.218 0.100000
11760 -35.116 -70.341 -11.077 0.100000
11766 -34.054 -70.969 -11.816 0.100000
11767 -34.669 -70.737 -11.789 0.100000
11768 -35.580 -70.381 -11.791 0.100000
11769 -35.821 -69.975 -11.045 0.100000
11770 -36.404 -69.874 -11.456 0.100000
11776 -36.892 -70.857 -12.764 0.100000
11778 -37.797 -70.794 -12.802 0.100000
11780 -38.685 -70.690 -12.933 0.100000
11781 -39.251 -69.701 -12.518 0.100000
11782 -39.591 -70.473 -13.193 0.200000
11783 -40.162 -69.378 -12.776 0.200000
11789 -41.382 -69.758 -13.319 0.400000
11790 -42.337 -70.216 -13.479 0.500000
11791 -44.014 -69.974 -13.511 0.500000
11792 -45.092 -70.278 -13.573 0.500000
11793 -45.884 -70.379 -13.818 0.500000
11794 -46.260 -70.363 -14.132 0.500000
11800 -46.685 -69.871 -14.670 0.500000
11807 -46.419 -70.398 -14.970 0.500000
11812 -40.890 -70.277 -17.151 0.300000
11813 -41.869 -70.532 -16.849 0.300000
11814 -42.651 -70.317 -16.649 0.400000
11815 -43.699 -70.251 -16.510 0.500000
11816 -44.947 -70.135 -16.064 0.500000
11817 -46.111 -70.455 -15.474 0.500000
11822 -39.106 -70.225 -18.155 0.100000
11824 -39.282 -69.778 -17.705 0.100000
11825 -39.803 -70.358 -17.747 0.200000
11826 -39.964 -69.718 -17.399 0.100000
11838 -39.056 -70.593 -18.891 0.100000
11882 -36.961 -70.527 -22.897 0.100000
11883 -37.693 -70.884 -23.362 0.100000
11890 -35.062 -70.368 -23.892 0.100000
11891 -34.478 -69.964 -24.267 0.100000
11892 -34.601 -69.879 -23.565 0.100000
11893 -35.777 -70.624 -24.226 0.100000
11894 -37.035 -70.752 -23.702 0.100000
11897 -35.155 -70.358 -24.892 0.100000
11898 -34.539 -69.703 -25.085 0.100000
11899 -36.037 -70.739 -25.168 0.100000
11903 -35.123 -69.874 -25.821 0.100000
11904 -35.628 -70.438 -25.820 0.100000
11911 -35.839 -70.070 -26.679 0.100000
11912 -36.791 -70.502 -27.052 0.100000
11920 -37.672 -69.929 -27.640 0.100000
11921 -38.835 -70.184 -28.054 0.100000
11922 -39.866 -70.210 -28.632 0.100000
11923 -39.592 -69.483 -28.842 0.100000
11933 -40.191 -69.961 -29.145 0.100000
11934 -40.348 -70.308 -29.445 0.100000
11954 -40.042 -70.239 -30.035 0.100000
11973 -37.783 -70.563 -31.685 0.100000
11974 -39.147 -70.484 -30.470 0.100000
11985 -37.201 -70.408 -32.255 0.100000
11997 -35.477 -70.921 -33.948 0.100000
12517 -36.574 -69.662 -10.678 0.100000
12518 -37.664 -69.394 -10.378 0.100000
12523 -37.310 -69.438 -11.165 0.100000
12527 -39.562 -68.190 -11.411 0.100000
12539 -40.898 -68.855 -13.020 0.300000
12540 -41.893 -69.024 -13.398 0.500000
12541 -43.472 -68.855 -13.688 0.600000
12542 -44.576 -69.294 -13.686 0.600000
12543 -45.666 -69.604 -13.809 0.500000
12544 -46.399 -69.798 -14.237 0.500000
12550 -47.238 -69.222 -15.092 0.500000
12551 -47.032 -69.197 -14.780 0.600000
12560 -46.879 -69.639 -15.366 0.500000
12561 -47.205 -68.450 -16.020 0.400000
12569 -41.710 -69.719 -16.938 0.300000
12570 -42.806 -69.555 -16.784 0.300000
12571 -43.940 -69.421 -16.702 0.400000
12572 -45.209 -69.234 -16.707 0.400000
12573 -46.275 -69.653 -16.164 0.500000
12574 -47.046 -68.933 -16.136 0.400000
12584 -39.957 -68.874 -17.457 0.100000
12585 -40.712 -69.362 -17.278 0.200000
12586 -42.183 -68.976 -17.227 0.200000
12587 -43.229 -68.807 -17.181 0.400000
12588 -44.435 -68.689 -17.243 0.400000
12625 -33.590 -69.092 -23.166 0.100000
12626 -33.148 -68.485 -23.165 0.100000
12627 -34.325 -69.471 -22.910 0.100000
12635 -34.005 -69.470 -23.731 0.100000
12636 -33.413 -68.806 -23.977 0.100000
12640 -34.275 -68.977 -25.201 0.100000
12644 -34.681 -69.291 -25.751 0.100000
12653 -35.281 -69.157 -26.429 0.100000
12654 -36.121 -69.215 -26.937 0.100000
12655 -36.764 -69.633 -27.266 0.100000
12660 -37.696 -69.001 -27.607 0.100000
12661 -38.477 -69.035 -28.292 0.100000
12671 -39.895 -69.709 -29.441 0.100000
12672 -39.100 -69.010 -28.903 0.100000
12681 -37.869 -69.365 -29.858 0.100000
12682 -35.973 -68.767 -30.176 0.100000
12683 -36.936 -68.493 -29.369 0.100000
12684 -39.157 -69.302 -29.636 0.100000
12694 -36.313 -69.664 -31.310 0.100000
12696 -37.553 -69.936 -31.140 0.100000
12714 -36.354 -70.299 -32.742 0.100000
13216 -38.589 -68.148 -8.558 0.100000
13237 -39.591 -67.638 -10.974 0.200000
13244 -39.379 -68.077 -12.013 0.300000
13247 -37.443 -68.140 -13.592 0.400000
13248 -37.786 -68.052 -12.537 0.300000
13249 -38.454 -68.027 -12.989 0.300000
13250 -39.151 -67.875 -12.518 0.300000
13251 -39.856 -68.023 -12.598 0.300000
13252 -40.446 -68.229 -12.997 0.500000
13258 -38.184 -68.146 -13.983 0.400000
13259 -37.460 -67.797 -14.431 0.400000
13260 -39.020 -68.097 -13.418 0.300000
13261 -41.291 -68.289 -13.501 0.500000
13262 -42.444 -68.356 -13.706 0.500000
13263 -41.986 -67.896 -13.822 0.400000
13264 -43.893 -68.491 -14.044 0.600000
13265 -45.049 -68.745 -14.094 0.600000
13272 -38.141 -67.900 -14.674 0.400000
13273 -38.844 -68.148 -14.438 0.500000
13274 -43.214 -68.055 -14.331 0.600000
13275 -44.361 -68.150 -14.487 0.500000
13276 -46.239 -68.876 -14.401 0.600000
13277 -47.046 -68.584 -14.983 0.600000
13278 -47.296 -68.704 -15.360 0.500000
13290 -47.180 -68.088 -15.860 0.500000
13296 -46.357 -68.721 -16.871 0.400000
13297 -46.745 -68.113 -17.106 0.400000
13298 -46.800 -67.781 -16.840 0.400000
13306 -41.730 -68.383 -17.783 0.300000
13307 -41.375 -67.835 -18.393 0.100000
13308 -42.736 -68.338 -17.986 0.300000
13309 -43.908 -68.217 -18.138 0.400000
13310 -45.178 -68.119 -18.173 0.400000
13311 -46.209 -68.115 -17.883 0.400000
13312 -46.343 -67.565 -18.223 0.400000
13313 -46.591 -67.539 -17.708 0.400000
13327 -42.319 -67.802 -18.664 0.200000
13328 -43.403 -67.679 -18.948 0.300000
13329 -44.675 -67.587 -19.209 0.400000
13330 -45.729 -67.573 -18.771 0.400000
13367 -32.830 -67.772 -23.083 0.100000
13368 -33.059 -68.098 -23.750 0.100000
13375 -33.791 -68.679 -24.716 0.100000
13376 -33.394 -67.963 -24.555 0.100000
13395 -34.112 -68.243 -25.264 0.100000
13396 -34.665 -68.634 -25.874 0.100000
13410 -35.260 -68.334 -26.357 0.100000
13411 -36.024 -68.441 -26.797 0.100000
13412 -37.009 -68.543 -27.275 0.100000
13425 -37.872 -68.271 -27.788 0.100000
13426 -38.096 -68.376 -28.308 0.100000
13427 -37.807 -67.619 -27.823 0.100000
13430 -37.764 -67.558 -28.220 0.100000
13436 -36.941 -67.683 -29.018 0.100000
13950 -39.070 -67.872 -9.280 0.100000
13951 -39.603 -68.109 -9.438 0.100000
13959 -38.282 -67.364 -9.950 0.100000
13960 -36.954 -67.119 -9.491 0.100000
13961 -39.275 -67.692 -9.881 0.100000
13962 -39.666 -67.725 -10.213 0.200000
13970 -34.028 -67.329 -11.472 0.200000
13971 -33.480 -67.019 -11.416 0.200000
13972 -34.190 -67.274 -10.498 0.200000
13973 -34.718 -67.560 -11.205 0.200000
13974 -35.145 -67.144 -10.317 0.200000
13975 -35.845 -67.667 -10.916 0.200000
13976 -35.975 -67.055 -9.724 0.100000
13977 -38.303 -67.322 -10.678 0.200000
13978 -39.236 -67.362 -11.003 0.200000
13986 -34.231 -67.411 -12.095 0.200000
13987 -33.717 -67.061 -12.029 0.300000
13988 -35.068 -67.776 -12.031 0.200000
13989 -36.125 -68.017 -12.063 0.300000
13990 -38.176 -67.568 -11.532 0.300000
13991 -38.901 -67.686 -11.873 0.300000
13992 -39.353 -67.908 -11.901 0.300000
13997 -33.853 -66.855 -12.598 0.300000
13998 -34.540 -67.309 -12.819 0.200000
13999 -36.490 -68.164 -13.125 0.300000
14000 -39.671 -67.909 -12.790 0.300000
14005 -34.970 -66.891 -13.484 0.300000
14006 -35.756 -67.455 -13.803 0.300000
14007 -36.618 -67.741 -14.120 0.400000
14008 -39.715 -68.105 -13.784 0.400000
14009 -41.140 -67.945 -13.847 0.400000
14016 -36.193 -66.771 -14.426 0.400000
14017 -36.982 -66.980 -14.729 0.400000
14018 -38.627 -67.647 -15.161 0.500000
14019 -37.762 -67.262 -15.055 0.400000
14020 -39.646 -68.064 -14.974 0.400000
14021 -40.697 -67.900 -14.822 0.500000
14022 -41.653 -67.798 -14.544 0.400000
14023 -42.450 -67.854 -14.302 0.400000
14024 -43.878 -67.771 -14.904 0.500000
14025 -45.017 -67.680 -14.910 0.600000
14026 -46.279 -68.031 -15.042 0.600000
14027 -47.068 -68.263 -15.400 0.600000
14037 -38.326 -66.554 -15.521 0.500000
14038 -39.286 -67.135 -15.607 0.500000
14039 -40.215 -67.381 -15.516 0.500000
14040 -41.165 -67.428 -15.485 0.500000
14041 -42.268 -67.569 -15.416 0.500000
14042 -43.381 -67.414 -15.545 0.700000
14043 -44.454 -67.209 -15.516 0.600000
14044 -45.600 -67.259 -15.568 0.600000
14045 -46.650 -67.671 -15.729 0.500000
14046 -46.008 -66.852 -16.420 0.500000
14060 -46.714 -67.542 -16.359 0.500000
14070 -46.381 -67.101 -18.452 0.400000
14071 -46.568 -67.265 -17.697 0.500000
14084 -42.853 -67.568 -19.983 0.200000
14085 -43.913 -67.579 -20.008 0.400000
14086 -44.662 -67.258 -20.137 0.400000
14087 -45.992 -67.255 -19.098 0.400000
14088 -46.038 -66.940 -19.210 0.400000
14100 -42.506 -67.247 -21.010 0.100000
14101 -43.501 -67.277 -20.511 0.400000
14102 -44.002 -67.047 -20.551 0.300000
14103 -45.501 -67.088 -19.684 0.300000
14113 -42.918 -67.045 -21.038 0.200000
14140 -34.048 -67.402 -25.211 0.100000
14141 -33.518 -66.949 -24.610 0.100000
14157 -34.852 -67.725 -25.877 0.100000
14158 -34.715 -66.924 -25.611 0.100000
14159 -35.552 -66.826 -26.239 0.100000
14173 -36.573 -67.053 -26.755 0.100000
14174 -37.492 -67.664 -27.436 0.100000
14175 -37.240 -66.553 -27.089 0.100000
14176 -37.614 -67.068 -27.494 0.100000
14194 -37.799 -66.929 -27.902 0.100000
14210 -37.255 -66.840 -28.804 0.100000
14710 -32.044 -66.309 -6.184 0.100000
14733 -32.711 -66.731 -8.826 0.200000
14735 -33.895 -66.715 -8.963 0.200000
14737 -35.707 -66.696 -9.077 0.100000
14749 -32.912 -66.971 -9.631 0.300000
14750 -32.186 -66.465 -9.608 0.300000
14751 -33.877 -67.047 -9.614 0.100000
14752 -34.936 -66.572 -9.435 0.100000
14763 -33.220 -67.069 -10.491 0.200000
14764 -32.370 -66.377 -10.511 0.300000
14778 -32.896 -66.415 -11.406 0.300000
14779 -33.327 -66.520 -12.156 0.300000
14781 -34.233 -66.434 -13.189 0.300000
14788 -34.774 -65.910 -13.707 0.300000
14789 -35.428 -66.381 -14.084 0.300000
14795 -35.959 -65.808 -14.551 0.300000
14796 -36.663 -66.073 -14.858 0.400000
14797 -37.415 -66.304 -15.180 0.500000
14804 -37.852 -65.534 -15.441 0.500000
14805 -39.138 -66.040 -15.859 0.500000
14806 -39.961 -66.447 -15.971 0.500000
14807 -41.612 -66.663 -16.270 0.500000
14808 -40.710 -65.793 -16.398 0.400000
14809 -42.789 -66.908 -16.342 0.500000
14810 -43.872 -66.774 -16.298 0.400000
14811 -44.979 -66.563 -16.164 0.500000
14824 -41.519 -65.643 -16.693 0.400000
14825 -42.319 -65.934 -16.797 0.300000
14826 -43.329 -66.043 -16.874 0.400000
14827 -44.384 -66.077 -16.918 0.500000
14828 -45.882 -66.255 -17.343 0.500000
14829 -44.936 -65.687 -17.556 0.500000
14830 -46.459 -67.030 -17.128 0.500000
14841 -45.754 -65.955 -18.106 0.500000
14842 -46.325 -66.593 -17.953 0.500000
14843 -46.094 -66.467 -18.733 0.400000
14856 -45.595 -66.645 -19.402 0.500000
14865 -44.170 -66.550 -20.267 0.300000
14866 -44.969 -66.887 -20.151 0.400000
14877 -42.211 -66.663 -21.496 0.200000
14878 -43.355 -66.880 -20.755 0.300000
14884 -41.374 -66.330 -22.641 0.100000
14900 -33.629 -65.861 -23.818 0.100000
14909 -33.879 -66.124 -24.479 0.100000
14910 -34.216 -66.520 -25.113 0.100000
14928 -34.959 -66.094 -25.703 0.100000
14939 -36.054 -65.397 -26.534 0.100000
14940 -36.950 -65.722 -26.955 0.100000
14941 -37.709 -66.414 -27.612 0.100000
14945 -37.873 -65.748 -27.781 0.100000
15457 -31.275 -65.066 -5.146 0.100000
15471 -31.486 -64.622 -5.911 0.100000
15491 -31.711 -66.002 -7.033 0.100000
15492 -31.503 -64.970 -6.858 0.100000
15506 -31.682 -66.035 -8.022 0.100000
15507 -31.470 -65.152 -7.796 0.100000
15516 -31.569 -65.469 -8.551 0.200000
15528 -31.665 -65.043 -9.308 0.300000
15539 -32.167 -65.312 -10.798 0.300000
15557 -32.561 -64.862 -11.586 0.300000
15558 -32.964 -65.613 -12.145 0.300000
15560 -33.593 -66.024 -12.773 0.300000
15561 -33.495 -65.201 -12.764 0.300000
15566 -34.127 -65.387 -13.313 0.300000
15567 -34.764 -65.117 -13.783 0.300000
15568 -35.290 -65.410 -14.171 0.300000
15571 -35.816 -64.888 -14.636 0.300000
15572 -37.072 -65.378 -15.171 0.500000
15577 -37.516 -64.624 -15.425 0.500000
15578 -38.313 -64.810 -15.676 0.500000
15579 -39.049 -65.079 -15.958 0.500000
15580 -39.810 -65.379 -16.192 0.500000
15581 -39.670 -64.497 -16.229 0.300000
15592 -40.381 -64.797 -16.539 0.300000
15593 -41.101 -65.021 -16.837 0.300000
15594 -41.902 -65.079 -17.135 0.400000
15595 -43.676 -65.376 -17.475 0.500000
15596 -42.575 -64.810 -17.613 0.400000
15609 -43.312 -64.908 -17.855 0.400000
15610 -44.127 -65.168 -17.960 0.500000
15611 -45.542 -66.088 -18.773 0.500000
15612 -44.959 -65.562 -18.331 0.400000
15629 -44.792 -66.073 -19.322 0.400000
15630 -43.910 -65.621 -19.643 0.300000
15631 -44.176 -65.219 -18.693 0.300000
15646 -43.203 -66.280 -20.452 0.200000
15647 -42.225 -65.715 -20.842 0.100000
15648 -43.063 -65.449 -19.847 0.200000
15656 -41.612 -65.975 -22.580 0.100000
15657 -41.340 -65.169 -23.007 0.100000
15658 -41.616 -65.274 -21.737 0.100000
15677 -34.292 -65.327 -24.181 0.100000
15678 -33.885 -65.296 -23.522 0.100000
15679 -34.279 -64.604 -23.485 0.100000
15687 -34.490 -65.705 -24.963 0.100000
15688 -34.776 -64.531 -24.317 0.100000
15689 -35.050 -65.278 -25.433 0.100000
15705 -35.548 -64.873 -25.952 0.100000
15713 -36.105 -64.632 -26.384 0.100000
15714 -36.762 -64.884 -26.819 0.100000
15715 -37.508 -65.189 -27.373 0.100000
15719 -38.102 -65.114 -27.992 0.100000
15720 -37.878 -64.482 -27.762 0.100000
15722 -37.989 -65.572 -28.522 0.100000
16244 -31.637 -64.222 -6.670 0.100000
16260 -31.656 -64.295 -7.336 0.100000
16272 -31.742 -64.189 -8.068 0.100000
16288 -31.579 -64.795 -8.546 0.200000
16289 -31.891 -64.030 -8.859 0.300000
16301 -32.139 -63.899 -9.771 0.300000
16317 -32.410 -64.263 -10.888 0.300000
16333 -32.817 -63.927 -11.609 0.300000
16334 -33.152 -64.460 -12.328 0.300000
16336 -33.840 -64.496 -13.033 0.300000
16337 -33.694 -63.617 -12.651 0.300000
16338 -34.233 -63.734 -13.323 0.300000
16349 -34.476 -64.510 -13.583 0.300000
16350 -35.105 -64.439 -14.165 0.300000
16354 -35.739 -63.907 -14.700 0.300000
16355 -36.563 -64.444 -15.117 0.400000
16359 -37.161 -63.729 -15.571 0.400000
16360 -38.044 -64.005 -15.797 0.500000
16361 -38.859 -64.272 -16.077 0.500000
16362 -38.594 -63.464 -16.249 0.400000
16368 -39.509 -63.717 -16.323 0.300000
16369 -40.236 -63.971 -16.491 0.300000
16370 -40.870 -64.338 -17.055 0.400000
16371 -41.644 -64.480 -17.424 0.400000
16372 -41.271 -63.857 -17.537 0.400000
16382 -41.922 -64.212 -17.846 0.300000
16383 -43.421 -64.764 -18.321 0.300000
16384 -42.654 -64.436 -18.074 0.300000
16399 -43.395 -64.853 -19.118 0.300000
16400 -42.585 -64.303 -19.005 0.200000
16415 -41.897 -64.769 -20.342 0.100000
16416 -41.528 -64.464 -21.750 0.100000
16417 -41.562 -64.015 -19.842 0.100000
16425 -40.949 -64.356 -22.798 0.100000
16443 -34.848 -63.755 -23.779 0.100000
16448 -35.198 -63.965 -24.527 0.100000
16449 -35.250 -64.483 -25.130 0.100000
16469 -35.821 -64.108 -25.870 0.100000
16470 -36.218 -63.352 -25.929 0.100000
16476 -36.466 -63.968 -26.617 0.100000
16477 -37.187 -64.270 -27.249 0.100000
16481 -37.692 -63.649 -27.579 0.100000
17000 -32.729 -63.384 -3.507 0.100000
17001 -33.165 -62.788 -3.773 0.100000
17017 -32.048 -63.668 -4.477 0.100000
17018 -32.455 -63.036 -4.958 0.100000
17019 -32.637 -63.107 -4.191 0.100000
17033 -31.860 -63.703 -5.384 0.100000
17034 -32.346 -63.094 -6.546 0.100000
17048 -31.946 -63.662 -6.952 0.100000
17049 -32.387 -63.111 -7.302 0.100000
17065 -32.310 -63.289 -8.173 0.300000
17081 -32.281 -63.051 -9.151 0.300000
17091 -32.492 -63.538 -10.479 0.300000
17108 -32.783 -63.513 -11.046 0.300000
17125 -33.150 -63.145 -11.488 0.300000
17126 -33.246 -63.542 -12.065 0.300000
17132 -34.158 -62.888 -12.938 0.300000
17140 -34.663 -63.771 -13.878 0.300000
17141 -34.561 -62.934 -13.795 0.300000
17145 -35.041 -63.381 -14.351 0.300000
17146 -35.599 -62.904 -14.778 0.300000
17147 -36.291 -63.327 -15.269 0.400000
17152 -36.881 -62.801 -15.804 0.400000
17153 -37.695 -63.186 -16.106 0.400000
17156 -38.341 -62.594 -16.307 0.200000
17157 -39.224 -62.855 -16.470 0.300000
17158 -40.033 -63.177 -16.591 0.300000
17159 -40.615 -63.533 -17.104 0.400000
17160 -40.410 -62.707 -17.188 0.300000
17170 -41.013 -63.033 -17.805 0.200000
17171 -41.968 -63.884 -18.488 0.200000
17172 -41.450 -63.148 -18.799 0.200000
17203 -41.459 -64.007 -21.434 0.100000
17210 -41.178 -64.412 -22.645 0.100000
17217 -40.851 -63.831 -22.624 0.100000
17226 -43.177 -64.293 -24.037 0.100000
17227 -44.291 -64.253 -24.637 0.100000
17228 -44.163 -64.330 -24.277 0.100000
17238 -35.410 -63.458 -24.320 0.100000
17239 -35.388 -62.978 -23.718 0.100000
17245 -35.651 -63.546 -25.105 0.100000
17246 -35.864 -62.925 -24.468 0.100000
17247 -36.307 -62.830 -25.205 0.100000
17270 -36.816 -62.689 -25.997 0.100000
17281 -37.563 -62.904 -27.259 0.100000
17285 -38.314 -63.020 -27.950 0.100000
17289 -39.288 -62.743 -28.562 0.100000
17852 -33.903 -62.265 -3.680 0.100000
17867 -33.190 -62.447 -4.514 0.100000
17868 -33.567 -61.860 -5.182 0.100000
17869 -33.889 -61.848 -4.395 0.100000
17884 -32.879 -62.448 -5.451 0.100000
17885 -33.168 -61.897 -6.162 0.100000
17900 -32.721 -62.457 -6.835 0.100000
17901 -33.152 -61.822 -7.147 0.100000
17918 -32.793 -62.491 -7.678 0.200000
17919 -33.248 -61.839 -8.030 0.300000
17934 -32.743 -62.410 -8.559 0.300000
17935 -33.199 -61.718 -8.875 0.300000
17948 -32.808 -62.296 -9.414 0.300000
17949 -33.454 -61.674 -9.729 0.300000
17961 -32.967 -62.791 -10.750 0.300000
17962 -33.483 -61.896 -10.722 0.300000
17968 -33.650 -62.764 -12.104 0.300000
17969 -33.913 -61.945 -11.574 0.300000
17970 -34.388 -62.062 -12.427 0.300000
17974 -34.564 -62.339 -13.219 0.300000
17985 -35.087 -62.066 -13.692 0.300000
17992 -35.617 -62.114 -14.411 0.400000
17993 -36.232 -62.262 -15.137 0.400000
17998 -36.931 -61.916 -15.657 0.400000
17999 -37.541 -62.326 -16.097 0.400000
18004 -38.115 -61.835 -16.224 0.200000
18005 -38.952 -61.796 -16.472 0.300000
18006 -39.797 -62.296 -16.753 0.300000
18016 -40.275 -61.867 -17.285 0.300000
18017 -40.998 -62.508 -18.500 0.200000
18018 -40.671 -62.230 -17.910 0.200000
18041 -40.892 -61.885 -18.638 0.100000
18042 -41.301 -62.611 -19.468 0.100000
18050 -41.535 -62.473 -20.296 0.100000
18058 -41.900 -64.660 -23.091 0.100000
18059 -41.698 -63.789 -21.537 0.100000
18065 -41.368 -64.039 -23.121 0.100000
18066 -42.413 -64.417 -23.473 0.100000
18067 -42.590 -64.488 -22.900 0.100000
18068 -43.243 -64.391 -23.597 0.100000
18069 -43.897 -63.339 -22.515 0.100000
18070 -44.505 -64.026 -23.594 0.100000
18087 -35.300 -62.300 -23.088 0.100000
18089 -41.970 -64.203 -23.515 0.100000
18090 -42.564 -64.253 -23.884 0.100000
18100 -35.881 -62.314 -23.895 0.100000
18101 -35.811 -61.491 -23.348 0.100000
18102 -36.332 -61.751 -24.101 0.100000
18103 -43.265 -64.089 -24.320 0.100000
18104 -44.037 -63.942 -24.700 0.100000
18110 -36.934 -62.243 -25.198 0.100000
18111 -36.972 -61.560 -24.613 0.100000
18112 -37.533 -61.746 -25.268 0.100000
18126 -37.577 -62.445 -26.470 0.100000
18127 -37.992 -61.963 -25.842 0.100000
18128 -38.719 -61.822 -26.945 0.100000
18147 -38.136 -62.358 -27.215 0.100000
18160 -38.792 -62.198 -27.791 0.100000
18161 -39.409 -61.972 -28.148 0.100000
18165 -40.034 -62.159 -28.529 0.100000
18167 -40.743 -62.341 -28.943 0.100000
18716 -34.386 -61.371 -4.769 0.100000
18717 -34.632 -60.760 -5.211 0.100000
18741 -33.937 -61.213 -5.733 0.100000
18742 -34.335 -60.552 -5.837 0.100000
18761 -33.612 -61.242 -6.663 0.100000
18762 -34.030 -60.741 -6.337 0.100000
18780 -33.626 -61.179 -8.379 0.200000
18795 -33.702 -61.242 -9.079 0.300000
18814 -33.927 -61.331 -10.283 0.300000
18815 -34.090 -61.049 -9.619 0.300000
18816 -34.464 -60.789 -10.357 0.300000
18830 -34.147 -61.248 -11.022 0.300000
18831 -34.893 -60.693 -11.167 0.300000
18840 -35.184 -61.438 -12.353 0.300000
18841 -35.643 -61.043 -11.726 0.300000
18842 -36.165 -61.229 -12.235 0.300000
18843 -36.782 -60.946 -11.710 0.300000
18844 -37.197 -61.236 -12.162 0.300000
18845 -37.976 -61.329 -11.841 0.300000
18846 -38.645 -61.690 -12.058 0.300000
18847 -38.801 -61.531 -11.792 0.300000
18848 -39.338 -61.746 -12.082 0.200000
18849 -39.363 -61.447 -11.780 0.200000
18850 -39.978 -61.416 -11.927 0.200000
18851 -40.767 -61.378 -12.057 0.100000
18857 -34.840 -61.799 -13.008 0.300000
18858 -35.551 -61.498 -12.980 0.300000
18859 -36.452 -61.250 -12.863 0.300000
18860 -38.252 -61.448 -12.431 0.300000
18861 -38.916 -61.678 -12.447 0.300000
18862 -40.095 -61.553 -12.234 0.100000
18863 -40.688 -61.481 -12.652 0.100000
18864 -41.469 -61.273 -12.446 0.100000
18865 -42.134 -61.205 -12.859 0.100000
18866 -42.173 -60.808 -12.574 0.100000
18867 -42.785 -60.965 -12.919 0.100000
18882 -35.819 -61.480 -13.747 0.300000
18883 -37.606 -60.891 -13.212 0.300000
18884 -38.957 -61.053 -13.251 0.200000
18885 -39.676 -61.561 -12.585 0.100000
18895 -36.687 -61.410 -14.856 0.400000
18896 -36.673 -61.063 -13.763 0.400000
18897 -37.281 -60.719 -14.438 0.300000
18906 -37.562 -61.499 -15.917 0.300000
18907 -37.637 -60.723 -15.442 0.300000
18908 -38.251 -60.970 -16.172 0.200000
18919 -39.111 -60.797 -16.516 0.300000
18920 -39.738 -61.386 -16.823 0.300000
18935 -40.266 -61.151 -17.259 0.200000
18936 -40.594 -61.358 -17.984 0.200000
18956 -40.935 -61.185 -18.665 0.200000
18957 -41.251 -61.611 -19.289 0.100000
18967 -42.168 -62.221 -20.668 0.100000
18968 -41.812 -61.250 -19.802 0.100000
18969 -42.622 -60.971 -20.084 0.100000
18981 -42.381 -63.452 -21.791 0.100000
18982 -43.022 -61.863 -20.764 0.100000
18983 -43.298 -62.733 -21.695 0.100000
18984 -44.088 -61.485 -20.764 0.100000
19013 -42.562 -63.220 -23.758 0.100000
19014 -43.510 -63.110 -24.307 0.100000
19016 -44.739 -63.189 -24.517 0.100000
19032 -36.035 -60.527 -23.359 0.100000
19033 -36.499 -60.996 -23.987 0.100000
19038 -37.271 -60.578 -24.394 0.100000
19039 -38.275 -61.321 -25.373 0.100000
19040 -37.646 -61.184 -24.864 0.100000
19042 -39.101 -61.093 -25.683 0.100000
19043 -39.836 -60.747 -25.941 0.100000
19048 -39.357 -61.689 -27.410 0.100000
19049 -40.560 -61.224 -27.438 0.100000
19050 -40.235 -60.990 -26.664 0.100000
19066 -39.934 -61.535 -27.951 0.100000
19067 -40.835 -61.688 -28.360 0.100000
19657 -34.780 -60.083 -5.582 0.100000
19659 -36.333 -59.730 -5.131 0.100000
19671 -34.455 -60.098 -6.411 0.200000
19683 -33.991 -60.564 -7.905 0.200000
19684 -34.464 -59.984 -8.229 0.300000
19702 -34.170 -60.653 -8.814 0.300000
19703 -34.658 -60.080 -8.935 0.300000
19722 -35.227 -60.217 -10.393 0.300000
19723 -35.144 -59.854 -9.439 0.300000
19739 -35.894 -60.533 -11.244 0.300000
19740 -36.030 -59.982 -10.799 0.200000
19741 -37.373 -60.683 -11.438 0.200000
19742 -36.801 -59.921 -10.952 0.200000
19743 -37.671 -59.985 -11.161 0.200000
19749 -38.249 -60.912 -11.465 0.300000
19750 -38.992 -60.994 -11.433 0.300000
19751 -39.726 -60.889 -11.613 0.200000
19752 -40.539 -60.920 -11.772 0.100000
19753 -41.334 -60.920 -12.058 0.100000
19766 -43.594 -60.933 -13.232 0.100000
19767 -43.123 -60.658 -12.812 0.100000
19768 -44.360 -60.794 -13.365 0.100000
19769 -43.850 -60.488 -12.903 0.100000
19781 -38.020 -60.526 -13.677 0.300000
19782 -38.521 -60.095 -14.060 0.200000
19783 -39.301 -59.884 -14.002 0.100000
19784 -39.996 -60.924 -13.326 0.100000
19785 -41.889 -61.059 -13.379 0.100000
19786 -41.398 -60.451 -13.989 0.100000
19787 -42.832 -61.009 -13.356 0.100000
19788 -43.633 -61.044 -13.633 0.100000
19789 -44.249 -61.051 -13.702 0.100000
19790 -44.981 -60.892 -13.861 0.100000
19791 -45.054 -60.493 -13.487 0.100000
19793 -45.707 -60.968 -13.705 0.100000
19800 -37.998 -60.194 -14.667 0.200000
19801 -38.736 -59.701 -14.963 0.100000
19802 -42.301 -60.614 -13.952 0.100000
19803 -43.184 -60.838 -14.066 0.100000
19804 -44.000 -61.061 -14.104 0.100000
19805 -44.913 -60.993 -14.070 0.100000
19806 -44.415 -60.594 -14.477 0.100000
19817 -38.778 -60.185 -15.988 0.200000
19818 -39.357 -59.567 -15.781 0.100000
19819 -45.099 -60.494 -14.662 0.100000
19826 -39.916 -60.500 -16.853 0.200000
19827 -39.853 -59.708 -16.512 0.100000
19828 -40.360 -59.822 -17.127 0.200000
19844 -40.913 -60.542 -18.258 0.200000
19845 -40.869 -59.819 -17.739 0.200000
19846 -41.460 -59.808 -18.298 0.200000
19865 -41.487 -60.604 -18.944 0.100000
19866 -42.164 -59.760 -18.739 0.100000
19867 -42.347 -60.322 -19.382 0.100000
19885 -43.196 -60.196 -19.552 0.100000
19886 -43.513 -60.779 -20.141 0.100000
19887 -44.017 -60.203 -19.573 0.100000
19888 -44.954 -60.855 -20.206 0.100000
19920 -43.635 -60.937 -22.683 0.100000
19945 -36.189 -59.782 -23.433 0.100000
19946 -36.656 -60.128 -23.842 0.100000
19947 -37.187 -59.720 -24.131 0.100000
19954 -37.855 -59.828 -24.478 0.100000
19955 -38.592 -60.005 -24.878 0.100000
19959 -39.306 -60.224 -25.362 0.100000
19960 -40.531 -60.187 -26.293 0.100000
19961 -39.971 -60.041 -25.695 0.100000
19963 -41.005 -60.715 -26.970 0.100000
19964 -41.475 -60.047 -26.678 0.100000
20545 -35.546 -58.968 -6.151 0.100000
20557 -34.883 -59.389 -6.785 0.100000
20558 -35.354 -58.745 -7.146 0.200000
20569 -34.825 -59.323 -7.714 0.200000
20570 -35.357 -58.796 -8.157 0.200000
20590 -34.993 -59.531 -8.591 0.200000
20591 -35.526 -59.148 -9.135 0.200000
20604 -35.700 -59.584 -10.012 0.300000
20605 -36.018 -58.799 -9.871 0.200000
20613 -36.996 -58.844 -10.534 0.200000
20614 -38.526 -60.120 -11.264 0.300000
20615 -38.057 -59.128 -11.063 0.200000
20624 -38.801 -59.333 -11.316 0.300000
20625 -40.079 -60.024 -11.653 0.200000
20626 -40.971 -60.066 -11.821 0.200000
20627 -40.400 -59.031 -11.794 0.100000
20642 -41.346 -58.877 -12.200 0.100000
20645 -43.883 -59.563 -12.716 0.100000
20646 -44.495 -60.043 -12.998 0.100000
20660 -40.320 -59.835 -14.106 0.100000
20661 -45.106 -59.576 -13.268 0.100000
20669 -39.671 -59.313 -14.821 0.100000
20670 -40.394 -59.147 -14.803 0.100000
20671 -41.120 -58.967 -15.192 0.100000
20672 -41.757 -59.677 -14.513 0.100000
20673 -42.624 -59.821 -14.582 0.100000
20674 -42.068 -59.008 -15.202 0.100000
20675 -43.580 -59.954 -14.728 0.100000
20683 -40.181 -59.167 -15.763 0.100000
20684 -42.856 -59.099 -15.252 0.100000
20685 -44.374 -59.652 -15.191 0.100000
20692 -40.824 -59.178 -17.140 0.100000
20693 -40.903 -58.946 -16.272 0.100000
20694 -41.561 -58.706 -16.719 0.100000
20708 -42.162 -59.173 -18.085 0.100000
20709 -41.485 -59.148 -17.607 0.200000
20710 -42.944 -58.771 -17.864 0.100000
20734 -42.926 -59.660 -18.988 0.100000
20735 -43.408 -59.162 -18.445 0.100000
20736 -43.747 -59.643 -19.047 0.100000
20737 -44.241 -59.122 -18.435 0.100000
20738 -44.669 -59.722 -19.135 0.100000
20787 -36.661 -59.201 -23.722 0.100000
20788 -37.509 -58.935 -24.162 0.100000
20792 -38.123 -58.427 -24.178 0.100000
20793 -39.047 -59.469 -25.034 0.100000
20794 -38.447 -59.081 -24.585 0.100000
20795 -39.243 -58.762 -24.920 0.100000
20799 -39.657 -59.387 -25.356 0.100000
20800 -41.028 -59.372 -26.210 0.100000
20801 -40.750 -58.803 -25.755 0.100000
21335 -35.979 -58.268 -6.617 0.100000
21336 -36.448 -57.703 -7.005 0.100000
21337 -37.226 -57.574 -6.462 0.100000
21348 -35.860 -58.144 -7.582 0.200000
21349 -36.382 -57.574 -7.980 0.100000
21366 -35.941 -58.229 -8.770 0.200000
21367 -36.498 -57.572 -8.861 0.200000
21378 -36.445 -57.934 -9.731 0.200000
21385 -37.213 -57.628 -10.257 0.100000
21386 -37.763 -58.056 -10.950 0.200000
21387 -38.627 -58.276 -11.451 0.300000
21406 -38.932 -57.270 -11.489 0.200000
21407 -39.735 -57.968 -11.724 0.200000
21408 -40.630 -58.155 -11.971 0.100000
21419 -41.191 -57.654 -12.252 0.100000
21420 -42.041 -58.042 -12.446 0.100000
21423 -44.419 -58.826 -13.002 0.100000
21429 -45.070 -58.552 -13.413 0.100000
21430 -45.830 -59.081 -13.513 0.100000
21449 -41.616 -58.711 -15.869 0.100000
21450 -42.449 -58.476 -16.062 0.100000
21451 -43.561 -58.710 -15.719 0.100000
21452 -44.466 -58.655 -16.088 0.100000
21453 -45.319 -58.799 -16.264 0.100000
21460 -42.296 -58.639 -17.230 0.100000
21461 -43.285 -58.381 -16.870 0.100000
21462 -44.152 -58.344 -16.942 0.100000
21475 -43.793 -58.622 -17.733 0.100000
21538 -36.960 -58.312 -23.657 0.100000
21539 -37.655 -58.200 -23.852 0.100000
21540 -38.241 -57.705 -23.865 0.100000
21548 -40.105 -58.574 -25.281 0.100000
21549 -39.564 -57.993 -24.656 0.100000
21550 -40.417 -57.720 -24.864 0.100000
22073 -37.685 -56.850 -6.984 0.100000
22074 -38.091 -57.380 -6.451 0.100000
22075 -38.855 -57.389 -6.492 0.100000
22076 -39.904 -56.716 -6.873 0.100000
22077 -41.347 -57.469 -6.916 0.100000
22078 -40.769 -56.710 -7.133 0.100000
22094 -36.963 -57.144 -7.400 0.100000
22095 -37.483 -56.620 -7.889 0.100000
22096 -42.116 -57.126 -7.152 0.100000
22113 -36.887 -57.059 -8.407 0.100000
22114 -37.373 -56.576 -8.891 0.100000
22124 -36.968 -57.215 -9.375 0.100000
22125 -37.891 -57.176 -10.620 0.200000
22140 -38.449 -56.781 -10.997 0.200000
22150 -38.995 -56.385 -11.343 0.300000
22151 -39.635 -56.837 -11.767 0.100000
22152 -40.387 -57.243 -12.057 0.100000
22161 -40.987 -56.682 -12.374 0.100000
22162 -42.284 -56.648 -12.616 0.100000
22170 -45.431 -57.654 -13.828 0.100000
22272 -36.560 -57.600 -23.106 0.100000
22273 -36.839 -56.429 -22.471 0.100000
22274 -37.147 -56.954 -23.096 0.100000
22279 -37.873 -56.923 -23.502 0.100000
22280 -38.641 -56.913 -23.797 0.100000
22288 -39.264 -56.825 -24.071 0.100000
22289 -39.858 -57.100 -24.452 0.100000
22290 -40.798 -56.983 -24.598 0.100000
22742 -38.499 -56.736 -6.806 0.100000
22743 -39.128 -56.193 -7.245 0.100000
22754 -38.219 -56.328 -7.500 0.100000
22755 -38.645 -55.757 -8.063 0.100000
22756 -40.104 -56.031 -7.412 0.100000
22757 -41.083 -55.950 -7.489 0.100000
22776 -37.950 -56.142 -8.418 0.100000
22777 -38.325 -55.656 -8.984 0.100000
22800 -37.636 -56.711 -9.821 0.100000
22801 -38.224 -55.887 -9.878 0.100000
22810 -38.554 -56.036 -10.671 0.100000
22820 -39.525 -55.909 -11.765 0.100000
22821 -40.197 -56.297 -12.227 0.100000
22950 -37.378 -55.653 -22.440 0.100000
22951 -37.594 -56.275 -23.023 0.100000
22964 -38.358 -56.232 -23.434 0.100000
22965 -39.107 -56.306 -23.709 0.100000
22966 -39.766 -56.397 -24.056 0.100000
23424 -39.463 -55.458 -7.879 0.100000
23438 -39.024 -55.218 -8.676 0.100000
23595 -37.285 -54.951 -21.803 0.100000
23602 -38.104 -55.591 -22.923 0.100000
23603 -37.846 -55.057 -22.429 0.100000
23604 -38.592 -54.868 -22.723 0.100000
23611 -39.016 -55.510 -23.348 0.100000
23612 -39.999 -55.269 -23.465 0.100000
24306 -37.622 -53.600 -20.721 0.100000
24309 -37.942 -53.729 -21.478 0.100000
24310 -38.060 -54.309 -22.076 0.100000
24318 -39.075 -54.066 -22.496 0.100000
24319 -39.535 -54.661 -23.051 0.100000
25190 -38.346 -53.258 -21.140 0.100000
25191 -38.159 -53.064 -20.506 0.100000
25195 -38.662 -53.588 -21.826 0.100000
88976 -37.585 -73.514 -21.325 0.100000
89046 -39.371 -60.135 -16.374 0.100000
89103 -36.708 -73.655 -22.621 0.100000
89169 -40.391 -68.073 -13.239 0.300000
89185 -39.460 -61.406 -26.468 0.100000
89229 -40.516 -60.545 -17.542 0.200000
89269 -36.423 -62.305 -24.564 0.100000
89493 -37.158 -67.234 -10.197 0.200000
89560 -42.085 -72.031 -19.642 0.200000
90344 -33.218 -73.372 -11.885 0.100000
90560 -38.364 -71.344 -24.617 0.100000
90741 -39.072 -71.280 -23.432 0.100000
90958 -40.967 -71.476 -18.234 0.200000
91089 -41.512 -56.726 -7.253 0.100000
91382 -36.135 -61.577 -14.455 0.400000
91423 -42.489 -73.168 -22.529 0.100000
91453 -41.359 -64.690 -17.154 0.400000
91551 -39.498 -59.096 -11.521 0.200000
91725 -34.626 -60.439 -9.582 0.300000
91764 -45.283 -70.936 -15.412 0.500000
91785 -42.735 -60.091 -12.491 0.100000
91957 -35.696 -70.416 -23.513 0.100000
92004 -41.750 -74.016 -21.994 0.100000
92062 -34.680 -61.386 -11.739 0.300000
92200 -39.947 -71.368 -23.518 0.100000
92236 -39.658 -55.870 -23.692 0.100000
92292 -36.294 -66.247 -26.722 0.100000
92294 -37.420 -54.214 -21.367 0.100000
92306 -40.335 -59.383 -25.744 0.100000
92328 -37.126 -67.665 -11.208 0.200000
92455 -36.653 -75.740 -11.289 0.100000
92456 -40.711 -66.777 -15.966 0.500000
92579 -41.039 -71.508 -25.113 0.100000
92703 -37.978 -72.311 -30.492 0.100000
92708 -40.687 -71.401 -28.227 0.100000
92780 -32.152 -66.525 -8.245 0.100000
93038 -38.695 -61.687 -26.050 0.100000
93109 -36.272 -59.415 -10.447 0.200000
93241 -41.835 -67.435 -20.286 0.100000
93421 -39.051 -57.476 -24.193 0.100000
93536 -38.220 -60.286 -15.516 0.200000
93538 -29.818 -78.595 -30.545 0.100000
93861 -39.290 -60.092 -11.380 0.200000
93884 -37.160 -61.227 -15.337 0.300000
93973 -42.730 -59.290 -18.445 0.100000
94037 -40.463 -72.030 -13.647 0.400000
94050 -31.601 -65.546 -6.319 0.100000
94129 -35.406 -67.750 -12.966 0.200000
94211 -42.781 -65.379 -17.249 0.400000
94702 -38.380 -61.252 -12.914 0.300000
94771 -40.484 -57.309 -6.764 0.100000
94779 -34.282 -72.998 -29.745 0.100000
94808 -36.396 -70.336 -12.175 0.100000
94896 -42.575 -64.912 -19.720 0.200000
94947 -38.626 -70.928 -22.179 0.100000
94958 -36.358 -70.598 -23.585 0.100000
95451 -43.396 -70.785 -13.479 0.500000
95648 -43.416 -60.089 -12.645 0.100000
95738 -38.748 -75.049 -8.760 0.100000
95793 -43.016 -67.819 -14.771 0.400000
95794 -45.582 -59.576 -19.029 0.100000
95907 -43.083 -72.911 -16.363 0.400000
96031 -41.914 -71.940 -13.542 0.500000
96058 -34.433 -59.984 -7.355 0.200000
96091 -33.371 -66.504 -24.056 0.100000
96131 -35.662 -71.542 -13.774 0.100000
96341 -40.393 -56.516 -24.299 0.100000
96348 -37.853 -66.220 -28.224 0.100000
96349 -45.704 -61.207 -14.091 0.100000
96374 -46.266 -58.109 -14.121 0.100000
96404 -30.185 -76.367 -27.989 0.100000
96484 -38.290 -57.509 -11.186 0.200000
96511 -41.582 -63.568 -18.031 0.200000
96771 -41.216 -73.244 -26.838 0.200000
96786 -40.146 -74.131 -18.361 0.300000
96790 -35.823 -67.672 -26.550 0.100000
96834 -33.405 -62.470 -11.345 0.300000
96917 -33.577 -61.199 -7.531 0.200000
96932 -37.389 -57.599 -23.534 0.100000
96988 -37.410 -72.305 -18.264 0.100000
97049 -37.126 -68.030 -12.093 0.300000
97067 -30.187 -75.685 -27.629 0.100000
97071 -41.850 -60.061 -12.235 0.100000
97104 -36.760 -67.740 -27.000 0.100000
97250 -35.794 -71.373 -9.534 0.100000
97373 -40.379 -68.028 -14.031 0.400000
97536 -38.085 -60.630 -24.812 0.100000
97551 -45.394 -68.241 -14.548 0.600000
97579 -38.516 -76.499 -23.398 0.100000
97653 -41.120 -74.734 -18.374 0.400000
97664 -40.612 -70.381 -13.377 0.400000
97807 -42.099 -72.609 -13.800 0.500000
97840 -31.832 -65.810 -9.944 0.300000
97894 -42.813 -71.880 -23.921 0.100000
97914 -38.776 -58.234 -24.391 0.100000
97975 -45.380 -67.301 -19.490 0.400000
98046 -42.712 -72.886 -21.477 0.100000
98047 -40.737 -71.498 -28.679 0.100000
98085 -45.257 -66.265 -16.921 0.500000
98180 -32.812 -72.440 -12.862 0.100000
98193 -40.980 -59.570 -14.532 0.100000
98241 -43.177 -61.994 -23.560 0.100000
98343 -43.634 -71.841 -13.564 0.500000
98481 -31.977 -64.769 -10.209 0.300000
98487 -32.353 -63.076 -5.778 0.100000
98579 -37.610 -75.753 -10.839 0.100000
98625 -42.721 -73.266 -15.310 0.300000
98711 -35.392 -65.511 -26.055 0.100000
98728 -41.449 -63.589 -20.933 0.100000
98743 -38.598 -70.025 -30.590 0.100000
98751 -36.401 -65.300 -14.901 0.400000
98762 -32.518 -79.984 -30.062 0.100000
98768 -36.612 -58.055 -6.317 0.100000
98907 -42.041 -71.782 -25.237 0.200000
99038 -32.015 -63.697 -7.576 0.100000
99152 -38.270 -70.682 -31.063 0.100000
99154 -32.311 -79.633 -29.463 0.100000
99155 -37.392 -61.147 -12.620 0.300000
99350 -42.936 -69.479 -13.531 0.500000
99375 -42.559 -72.943 -24.766 0.200000
99407 -36.751 -71.718 -14.872 0.100000
99422 -32.727 -74.343 -14.790 0.100000
99505 -39.636 -73.351 -17.004 0.200000
99576 -33.321 -71.640 -13.583 0.100000
99697 -38.815 -72.631 -15.663 0.300000
99756 -38.131 -56.490 -10.386 0.200000
99882 -37.056 -63.463 -27.052 0.100000
99963 -40.357 -74.781 -19.511 0.300000
99990 -32.513 -65.716 -11.339 0.300000
100010 -40.884 -71.652 -23.663 0.200000
100683 -35.640 -71.300 -13.170 0.100000
100692 -34.787 -72.740 -28.189 0.100000
100831 -33.218 -71.927 -12.443 0.100000
100945 -43.030 -68.213 -13.961 0.500000
101057 -39.269 -67.514 -10.433 0.200000
101162 -44.251 -60.669 -20.043 0.100000
101163 -44.016 -62.328 -21.507 0.100000
101207 -35.588 -65.999 -26.352 0.100000
101379 -44.785 -58.480 -16.795 0.100000
101410 -33.047 -71.892 -13.077 0.100000
101430 -32.488 -62.898 -9.981 0.300000
101890 -36.799 -69.319 -30.218 0.100000
101935 -32.360 -63.488 -3.978 0.100000
102262 -39.945 -61.400 -27.102 0.100000
102501 -34.038 -69.307 -24.490 0.100000
102646 -35.130 -62.658 -14.278 0.300000
102767 -38.387 -75.341 -8.319 0.100000
102971 -36.102 -70.323 -22.899 0.100000
102994 -41.782 -57.067 -12.477 0.100000
103007 -36.860 -75.364 -10.708 0.100000
103019 -34.866 -61.323 -4.278 0.100000
103073 -37.483 -65.947 -27.355 0.100000
103083 -35.611 -72.650 -28.554 0.100000
103145 -37.818 -70.682 -22.524 0.100000
103239 -38.676 -60.668 -25.229 0.100000
103247 -32.217 -77.400 -36.073 0.100000
103526 -39.630 -69.817 -30.075 0.100000
103565 -38.259 -63.949 -28.068 0.100000
103574 -41.008 -61.080 -13.433 0.100000
103738 -38.224 -62.046 -26.470 0.100000
103743 -36.028 -70.747 -33.327 0.100000
104099 -39.210 -56.850 -6.714 0.100000
104104 -38.289 -68.677 -28.994 0.100000
104207 -37.998 -61.477 -12.131 0.300000
104243 -40.076 -68.396 -12.608 0.300000
104268 -40.961 -74.637 -17.341 0.300000
104459 -33.032 -62.293 -10.122 0.300000
104475 -34.001 -60.627 -7.046 0.200000
104504 -36.674 -63.249 -26.500 0.100000
104575 -37.376 -62.221 -25.732 0.100000
104609 -30.248 -77.093 -28.614 0.100000
104775 -42.025 -71.925 -26.106 0.200000
104777 -38.522 -65.591 -15.692 0.500000
104906 -34.742 -65.047 -24.811 0.100000
104959 -40.771 -69.535 -13.085 0.400000
105035 -41.373 -63.441 -20.052 0.100000
105103 -45.579 -68.589 -17.385 0.400000
105198 -32.680 -62.562 -6.145 0.100000
105223 -31.856 -63.691 -6.219 0.100000
105236 -40.973 -71.559 -13.588 0.500000
105280 -39.944 -71.537 -24.954 0.100000
105294 -37.910 -74.868 -9.676 0.100000
105328 -37.605 -68.136 -28.607 0.100000
105453 -40.764 -68.463 -17.604 0.100000
105542 -29.670 -80.179 -31.339 0.100000
105547 -44.662 -60.342 -19.656 0.100000
105598 -36.602 -60.461 -11.278 0.300000
105705 -47.317 -68.958 -15.496 0.500000
105868 -39.625 -68.630 -12.279 0.300000
105977 -41.476 -61.375 -12.934 0.100000
106075 -36.869 -72.468 -19.582 0.100000
106083 -40.339 -71.568 -21.415 0.100000
106185 -40.344 -59.298 -16.664 0.100000
106267 -42.705 -73.245 -19.326 0.400000
106943 -38.671 -67.560 -9.638 0.100000
106974 -35.004 -59.595 -6.043 0.100000
107113 -32.571 -77.499 -35.736 0.100000
107163 -37.267 -67.209 -27.133 0.100000
107224 -37.087 -62.922 -26.701 0.100000
107329 -39.582 -67.523 -10.623 0.200000
107340 -34.520 -66.510 -9.073 0.100000
107553 -44.862 -61.432 -20.704 0.100000
107556 -39.357 -67.552 -11.296 0.300000
107792 -34.191 -71.379 -14.525 0.100000
107813 -32.262 -64.097 -10.345 0.300000
107838 -43.862 -58.385 -16.409 0.100000
107953 -40.837 -74.281 -24.405 0.100000
108037 -41.362 -69.002 -17.283 0.100000
108137 -31.001 -77.644 -28.537 0.100000
108164 -42.568 -67.963 -13.972 0.400000
108444 -33.818 -75.423 -12.446 0.100000
108595 -40.266 -70.338 -17.464 0.300000
108625 -37.831 -56.144 -9.232 0.100000
108751 -33.053 -73.781 -12.273 0.100000
109075 -42.253 -73.848 -18.096 0.400000
109144 -35.142 -60.286 -4.986 0.100000
