#!ascii label  , from subject OAS1_0001-3 vox2ras=TkReg 
617
46531 -25.911 -25.112 -20.639 0.285714
47245 -24.714 -24.896 -21.049 0.142857
47257 -24.808 -24.412 -21.196 0.142857
47258 -25.517 -24.358 -20.926 0.142857
47259 -26.510 -24.039 -20.523 0.285714
47986 -25.237 -23.613 -21.208 0.142857
47987 -26.069 -23.353 -20.725 0.428571
47988 -27.198 -23.069 -20.579 0.285714
48764 -24.395 -22.634 -21.487 0.142857
48765 -25.181 -22.273 -21.469 0.142857
48766 -25.649 -22.723 -21.079 0.285714
48767 -27.415 -22.046 -20.670 0.428571
48769 -29.153 -22.281 -20.852 0.142857
48770 -28.670 -21.763 -20.877 0.142857
48783 -24.735 -21.802 -21.770 0.142857
49540 -25.977 -21.746 -21.133 0.285714
49541 -27.538 -21.277 -20.998 0.428571
49551 -24.452 -21.184 -22.051 0.142857
49552 -24.868 -20.636 -22.426 0.142857
49553 -25.773 -21.003 -21.683 0.142857
49554 -26.728 -20.919 -21.353 0.285714
49555 -28.450 -20.955 -21.229 0.285714
50241 -24.007 -20.468 -22.140 0.142857
50242 -24.423 -19.857 -22.549 0.142857
50243 -26.179 -20.213 -21.959 0.142857
50244 -27.124 -20.142 -21.740 0.428571
50245 -27.985 -20.103 -21.688 0.428571
50246 -28.869 -20.061 -21.685 0.285714
50255 -25.392 -19.936 -22.599 0.142857
51010 -26.173 -19.651 -22.520 0.285714
51011 -27.490 -19.539 -22.184 0.428571
51012 -28.334 -19.392 -22.052 0.285714
51013 -29.202 -19.289 -22.047 0.142857
51020 -24.859 -19.295 -23.030 0.142857
51021 -25.791 -19.261 -23.073 0.285714
51022 -26.848 -19.265 -22.953 0.285714
51023 -27.777 -18.931 -22.650 0.428571
51024 -28.656 -18.687 -22.349 0.428571
51025 -29.522 -18.574 -22.370 0.142857
51768 -24.328 -18.645 -23.117 0.142857
51769 -24.494 -18.120 -23.440 0.142857
51770 -26.250 -18.592 -23.379 0.285714
51771 -27.252 -18.470 -23.237 0.571429
51772 -28.110 -18.173 -22.837 0.428571
51773 -28.941 -17.916 -22.523 0.142857
51774 -29.923 -17.801 -22.616 0.142857
51788 -24.990 -17.897 -23.757 0.285714
51789 -25.699 -17.890 -23.642 0.142857
52526 -23.205 -16.994 -23.363 0.142857
52527 -26.641 -17.778 -23.494 0.428571
52528 -27.603 -17.544 -23.276 0.571429
52529 -28.379 -17.392 -22.894 0.428571
52530 -29.158 -17.104 -22.719 0.142857
52531 -29.988 -16.809 -22.656 0.142857
52532 -30.692 -17.301 -22.549 0.142857
52534 -32.970 -16.854 -22.378 0.142857
52535 -33.704 -16.644 -22.393 0.142857
52536 -35.187 -16.283 -22.624 0.142857
52548 -24.317 -17.327 -23.643 0.142857
52549 -25.201 -17.264 -24.030 0.285714
52550 -26.041 -17.066 -23.686 0.142857
52551 -26.936 -16.897 -23.515 0.285714
53319 -28.461 -16.573 -23.027 0.428571
53320 -29.324 -16.225 -22.848 0.285714
53321 -30.119 -15.930 -22.727 0.285714
53322 -30.742 -16.468 -22.606 0.285714
53323 -32.256 -16.349 -22.427 0.142857
53324 -33.219 -16.150 -22.399 0.142857
53325 -34.233 -15.985 -22.406 0.142857
53326 -35.089 -15.377 -22.541 0.142857
53327 -35.589 -15.679 -22.913 0.142857
53335 -22.947 -16.150 -23.452 0.142857
53336 -23.800 -16.385 -23.777 0.142857
53337 -24.686 -16.518 -24.147 0.285714
53338 -24.156 -15.784 -24.213 0.142857
53339 -25.516 -16.421 -24.149 0.285714
53340 -26.371 -16.224 -23.825 0.142857
53341 -27.181 -16.043 -23.535 0.285714
53342 -27.941 -15.875 -23.301 0.714286
53343 -28.725 -15.645 -23.147 0.714286
53344 -29.494 -15.335 -22.937 0.285714
53345 -35.837 -15.831 -23.618 0.142857
53352 -24.968 -15.637 -24.456 0.142857
54118 -30.927 -15.661 -22.640 0.285714
54119 -31.903 -15.496 -22.539 0.285714
54120 -32.676 -15.150 -22.480 0.142857
54121 -33.391 -15.411 -22.405 0.142857
54122 -34.237 -14.977 -22.401 0.142857
54123 -35.022 -14.488 -22.528 0.142857
54124 -35.551 -14.843 -22.849 0.142857
54132 -23.288 -15.424 -23.881 0.142857
54133 -25.882 -15.581 -24.240 0.285714
54134 -26.691 -15.401 -23.948 0.285714
54135 -27.450 -15.275 -23.671 0.428571
54136 -28.177 -15.105 -23.484 0.571429
54137 -28.915 -14.829 -23.347 0.428571
54138 -29.665 -14.488 -23.153 0.285714
54139 -30.269 -15.026 -22.704 0.285714
54140 -31.170 -14.807 -22.640 0.285714
54141 -35.928 -14.332 -23.459 0.142857
54151 -24.929 -14.757 -24.670 0.142857
54152 -26.151 -14.722 -24.332 0.142857
54864 -32.451 -13.829 -22.496 0.142857
54865 -33.218 -14.527 -22.414 0.142857
54866 -34.205 -14.074 -22.399 0.142857
54867 -35.006 -13.620 -22.500 0.142857
54868 -35.553 -14.005 -22.867 0.142857
54878 -23.380 -14.423 -24.202 0.142857
54879 -27.019 -14.658 -24.025 0.428571
54880 -27.504 -13.966 -23.959 0.714286
54881 -28.259 -14.373 -23.635 0.571429
54882 -29.025 -14.058 -23.509 0.571429
54883 -29.739 -13.694 -23.346 0.428571
54884 -30.468 -14.073 -22.924 0.285714
54885 -31.459 -13.966 -22.654 0.285714
54886 -36.189 -13.477 -23.814 0.142857
54891 -24.312 -14.054 -24.663 0.142857
54892 -25.120 -14.055 -24.862 0.142857
54893 -26.584 -13.942 -24.263 0.428571
54894 -35.997 -14.091 -24.533 0.142857
55579 -32.731 -13.051 -22.503 0.285714
55580 -34.232 -13.213 -22.329 0.142857
55581 -35.041 -12.745 -22.413 0.142857
55582 -35.911 -13.551 -23.235 0.142857
55583 -35.629 -13.164 -22.809 0.142857
55584 -36.162 -12.746 -23.327 0.142857
55593 -27.702 -13.236 -23.929 0.714286
55594 -28.279 -12.838 -23.749 0.714286
55595 -29.045 -13.265 -23.541 0.571429
55596 -30.444 -12.666 -23.205 0.428571
55597 -30.910 -13.284 -22.893 0.285714
55598 -31.816 -13.181 -22.682 0.285714
55599 -36.337 -12.804 -24.033 0.142857
55605 -22.809 -12.935 -24.093 0.142857
55606 -24.302 -13.088 -24.727 0.142857
55607 -25.342 -13.289 -24.864 0.142857
55608 -26.093 -13.143 -24.496 0.428571
55609 -26.981 -13.172 -24.176 0.571429
55610 -35.712 -12.773 -25.577 0.142857
55611 -36.093 -13.223 -24.663 0.142857
55619 -24.909 -12.734 -25.097 0.142857
56277 -32.154 -12.425 -22.675 0.285714
56278 -31.584 -11.762 -22.852 0.285714
56279 -33.066 -12.332 -22.425 0.285714
56280 -34.114 -12.294 -22.236 0.142857
56281 -35.076 -11.844 -22.331 0.142857
56282 -35.755 -11.375 -22.662 0.142857
56283 -36.261 -11.778 -23.144 0.142857
56291 -27.503 -12.530 -24.054 0.571429
56292 -28.178 -11.904 -23.802 0.714286
56293 -29.053 -12.425 -23.554 0.714286
56294 -29.868 -12.082 -23.444 0.714286
56295 -30.682 -11.860 -23.155 0.428571
56296 -36.410 -12.106 -23.855 0.142857
56303 -24.377 -12.217 -24.992 0.142857
56304 -25.550 -12.320 -25.010 0.142857
56305 -25.927 -11.479 -24.992 0.285714
56306 -26.589 -12.237 -24.485 0.285714
56307 -27.361 -11.812 -24.220 0.571429
56308 -35.832 -11.910 -25.497 0.142857
56309 -36.200 -12.406 -24.680 0.142857
56317 -35.105 -12.231 -26.279 0.142857
56976 -31.056 -11.056 -23.068 0.428571
56977 -31.925 -11.029 -22.690 0.285714
56978 -32.795 -10.955 -22.308 0.285714
56979 -33.679 -10.810 -21.902 0.142857
56980 -35.641 -10.495 -22.490 0.142857
56981 -36.215 -10.884 -23.025 0.142857
56988 -28.264 -10.353 -24.122 0.857143
56989 -29.098 -11.537 -23.587 0.714286
56990 -29.999 -11.051 -23.379 0.714286
56991 -36.411 -11.246 -23.731 0.142857
57000 -26.203 -10.660 -24.987 0.285714
57001 -26.824 -11.280 -24.538 0.428571
57002 -27.728 -11.138 -24.192 0.571429
57003 -35.902 -11.081 -25.391 0.142857
57004 -36.288 -11.580 -24.595 0.142857
57014 -34.563 -10.876 -26.510 0.142857
57015 -35.297 -11.396 -26.201 0.142857
57639 -31.426 -10.341 -22.797 0.428571
57640 -30.429 -9.396 -23.221 0.714286
57641 -32.223 -10.312 -22.380 0.285714
57642 -32.557 -9.647 -22.123 0.285714
57644 -36.034 -9.978 -22.929 0.142857
57649 -28.471 -9.541 -24.178 0.857143
57650 -29.043 -10.644 -23.680 0.714286
57651 -29.665 -9.908 -23.493 0.714286
57652 -36.331 -10.370 -23.725 0.142857
57662 -26.474 -9.846 -24.944 0.285714
57663 -27.221 -10.374 -24.498 0.571429
57664 -27.861 -9.793 -24.367 0.571429
57665 -35.970 -10.271 -25.373 0.142857
57666 -36.309 -10.744 -24.543 0.142857
57673 -25.627 -10.042 -25.490 0.285714
57674 -33.815 -9.576 -26.755 0.142857
57675 -34.707 -10.076 -26.479 0.142857
57676 -35.408 -10.586 -26.128 0.142857
58341 -30.506 -8.571 -23.313 0.714286
58342 -31.123 -9.055 -22.969 0.571429
58343 -31.769 -8.754 -22.626 0.428571
58344 -33.913 -9.098 -21.563 0.142857
58351 -28.571 -8.784 -24.197 0.857143
58352 -29.085 -9.252 -23.878 0.714286
58353 -29.774 -8.921 -23.518 0.714286
58363 -27.218 -8.776 -24.658 0.714286
58364 -27.909 -9.133 -24.397 0.571429
58366 -36.316 -9.910 -24.599 0.142857
58377 -26.102 -9.235 -25.408 0.285714
58378 -34.716 -9.205 -26.444 0.142857
58379 -35.476 -9.760 -26.070 0.142857
59051 -30.603 -7.757 -23.343 0.714286
59052 -31.211 -8.276 -23.023 0.428571
59053 -31.870 -7.970 -22.601 0.428571
59060 -28.583 -7.918 -24.167 0.714286
59061 -29.206 -8.415 -23.860 0.714286
59062 -29.918 -8.072 -23.642 0.714286
59068 -26.568 -8.566 -25.187 0.428571
59069 -27.160 -8.014 -24.885 0.714286
59070 -27.910 -8.336 -24.473 0.571429
59085 -25.869 -8.515 -25.708 0.142857
59086 -26.411 -7.785 -25.465 0.428571
59087 -33.190 -8.038 -27.353 0.142857
59776 -30.621 -6.901 -23.203 0.571429
59777 -31.256 -7.451 -22.919 0.428571
59778 -32.011 -7.114 -22.570 0.428571
59785 -28.584 -6.982 -24.054 0.714286
59786 -29.234 -7.535 -23.800 0.857143
59787 -29.968 -7.226 -23.574 0.714286
59794 -27.288 -6.632 -24.876 0.714286
59795 -27.808 -7.369 -24.534 0.857143
59808 -25.881 -7.238 -25.813 0.285714
59809 -26.582 -6.918 -25.384 0.428571
60521 -30.592 -5.903 -23.000 0.571429
60522 -31.295 -6.564 -22.738 0.428571
60533 -28.686 -6.097 -23.921 0.857143
60534 -29.268 -6.654 -23.707 0.857143
60535 -29.974 -6.355 -23.462 0.857143
60539 -27.478 -5.766 -24.715 0.714286
60540 -28.019 -6.382 -24.393 0.857143
60547 -25.442 -6.164 -26.173 0.142857
60548 -26.022 -6.453 -25.722 0.428571
60549 -26.755 -6.063 -25.248 0.571429
61268 -30.510 -4.481 -23.086 0.428571
61269 -31.377 -5.798 -22.622 0.428571
61270 -31.903 -5.160 -22.452 0.285714
61284 -28.465 -4.672 -23.981 0.857143
61285 -29.339 -5.841 -23.636 0.857143
61286 -29.918 -5.510 -23.441 0.857143
61292 -27.658 -4.909 -24.530 0.857143
61298 -25.209 -4.409 -25.957 0.142857
61299 -26.106 -5.503 -25.613 0.571429
62038 -30.758 -3.758 -22.922 0.571429
62039 -31.296 -4.355 -22.719 0.285714
62040 -32.176 -4.248 -22.469 0.142857
62055 -28.571 -3.773 -23.921 1.000000
62056 -29.198 -4.277 -23.654 0.857143
62057 -29.965 -3.896 -23.376 0.571429
62064 -27.128 -4.341 -24.918 0.571429
62065 -26.594 -3.842 -25.201 0.571429
62066 -27.827 -4.046 -24.419 0.857143
62075 -25.473 -3.529 -25.762 0.142857
62076 -25.954 -4.056 -25.563 0.285714
62084 -24.749 -3.712 -26.167 0.142857
62733 -30.319 -3.307 -23.061 0.571429
62734 -30.929 -3.007 -22.665 0.571429
62735 -32.411 -3.531 -22.279 0.142857
62748 -28.833 -2.912 -23.709 0.857143
62749 -29.668 -3.134 -23.325 0.714286
62756 -26.250 -2.788 -25.148 0.285714
62757 -27.182 -3.540 -24.777 0.571429
62758 -27.972 -3.067 -24.400 1.000000
62763 -25.664 -2.858 -25.595 0.142857
62769 -24.245 -3.074 -26.372 0.142857
62770 -25.035 -2.932 -26.037 0.142857
63373 -30.169 -2.699 -22.924 0.571429
63374 -29.486 -2.317 -23.271 0.714286
63375 -30.034 -1.898 -22.735 0.571429
63376 -31.316 -2.249 -22.228 0.142857
63377 -32.144 -2.270 -21.817 0.142857
63388 -28.224 -2.393 -24.003 1.000000
63389 -27.007 -2.735 -24.726 0.857143
63390 -28.751 -1.966 -23.589 1.000000
63397 -26.406 -2.299 -24.848 0.428571
63405 -25.213 -2.405 -25.744 0.285714
63406 -24.500 -2.216 -26.113 0.142857
63407 -24.961 -1.828 -25.598 0.142857
63408 -25.727 -2.209 -25.269 0.285714
63412 -23.030 -1.845 -26.341 0.142857
63985 -29.326 -1.502 -23.026 0.714286
63986 -28.559 -1.167 -23.284 0.857143
63987 -29.946 -1.117 -22.452 0.428571
63988 -30.748 -1.487 -22.178 0.428571
63989 -31.704 -1.474 -21.715 0.142857
63999 -26.986 -1.868 -24.440 0.571429
64000 -26.294 -0.611 -23.944 0.857143
64001 -27.052 -1.080 -23.879 0.714286
64002 -27.798 -0.753 -23.456 0.857143
64011 -26.105 -1.745 -24.709 0.285714
64012 -25.331 -1.479 -25.029 0.285714
64013 -25.750 -1.041 -24.449 0.285714
64019 -23.183 -1.076 -26.031 0.142857
64021 -23.785 -1.590 -26.172 0.142857
64022 -23.806 -0.841 -25.737 0.285714
64023 -24.557 -1.128 -25.358 0.285714
64584 -31.297 -0.539 -21.616 0.285714
64600 -28.528 0.083 -22.476 0.857143
64601 -29.143 -0.629 -22.614 0.857143
64602 -29.934 -0.377 -21.936 0.428571
64603 -30.639 -0.157 -21.650 0.142857
64612 -27.734 -0.075 -22.910 0.857143
64618 -24.937 -0.700 -24.733 0.285714
64619 -24.147 -0.274 -25.150 0.285714
64620 -24.656 0.224 -24.503 0.285714
64621 -25.487 -0.199 -24.191 0.428571
64628 -22.715 0.207 -25.496 0.142857
64629 -23.432 0.049 -25.380 0.285714
65191 -30.278 0.509 -21.527 0.285714
65192 -31.036 1.211 -21.374 0.142857
65207 -28.702 0.951 -21.859 0.714286
65208 -29.605 0.948 -21.524 0.571429
65218 -26.073 0.262 -23.656 0.714286
65219 -25.217 0.730 -23.912 0.285714
65220 -25.911 1.252 -23.410 0.428571
65221 -26.673 1.130 -22.826 0.857143
65222 -27.852 0.632 -22.452 0.857143
65229 -23.760 0.817 -24.837 0.285714
65230 -23.076 1.918 -25.033 0.142857
65231 -24.492 1.081 -24.319 0.285714
65237 -21.965 1.101 -25.440 0.142857
65238 -22.878 1.011 -25.222 0.142857
65821 -30.255 1.445 -21.348 0.285714
65822 -29.421 1.689 -21.437 0.571429
65839 -27.805 1.404 -22.131 0.857143
65840 -27.074 1.672 -22.412 0.857143
65841 -27.575 2.151 -21.927 0.857143
65842 -28.466 1.912 -21.658 0.714286
65847 -24.103 2.524 -24.137 0.285714
65848 -25.514 2.209 -23.302 0.571429
65849 -26.283 1.844 -22.757 0.857143
65858 -21.321 2.733 -24.748 0.142857
65859 -22.147 2.007 -25.302 0.142857
65860 -22.334 2.782 -25.014 0.142857
65861 -23.230 2.633 -24.637 0.142857
66429 -29.240 2.564 -21.488 0.142857
66430 -28.272 2.733 -21.681 0.714286
66431 -29.017 3.487 -21.558 0.142857
66432 -29.844 3.081 -21.230 0.142857
66444 -26.852 2.380 -22.346 0.857143
66445 -25.991 2.612 -22.648 0.857143
66446 -26.672 3.127 -22.273 1.000000
66447 -27.419 2.873 -21.926 0.857143
66452 -20.841 3.024 -23.763 0.285714
66453 -21.070 3.599 -23.651 0.142857
66454 -23.397 3.120 -24.211 0.142857
66455 -24.783 2.678 -23.687 0.285714
66456 -25.251 2.983 -23.181 0.571429
66461 -22.461 3.301 -24.621 0.142857
67109 -28.015 3.371 -21.666 0.571429
67110 -27.302 3.648 -21.814 0.714286
67111 -28.179 4.200 -21.579 0.571429
67112 -29.381 4.545 -21.377 0.142857
67113 -30.046 3.828 -21.327 0.142857
67125 -25.816 3.410 -22.594 0.714286
67126 -24.993 3.721 -23.019 0.571429
67127 -25.671 4.277 -22.540 0.428571
67128 -26.510 3.967 -22.191 1.000000
67134 -23.726 3.520 -23.843 0.142857
67135 -22.557 3.711 -24.190 0.285714
67136 -23.172 4.163 -23.788 0.285714
67137 -24.238 4.015 -23.503 0.285714
67732 -20.978 5.522 -22.840 0.142857
67733 -27.183 4.499 -21.725 0.571429
67734 -26.343 4.825 -22.088 0.714286
67735 -27.034 5.384 -21.633 0.714286
67736 -27.907 5.096 -21.535 0.571429
67737 -29.933 5.340 -21.143 0.142857
67748 -24.701 4.631 -22.822 0.285714
67749 -23.681 4.741 -23.396 0.285714
67750 -24.053 5.463 -23.001 0.285714
67751 -25.518 5.118 -22.364 0.571429
67756 -22.020 4.189 -23.818 0.285714
67757 -22.452 4.715 -23.550 0.142857
68375 -20.665 7.171 -20.377 0.285714
68376 -20.979 6.124 -18.966 0.142857
68388 -20.830 6.729 -21.263 0.142857
68392 -20.874 6.138 -22.156 0.142857
68393 -26.142 5.659 -21.890 0.857143
68394 -25.301 5.904 -22.196 0.571429
68395 -25.846 6.484 -21.735 0.857143
68396 -26.915 6.384 -21.528 0.714286
68397 -27.858 5.962 -21.382 0.428571
68398 -29.482 6.051 -21.255 0.142857
68399 -30.132 5.942 -21.328 0.142857
68400 -30.466 6.193 -21.596 0.142857
68411 -20.995 5.272 -22.232 0.142857
68412 -21.587 5.178 -23.216 0.285714
68413 -22.021 5.869 -22.775 0.285714
68414 -22.874 5.342 -23.163 0.285714
68415 -23.325 6.048 -22.720 0.285714
68416 -24.434 6.173 -22.452 0.285714
69000 -20.825 7.691 -19.482 0.142857
69010 -20.657 7.491 -20.244 0.285714
69017 -20.719 7.114 -20.894 0.285714
69018 -21.334 6.492 -22.251 0.285714
69019 -21.314 7.312 -21.480 0.285714
69020 -25.062 6.525 -22.006 0.714286
69021 -24.485 6.926 -21.979 0.571429
69022 -26.414 7.316 -21.414 0.571429
69023 -27.291 7.165 -21.290 0.428571
69024 -27.935 6.792 -21.276 0.428571
69025 -30.053 7.454 -21.678 0.142857
69026 -30.579 6.787 -21.859 0.142857
69038 -22.556 6.636 -22.460 0.285714
69039 -23.675 6.781 -22.344 0.285714
69634 -21.453 8.226 -19.190 0.142857
69635 -21.879 8.245 -18.220 0.142857
69636 -22.294 8.259 -17.884 0.142857
69641 -20.869 7.988 -19.984 0.285714
69650 -20.888 7.818 -20.692 0.285714
69653 -21.511 8.119 -21.077 0.285714
69654 -23.016 7.342 -22.124 0.285714
69655 -22.352 7.870 -21.620 0.428571
69656 -23.386 7.967 -21.715 0.571429
69657 -25.021 8.084 -21.515 0.714286
69658 -25.794 7.913 -21.363 0.571429
69659 -27.180 7.749 -21.094 0.285714
69660 -28.512 8.509 -21.158 0.285714
69661 -29.163 7.801 -21.363 0.285714
69662 -29.773 8.194 -21.644 0.142857
69663 -30.323 8.206 -21.978 0.142857
70251 -22.234 8.627 -18.933 0.142857
70255 -22.031 8.715 -19.722 0.142857
70261 -21.525 8.410 -20.328 0.142857
70262 -22.694 8.990 -20.376 0.285714
70269 -22.308 8.514 -20.978 0.428571
70270 -23.649 8.717 -21.491 0.714286
70271 -24.540 9.036 -21.481 0.285714
70272 -25.605 8.689 -21.307 0.285714
70273 -27.878 9.218 -20.991 0.285714
70274 -28.779 9.305 -21.347 0.142857
70275 -29.806 8.783 -21.875 0.285714
70276 -29.758 9.575 -22.244 0.142857
70287 -30.429 8.877 -23.447 0.142857
70848 -22.853 9.203 -18.865 0.285714
70849 -23.247 9.949 -19.569 0.285714
70850 -23.656 9.637 -18.748 0.285714
70851 -25.120 9.749 -18.210 0.142857
70855 -22.702 9.227 -19.648 0.285714
70856 -23.167 10.034 -20.345 0.285714
70860 -23.259 9.972 -20.928 0.428571
70866 -23.675 9.669 -21.392 0.428571
70867 -24.442 10.323 -21.459 0.285714
70868 -25.859 10.378 -21.273 0.285714
70869 -27.066 9.849 -20.966 0.285714
70870 -28.106 10.180 -21.384 0.142857
70871 -29.145 9.998 -21.685 0.142857
70872 -29.370 10.487 -22.439 0.142857
70878 -29.887 10.155 -22.984 0.142857
71392 -24.456 11.101 -19.317 0.142857
71397 -23.534 10.845 -20.203 0.142857
71419 -24.028 11.320 -21.320 0.285714
71420 -24.893 11.391 -21.510 0.285714
71421 -25.924 11.372 -21.518 0.285714
71422 -26.978 10.940 -21.442 0.285714
71423 -27.943 11.145 -21.638 0.142857
71424 -28.707 10.827 -21.973 0.142857
71440 -28.995 11.458 -22.675 0.142857
71452 -29.347 11.163 -24.220 0.142857
71930 -23.931 11.548 -20.001 0.142857
71931 -24.064 12.368 -20.484 0.142857
71936 -24.028 11.952 -20.986 0.142857
71937 -24.271 12.962 -20.844 0.142857
71947 -24.385 12.271 -21.311 0.285714
71948 -25.378 12.383 -21.596 0.285714
71949 -26.329 12.840 -21.693 0.142857
71950 -27.351 12.070 -21.679 0.142857
71951 -28.335 11.800 -22.186 0.142857
71962 -28.824 13.503 -23.568 0.142857
72476 -24.278 13.374 -20.275 0.142857
72486 -24.826 13.276 -21.104 0.142857
72488 -27.171 13.183 -21.811 0.142857
72973 -24.656 14.125 -20.504 0.142857
88923 -31.560 -3.621 -22.611 0.285714
88953 -29.348 0.228 -21.994 0.714286
89317 -31.826 -2.943 -22.296 0.142857
89459 -32.488 -11.688 -22.555 0.285714
89637 -27.576 8.410 -20.911 0.285714
89638 -26.567 8.326 -21.043 0.285714
89643 -28.094 7.650 -21.106 0.285714
89644 -28.686 6.438 -21.263 0.285714
89645 -28.652 5.655 -21.341 0.428571
89746 -33.896 -10.029 -21.652 0.142857
90312 -26.980 -0.150 -23.470 1.000000
90399 -30.380 4.651 -21.380 0.142857
90420 -33.417 -11.587 -22.235 0.285714
90770 -30.495 -0.775 -21.940 0.285714
90852 -35.640 -13.667 -25.566 0.142857
90888 -24.324 -1.497 -25.867 0.142857
90937 -33.390 -13.605 -22.390 0.142857
90982 -25.328 7.251 -21.656 0.714286
91408 -29.244 -3.614 -23.588 0.857143
91419 -24.457 10.166 -18.769 0.142857
91431 -27.855 -1.675 -23.832 1.000000
91519 -23.928 1.807 -24.465 0.285714
91769 -26.423 11.896 -21.586 0.142857
91899 -23.106 9.035 -21.067 0.428571
91999 -25.340 9.540 -21.337 0.285714
92097 -32.769 -6.836 -22.150 0.142857
92098 -32.593 -7.655 -22.146 0.285714
92104 -32.898 -9.033 -21.862 0.285714
92105 -34.787 -9.749 -21.586 0.142857
92106 -34.559 -10.539 -21.814 0.142857
92173 -26.100 -3.361 -25.406 0.428571
92198 -23.154 8.484 -17.903 0.142857
92481 -27.160 0.510 -22.897 1.000000
92644 -31.227 -12.527 -22.883 0.428571
92892 -34.348 -11.364 -22.044 0.142857
93031 -22.554 8.521 -18.223 0.142857
93322 -23.896 7.435 -21.928 0.571429
93405 -28.114 -23.389 -20.516 0.142857
93683 -35.786 -15.148 -23.294 0.142857
93706 -27.705 -16.691 -23.309 0.714286
93820 -27.587 -20.654 -21.380 0.428571
93844 -20.921 6.680 -21.599 0.285714
94265 -35.746 -12.281 -22.737 0.142857
94339 -28.352 -0.518 -22.972 0.857143
94582 -32.737 -8.935 -27.296 0.142857
94616 -25.340 -21.634 -21.687 0.142857
94727 -30.606 -10.254 -23.158 0.571429
94784 -30.269 -13.329 -23.211 0.428571
95238 -28.292 -13.635 -23.714 0.571429
95784 -27.676 -14.665 -23.759 0.571429
96261 -35.759 -16.593 -23.217 0.142857
96289 -28.194 -5.515 -24.222 0.857143
96550 -21.482 3.292 -24.412 0.142857
96737 -27.229 -9.522 -24.569 0.571429
96948 -31.424 -16.173 -22.553 0.285714
97079 -29.280 8.643 -21.473 0.285714
97081 -30.044 6.578 -21.503 0.142857
97120 -22.978 8.426 -21.404 0.428571
97910 -23.208 -0.442 -25.714 0.142857
98131 -26.614 -3.246 -25.041 0.428571
98496 -26.457 -4.601 -25.365 0.571429
98742 -31.419 -16.871 -22.495 0.142857
98831 -24.585 -23.557 -21.346 0.142857
98878 -29.763 -12.914 -23.420 0.571429
98888 -23.645 -2.415 -26.398 0.142857
99209 -26.567 0.604 -23.268 1.000000
99228 -24.177 8.121 -21.644 0.571429
99444 -24.571 3.310 -23.556 0.285714
99605 -31.757 -9.577 -22.575 0.428571
99617 -32.145 -14.631 -22.546 0.285714
99791 -21.736 3.621 -24.235 0.285714
99940 -26.519 -22.397 -20.742 0.428571
100435 -35.131 -10.979 -22.201 0.142857
100551 -25.806 -4.764 -25.688 0.285714
100657 -34.469 -17.069 -22.451 0.142857
100717 -29.160 -4.843 -23.699 0.857143
100891 -29.807 -4.750 -23.493 0.857143
100917 -28.863 -5.345 -23.807 1.000000
101020 -24.792 5.428 -22.521 0.285714
101028 -30.969 -5.136 -22.750 0.428571
101071 -26.972 -5.178 -25.117 0.571429
101359 -30.335 -5.130 -23.176 0.428571
101822 -35.195 -10.272 -21.941 0.142857
101934 -33.206 -8.283 -21.751 0.285714
101991 -23.688 10.529 -21.299 0.285714
102030 -27.643 -2.341 -24.325 1.000000
102045 -32.415 -8.470 -22.200 0.428571
102210 -28.082 -21.672 -20.800 0.428571
102317 -25.021 -23.015 -21.492 0.142857
102386 -29.102 12.227 -23.203 0.142857
102415 -29.386 6.926 -21.392 0.142857
102426 -28.683 7.131 -21.266 0.285714
102433 -26.835 -21.642 -20.869 0.285714
102573 -24.168 3.009 -23.842 0.285714
102720 -22.039 7.162 -22.078 0.285714
102742 -25.508 -15.058 -24.519 0.142857
102778 -33.854 -8.788 -26.840 0.142857
102810 -25.785 -13.950 -24.575 0.142857
102944 -26.764 -19.720 -22.221 0.285714
102995 -25.199 -18.601 -23.475 0.142857
103093 -32.694 -15.701 -22.444 0.142857
103376 -28.035 -17.081 -23.168 0.428571
103422 -33.507 -12.905 -22.359 0.142857
103499 -27.093 9.042 -20.806 0.285714
103850 -33.054 -10.238 -21.986 0.285714
104284 -24.131 -15.027 -24.463 0.142857
104295 -20.395 6.128 -18.190 0.142857
104308 -25.119 -21.235 -22.186 0.142857
104412 -27.062 -7.342 -25.038 0.714286
104477 -26.684 -9.176 -24.881 0.571429
104552 -28.444 -11.111 -23.831 0.571429
104803 -25.345 -11.541 -25.373 0.142857
104826 -27.396 -23.827 -20.418 0.142857
104846 -26.283 9.313 -20.997 0.285714
104927 -24.872 1.794 -23.895 0.285714
104974 -29.393 9.265 -21.677 0.285714
105134 -24.582 7.550 -21.707 0.571429
105159 -24.448 9.494 -18.324 0.142857
105537 -23.571 10.981 -20.916 0.285714
106040 -30.628 -2.269 -22.543 0.571429
106135 -29.360 11.112 -23.312 0.142857
106533 -25.515 -14.510 -24.617 0.142857
106548 -30.270 -18.554 -22.397 0.142857
106847 -25.460 -20.599 -22.234 0.142857
107256 -28.900 -9.922 -23.881 0.714286
107348 -32.269 -9.102 -22.276 0.428571
107687 -26.448 -1.291 -24.282 0.571429
107753 -24.819 -13.462 -24.902 0.142857
107941 -28.672 4.963 -21.519 0.285714
108014 -29.418 -5.222 -23.621 0.857143
108110 -33.251 -9.607 -21.793 0.285714
108158 -29.258 5.340 -21.322 0.285714
108298 -24.417 13.522 -19.921 0.142857
108943 -27.276 1.045 -22.496 0.857143
108962 -31.067 -9.735 -22.957 0.571429
