#!ascii label  , from subject OAS1_0001-3 vox2ras=TkReg 
224
47987 -26.069 -23.353 -20.725 0.000000
48767 -27.415 -22.046 -20.670 0.000000
49541 -27.538 -21.277 -20.998 0.000000
50244 -27.124 -20.142 -21.740 0.000000
50245 -27.985 -20.103 -21.688 0.000000
51011 -27.490 -19.539 -22.184 0.000000
51023 -27.777 -18.931 -22.650 0.000000
51024 -28.656 -18.687 -22.349 0.000000
51771 -27.252 -18.470 -23.237 0.000000
51772 -28.110 -18.173 -22.837 0.000000
52527 -26.641 -17.778 -23.494 0.000000
52528 -27.603 -17.544 -23.276 0.000000
52529 -28.379 -17.392 -22.894 0.000000
53319 -28.461 -16.573 -23.027 0.000000
53342 -27.941 -15.875 -23.301 0.000000
53343 -28.725 -15.645 -23.147 0.000000
54135 -27.450 -15.275 -23.671 0.000000
54136 -28.177 -15.105 -23.484 0.000000
54137 -28.915 -14.829 -23.347 0.000000
54879 -27.019 -14.658 -24.025 0.000000
54880 -27.504 -13.966 -23.959 0.000000
54881 -28.259 -14.373 -23.635 0.000000
54882 -29.025 -14.058 -23.509 0.000000
54883 -29.739 -13.694 -23.346 0.000000
54893 -26.584 -13.942 -24.263 0.000000
55593 -27.702 -13.236 -23.929 0.000000
55594 -28.279 -12.838 -23.749 0.000000
55595 -29.045 -13.265 -23.541 0.000000
55596 -30.444 -12.666 -23.205 0.000000
55608 -26.093 -13.143 -24.496 0.000000
55609 -26.981 -13.172 -24.176 0.000000
56291 -27.503 -12.530 -24.054 0.000000
56292 -28.178 -11.904 -23.802 0.000000
56293 -29.053 -12.425 -23.554 0.000000
56294 -29.868 -12.082 -23.444 0.000000
56295 -30.682 -11.860 -23.155 0.000000
56307 -27.361 -11.812 -24.220 0.000000
56976 -31.056 -11.056 -23.068 0.000000
56988 -28.264 -10.353 -24.122 0.000000
56989 -29.098 -11.537 -23.587 0.000000
56990 -29.999 -11.051 -23.379 0.000000
57001 -26.824 -11.280 -24.538 0.000000
57002 -27.728 -11.138 -24.192 0.000000
57639 -31.426 -10.341 -22.797 0.000000
57640 -30.429 -9.396 -23.221 0.000000
57649 -28.471 -9.541 -24.178 0.000000
57650 -29.043 -10.644 -23.680 0.000000
57651 -29.665 -9.908 -23.493 0.000000
57663 -27.221 -10.374 -24.498 0.000000
57664 -27.861 -9.793 -24.367 0.000000
58341 -30.506 -8.571 -23.313 0.000000
58342 -31.123 -9.055 -22.969 0.000000
58343 -31.769 -8.754 -22.626 0.000000
58351 -28.571 -8.784 -24.197 0.000000
58352 -29.085 -9.252 -23.878 0.000000
58353 -29.774 -8.921 -23.518 0.000000
58363 -27.218 -8.776 -24.658 0.000000
58364 -27.909 -9.133 -24.397 0.000000
59051 -30.603 -7.757 -23.343 0.000000
59052 -31.211 -8.276 -23.023 0.000000
59053 -31.870 -7.970 -22.601 0.000000
59060 -28.583 -7.918 -24.167 0.000000
59061 -29.206 -8.415 -23.860 0.000000
59062 -29.918 -8.072 -23.642 0.000000
59068 -26.568 -8.566 -25.187 0.000000
59069 -27.160 -8.014 -24.885 0.000000
59070 -27.910 -8.336 -24.473 0.000000
59086 -26.411 -7.785 -25.465 0.000000
59776 -30.621 -6.901 -23.203 0.000000
59777 -31.256 -7.451 -22.919 0.000000
59778 -32.011 -7.114 -22.570 0.000000
59785 -28.584 -6.982 -24.054 0.000000
59786 -29.234 -7.535 -23.800 0.000000
59787 -29.968 -7.226 -23.574 0.000000
59794 -27.288 -6.632 -24.876 0.000000
59795 -27.808 -7.369 -24.534 0.000000
59809 -26.582 -6.918 -25.384 0.000000
60521 -30.592 -5.903 -23.000 0.000000
60522 -31.295 -6.564 -22.738 0.000000
60533 -28.686 -6.097 -23.921 0.000000
60534 -29.268 -6.654 -23.707 0.000000
60535 -29.974 -6.355 -23.462 0.000000
60539 -27.478 -5.766 -24.715 0.000000
60540 -28.019 -6.382 -24.393 0.000000
60548 -26.022 -6.453 -25.722 0.000000
60549 -26.755 -6.063 -25.248 0.000000
61268 -30.510 -4.481 -23.086 0.000000
61269 -31.377 -5.798 -22.622 0.000000
61284 -28.465 -4.672 -23.981 0.000000
61285 -29.339 -5.841 -23.636 0.000000
61286 -29.918 -5.510 -23.441 0.000000
61292 -27.658 -4.909 -24.530 0.000000
61299 -26.106 -5.503 -25.613 0.000000
62038 -30.758 -3.758 -22.922 0.000000
62055 -28.571 -3.773 -23.921 0.000000
62056 -29.198 -4.277 -23.654 0.000000
62057 -29.965 -3.896 -23.376 0.000000
62064 -27.128 -4.341 -24.918 0.000000
62065 -26.594 -3.842 -25.201 0.000000
62066 -27.827 -4.046 -24.419 0.000000
62733 -30.319 -3.307 -23.061 0.000000
62734 -30.929 -3.007 -22.665 0.000000
62748 -28.833 -2.912 -23.709 0.000000
62749 -29.668 -3.134 -23.325 0.000000
62757 -27.182 -3.540 -24.777 0.000000
62758 -27.972 -3.067 -24.400 0.000000
63373 -30.169 -2.699 -22.924 0.000000
63374 -29.486 -2.317 -23.271 0.000000
63375 -30.034 -1.898 -22.735 0.000000
63388 -28.224 -2.393 -24.003 0.000000
63389 -27.007 -2.735 -24.726 0.000000
63390 -28.751 -1.966 -23.589 0.000000
63397 -26.406 -2.299 -24.848 0.000000
63985 -29.326 -1.502 -23.026 0.000000
63986 -28.559 -1.167 -23.284 0.000000
63987 -29.946 -1.117 -22.452 0.000000
63988 -30.748 -1.487 -22.178 0.000000
63999 -26.986 -1.868 -24.440 0.000000
64000 -26.294 -0.611 -23.944 0.000000
64001 -27.052 -1.080 -23.879 0.000000
64002 -27.798 -0.753 -23.456 0.000000
64600 -28.528 0.083 -22.476 0.000000
64601 -29.143 -0.629 -22.614 0.000000
64602 -29.934 -0.377 -21.936 0.000000
64612 -27.734 -0.075 -22.910 0.000000
64621 -25.487 -0.199 -24.191 0.000000
65207 -28.702 0.951 -21.859 0.000000
65208 -29.605 0.948 -21.524 0.000000
65218 -26.073 0.262 -23.656 0.000000
65220 -25.911 1.252 -23.410 0.000000
65221 -26.673 1.130 -22.826 0.000000
65222 -27.852 0.632 -22.452 0.000000
65822 -29.421 1.689 -21.437 0.000000
65839 -27.805 1.404 -22.131 0.000000
65840 -27.074 1.672 -22.412 0.000000
65841 -27.575 2.151 -21.927 0.000000
65842 -28.466 1.912 -21.658 0.000000
65848 -25.514 2.209 -23.302 0.000000
65849 -26.283 1.844 -22.757 0.000000
66430 -28.272 2.733 -21.681 0.000000
66444 -26.852 2.380 -22.346 0.000000
66445 -25.991 2.612 -22.648 0.000000
66446 -26.672 3.127 -22.273 0.000000
66447 -27.419 2.873 -21.926 0.000000
66456 -25.251 2.983 -23.181 0.000000
67109 -28.015 3.371 -21.666 0.000000
67110 -27.302 3.648 -21.814 0.000000
67111 -28.179 4.200 -21.579 0.000000
67125 -25.816 3.410 -22.594 0.000000
67126 -24.993 3.721 -23.019 0.000000
67127 -25.671 4.277 -22.540 0.000000
67128 -26.510 3.967 -22.191 0.000000
67733 -27.183 4.499 -21.725 0.000000
67734 -26.343 4.825 -22.088 0.000000
67735 -27.034 5.384 -21.633 0.000000
67736 -27.907 5.096 -21.535 0.000000
67751 -25.518 5.118 -22.364 0.000000
68393 -26.142 5.659 -21.890 0.000000
68394 -25.301 5.904 -22.196 0.000000
68395 -25.846 6.484 -21.735 0.000000
68396 -26.915 6.384 -21.528 0.000000
68397 -27.858 5.962 -21.382 0.000000
69020 -25.062 6.525 -22.006 0.000000
69021 -24.485 6.926 -21.979 0.000000
69022 -26.414 7.316 -21.414 0.000000
69023 -27.291 7.165 -21.290 0.000000
69024 -27.935 6.792 -21.276 0.000000
69655 -22.352 7.870 -21.620 0.000000
69656 -23.386 7.967 -21.715 0.000000
69657 -25.021 8.084 -21.515 0.000000
69658 -25.794 7.913 -21.363 0.000000
70269 -22.308 8.514 -20.978 0.000000
70270 -23.649 8.717 -21.491 0.000000
70860 -23.259 9.972 -20.928 0.000000
70866 -23.675 9.669 -21.392 0.000000
88953 -29.348 0.228 -21.994 0.000000
89645 -28.652 5.655 -21.341 0.000000
90312 -26.980 -0.150 -23.470 0.000000
90982 -25.328 7.251 -21.656 0.000000
91408 -29.244 -3.614 -23.588 0.000000
91431 -27.855 -1.675 -23.832 0.000000
91899 -23.106 9.035 -21.067 0.000000
92173 -26.100 -3.361 -25.406 0.000000
92481 -27.160 0.510 -22.897 0.000000
92644 -31.227 -12.527 -22.883 0.000000
93322 -23.896 7.435 -21.928 0.000000
93706 -27.705 -16.691 -23.309 0.000000
93820 -27.587 -20.654 -21.380 0.000000
94339 -28.352 -0.518 -22.972 0.000000
94727 -30.606 -10.254 -23.158 0.000000
94784 -30.269 -13.329 -23.211 0.000000
95238 -28.292 -13.635 -23.714 0.000000
95784 -27.676 -14.665 -23.759 0.000000
96289 -28.194 -5.515 -24.222 0.000000
96737 -27.229 -9.522 -24.569 0.000000
97120 -22.978 8.426 -21.404 0.000000
98131 -26.614 -3.246 -25.041 0.000000
98496 -26.457 -4.601 -25.365 0.000000
98878 -29.763 -12.914 -23.420 0.000000
99209 -26.567 0.604 -23.268 0.000000
99228 -24.177 8.121 -21.644 0.000000
99605 -31.757 -9.577 -22.575 0.000000
99940 -26.519 -22.397 -20.742 0.000000
100717 -29.160 -4.843 -23.699 0.000000
100891 -29.807 -4.750 -23.493 0.000000
100917 -28.863 -5.345 -23.807 0.000000
101028 -30.969 -5.136 -22.750 0.000000
101071 -26.972 -5.178 -25.117 0.000000
101359 -30.335 -5.130 -23.176 0.000000
102030 -27.643 -2.341 -24.325 0.000000
102045 -32.415 -8.470 -22.200 0.000000
102210 -28.082 -21.672 -20.800 0.000000
103376 -28.035 -17.081 -23.168 0.000000
104412 -27.062 -7.342 -25.038 0.000000
104477 -26.684 -9.176 -24.881 0.000000
104552 -28.444 -11.111 -23.831 0.000000
105134 -24.582 7.550 -21.707 0.000000
106040 -30.628 -2.269 -22.543 0.000000
107256 -28.900 -9.922 -23.881 0.000000
107348 -32.269 -9.102 -22.276 0.000000
107687 -26.448 -1.291 -24.282 0.000000
108014 -29.418 -5.222 -23.621 0.000000
108943 -27.276 1.045 -22.496 0.000000
108962 -31.067 -9.735 -22.957 0.000000
