#!ascii label  , from subject OAS1_0001-3 vox2ras=TkReg 
2316
22582 2.726 -51.187 52.800 0.125000
22604 2.100 -50.855 50.330 0.125000
23419 4.238 -50.084 54.226 0.125000
23421 2.349 -50.406 53.018 0.125000
23433 2.181 -49.919 52.214 0.250000
23445 1.910 -50.346 51.178 0.125000
23450 2.389 -50.261 49.792 0.125000
23463 2.696 -49.941 48.012 0.125000
24295 4.273 -49.512 53.833 0.125000
24296 3.413 -49.997 53.990 0.125000
24297 2.575 -49.246 53.741 0.250000
24298 2.063 -49.452 53.115 0.125000
24309 1.976 -49.160 52.178 0.250000
24318 2.291 -49.549 50.678 0.125000
24322 2.828 -48.948 49.992 0.125000
24324 2.603 -49.162 48.434 0.125000
24328 2.381 -49.148 47.591 0.125000
24338 2.155 -49.163 46.901 0.125000
24347 2.477 -48.939 46.292 0.125000
24352 3.148 -48.927 46.075 0.125000
25118 2.585 -48.480 54.035 0.375000
25119 2.559 -47.819 54.405 0.375000
25120 1.965 -47.936 54.048 0.250000
25130 5.109 -49.102 53.249 0.125000
25131 3.310 -49.065 53.924 0.125000
25132 1.707 -47.859 53.298 0.375000
25138 6.217 -48.117 52.537 0.125000
25139 1.823 -48.344 51.663 0.250000
25146 2.489 -48.519 50.739 0.125000
25149 2.647 -48.097 49.987 0.125000
25157 1.823 -48.458 46.498 0.125000
25158 1.568 -47.857 46.864 0.125000
25168 1.974 -48.279 45.715 0.125000
25169 1.520 -47.702 46.043 0.125000
25179 2.689 -48.405 45.534 0.125000
25180 2.333 -47.864 45.062 0.125000
25181 1.823 -47.724 45.302 0.125000
25857 3.457 -48.270 54.087 0.125000
25858 4.059 -47.570 54.025 0.250000
25859 3.213 -47.652 54.561 0.250000
25860 2.553 -47.233 54.921 0.500000
25861 1.940 -47.330 54.528 0.250000
25865 5.534 -48.329 52.792 0.125000
25866 5.013 -47.254 53.114 0.125000
25867 1.609 -47.329 53.930 0.250000
25868 1.359 -46.681 53.758 0.125000
25875 6.444 -47.289 52.121 0.125000
25876 5.783 -47.362 52.392 0.125000
25877 1.385 -47.708 52.314 0.125000
25878 1.110 -46.870 52.317 0.125000
25888 1.370 -47.174 51.556 0.125000
25899 2.152 -47.325 49.721 0.125000
25911 1.962 -47.378 48.665 0.125000
25912 1.449 -46.596 49.324 0.125000
25924 1.892 -48.383 47.340 0.125000
25925 1.711 -47.354 47.666 0.125000
25932 1.515 -47.036 46.822 0.125000
25947 1.469 -46.826 45.976 0.125000
25969 1.942 -47.263 44.703 0.125000
25970 1.581 -47.309 45.353 0.125000
25985 2.651 -47.434 44.506 0.125000
25987 2.550 -46.790 44.102 0.125000
25988 1.940 -46.342 44.389 0.125000
26679 2.682 -46.517 55.296 0.500000
26680 2.828 -45.841 55.646 0.500000
26681 2.131 -45.940 55.491 0.625000
26684 4.410 -46.629 54.093 0.375000
26685 3.485 -47.031 54.830 0.375000
26686 1.826 -46.611 55.013 0.500000
26691 5.496 -46.481 52.415 0.125000
26692 5.068 -46.125 53.256 0.125000
26693 1.146 -46.029 53.546 0.250000
26700 6.026 -46.660 51.868 0.125000
26701 5.811 -45.971 51.836 0.125000
26702 1.078 -45.966 52.429 0.125000
26704 6.952 -45.884 51.113 0.125000
26705 6.319 -46.165 51.545 0.125000
26706 1.517 -46.657 50.833 0.125000
26707 1.149 -46.383 51.538 0.125000
26710 1.742 -46.840 50.172 0.125000
26711 1.245 -46.208 50.146 0.125000
26713 0.939 -45.996 48.697 0.125000
26715 1.451 -46.434 47.508 0.125000
26718 1.552 -46.163 46.704 0.125000
26721 1.610 -45.959 45.894 0.125000
26727 1.696 -45.695 45.056 0.125000
26741 2.506 -45.930 43.725 0.125000
27318 3.770 -46.090 55.047 0.625000
27319 4.357 -45.378 54.956 0.625000
27320 3.549 -45.127 55.566 0.625000
27321 2.510 -45.115 55.781 0.500000
27322 1.889 -45.325 55.409 0.500000
27323 1.529 -45.037 55.018 0.375000
27327 4.728 -45.768 54.214 0.375000
27328 5.256 -45.231 53.462 0.500000
27329 4.988 -45.013 54.434 0.750000
27330 1.341 -45.404 54.246 0.375000
27335 5.500 -45.586 52.552 0.125000
27336 1.279 -44.569 53.686 0.250000
27340 5.865 -45.277 52.010 0.125000
27341 1.053 -44.988 52.026 0.250000
27347 6.801 -45.014 51.081 0.125000
27348 6.291 -45.527 51.508 0.125000
27349 0.657 -44.803 51.057 0.250000
27353 0.734 -45.399 50.337 0.250000
27355 0.643 -45.330 48.849 0.125000
27357 0.823 -45.316 48.166 0.125000
27359 1.262 -44.739 46.886 0.125000
27363 2.004 -44.677 45.068 0.125000
27369 2.530 -44.963 43.438 0.125000
27370 2.123 -45.366 44.264 0.125000
27380 2.871 -44.953 42.528 0.125000
27393 3.224 -45.030 41.980 0.125000
27394 2.900 -44.636 41.672 0.125000
27923 2.469 -44.355 56.002 0.625000
27924 3.114 -44.395 56.041 0.625000
27925 2.804 -43.744 56.184 0.625000
27926 2.108 -43.886 56.048 0.625000
27931 4.558 -44.711 55.247 0.750000
27932 5.227 -44.392 54.756 0.750000
27933 3.948 -44.238 55.773 0.750000
27934 1.859 -44.537 55.590 0.500000
27935 1.407 -44.140 54.895 0.250000
27939 5.452 -44.423 53.838 0.500000
27940 1.264 -44.128 54.165 0.250000
27944 5.838 -44.596 52.719 0.250000
27945 6.621 -43.305 52.546 0.875000
27946 5.947 -43.792 53.441 0.750000
27947 1.068 -43.763 53.457 0.250000
27951 6.293 -44.778 51.776 0.250000
27956 6.736 -44.192 51.379 0.250000
27957 0.671 -44.238 51.597 0.250000
27963 7.568 -43.733 49.760 0.125000
27964 7.167 -44.212 50.562 0.125000
27965 0.273 -44.285 50.207 0.250000
27971 0.213 -43.855 49.161 0.250000
27974 0.759 -43.815 48.078 0.125000
27977 1.237 -43.954 46.889 0.125000
27980 1.604 -44.405 46.101 0.125000
27981 2.464 -44.078 44.709 0.125000
27982 2.077 -43.918 45.620 0.125000
27983 2.546 -44.226 43.488 0.125000
27992 2.683 -44.271 42.418 0.125000
28003 2.620 -44.082 41.592 0.125000
28017 2.960 -44.497 41.044 0.125000
28018 2.557 -43.939 40.890 0.125000
28633 4.194 -43.525 55.794 0.625000
28634 4.791 -42.994 55.681 0.625000
28635 4.192 -42.777 55.916 0.625000
28636 3.486 -43.642 55.932 0.625000
28637 3.404 -42.960 56.018 0.625000
28638 2.851 -42.923 56.228 0.625000
28639 2.279 -43.180 56.119 0.625000
28640 1.822 -43.334 55.834 0.625000
28647 5.289 -43.115 55.122 0.750000
28648 1.528 -43.066 55.449 0.500000
28654 5.600 -43.624 54.450 0.875000
28655 6.129 -42.994 53.786 1.000000
28656 5.763 -42.631 54.597 1.000000
28657 1.331 -43.246 54.917 0.250000
28662 0.812 -42.969 53.440 0.125000
28668 6.885 -43.486 51.846 0.375000
28674 6.935 -43.591 51.100 0.500000
28675 7.125 -43.100 50.434 0.375000
28676 7.055 -42.878 51.430 0.500000
28677 0.467 -42.456 50.872 0.125000
28685 7.396 -42.971 49.611 0.125000
28686 0.495 -42.699 50.235 0.125000
28696 0.731 -42.883 48.921 0.125000
28706 1.228 -43.096 48.221 0.125000
28714 1.425 -43.346 46.943 0.125000
28721 1.678 -43.608 46.353 0.125000
28722 2.252 -43.599 45.928 0.125000
28723 2.021 -43.076 46.674 0.125000
28737 2.758 -43.646 45.065 0.125000
28752 2.861 -43.611 42.967 0.125000
28761 2.655 -43.685 42.106 0.125000
28767 2.505 -43.425 41.536 0.125000
28771 2.371 -43.131 40.968 0.125000
28781 2.807 -43.603 40.380 0.125000
28782 2.549 -42.890 40.445 0.125000
29411 4.677 -41.904 56.269 0.625000
29412 4.309 -41.298 56.452 0.500000
29413 3.934 -42.120 56.171 0.625000
29414 3.656 -41.406 56.545 0.500000
29415 3.177 -42.131 56.433 0.500000
29416 2.548 -41.481 56.691 0.500000
29425 5.045 -42.240 56.121 0.625000
29426 2.351 -42.343 56.322 0.500000
29427 1.696 -41.591 56.167 0.375000
29431 5.411 -42.395 55.395 0.750000
29432 6.008 -41.792 54.956 1.000000
29433 5.619 -41.451 55.700 0.625000
29434 1.257 -41.854 55.539 0.375000
29439 6.203 -41.920 53.962 1.000000
29445 6.559 -42.516 53.077 1.000000
29446 0.788 -42.042 53.484 0.375000
29452 6.994 -42.725 52.256 0.500000
29453 7.230 -42.003 51.832 0.500000
29454 7.024 -41.859 52.639 0.875000
29455 0.649 -41.587 52.419 0.250000
29461 7.193 -42.130 50.893 0.625000
29462 0.779 -41.627 50.733 0.125000
29468 7.354 -42.279 49.992 0.500000
29469 0.918 -42.039 50.133 0.125000
29478 7.637 -42.415 49.214 0.375000
29479 1.338 -42.273 49.077 0.125000
29503 1.932 -42.536 48.209 0.125000
29524 1.665 -42.978 47.519 0.125000
29525 2.817 -42.570 46.757 0.125000
29526 2.335 -42.531 47.494 0.125000
29560 3.071 -43.217 43.995 0.125000
29561 3.759 -42.523 44.090 0.125000
29562 3.277 -42.945 45.029 0.125000
29574 3.532 -42.773 42.892 0.125000
29599 3.096 -42.229 42.006 0.125000
29600 2.526 -42.626 41.513 0.125000
29609 2.261 -42.337 40.920 0.125000
29613 2.361 -42.073 40.344 0.125000
30220 4.668 -40.380 56.658 0.500000
30221 5.734 -39.626 56.580 0.500000
30222 5.278 -39.427 56.912 0.500000
30223 3.989 -40.584 56.715 0.500000
30224 3.698 -39.923 57.028 0.500000
30225 3.403 -40.731 56.869 0.500000
30226 3.221 -40.174 57.112 0.500000
30227 2.835 -40.781 57.031 0.500000
30229 5.402 -40.512 56.330 0.500000
30230 6.014 -39.961 56.187 0.625000
30231 2.431 -40.526 56.943 0.500000
30232 2.037 -40.978 56.681 0.500000
30236 6.211 -40.417 55.688 0.625000
30237 1.589 -40.815 56.172 0.375000
30243 6.377 -41.063 54.546 1.000000
30244 6.697 -40.380 55.022 0.750000
30245 1.231 -40.993 55.535 0.375000
30250 6.606 -40.997 53.770 1.000000
30251 6.874 -40.231 54.394 0.875000
30252 0.827 -41.340 54.089 0.375000
30257 6.648 -41.663 53.273 1.000000
30258 7.004 -41.009 53.039 1.000000
30259 0.749 -41.067 53.164 0.250000
30264 7.329 -41.128 52.240 0.750000
30265 0.742 -40.731 52.204 0.125000
30269 7.579 -41.493 50.434 0.625000
30270 1.179 -40.908 50.655 0.125000
30275 7.744 -41.675 49.588 0.625000
30276 8.298 -41.052 49.238 0.625000
30277 8.025 -41.072 50.032 0.500000
30278 1.510 -41.376 50.063 0.125000
30299 7.970 -41.859 48.765 0.250000
30300 2.121 -42.013 48.957 0.125000
30301 2.870 -40.466 48.996 0.125000
30302 2.312 -41.197 49.531 0.125000
30309 8.502 -41.407 48.317 0.375000
30310 3.325 -41.226 48.348 0.125000
30311 3.935 -40.503 48.055 0.125000
30312 2.603 -41.944 48.259 0.125000
30321 3.065 -41.925 47.546 0.125000
30322 3.749 -41.354 47.533 0.125000
30331 4.009 -41.775 46.108 0.125000
30332 4.527 -41.001 46.342 0.125000
30333 3.384 -42.504 46.010 0.125000
30343 4.621 -41.457 45.361 0.125000
30344 5.196 -40.943 44.803 0.125000
30345 4.996 -40.756 45.558 0.125000
30346 4.026 -42.242 45.163 0.125000
30355 4.545 -41.694 44.248 0.125000
30363 4.650 -41.489 42.998 0.125000
30364 3.879 -41.881 42.441 0.125000
30376 3.222 -41.353 41.872 0.125000
30377 2.590 -41.803 41.429 0.125000
30394 2.381 -41.575 40.808 0.125000
31015 6.444 -39.216 56.700 0.500000
31016 5.061 -39.009 57.474 0.375000
31017 4.213 -39.262 57.526 0.375000
31018 3.498 -39.499 57.421 0.250000
31019 2.940 -39.927 57.251 0.500000
31020 6.921 -39.656 56.197 0.625000
31021 7.608 -39.192 56.364 0.375000
31022 7.147 -38.886 56.751 0.500000
31023 2.323 -39.702 56.866 0.375000
31024 1.865 -40.275 56.487 0.375000
31026 7.746 -39.487 55.824 0.500000
31027 8.461 -39.294 55.306 0.500000
31028 8.271 -39.017 56.235 0.375000
31029 6.909 -39.974 55.532 0.625000
31030 1.371 -40.134 55.910 0.375000
31033 8.374 -39.327 54.838 0.750000
31034 9.213 -39.338 54.996 0.500000
31035 9.231 -39.150 55.543 0.375000
31036 7.462 -39.632 55.062 0.750000
31037 1.131 -40.004 55.102 0.375000
31039 8.148 -39.636 53.473 0.750000
31040 8.980 -39.188 54.178 0.750000
31041 7.625 -39.591 54.292 0.750000
31042 0.823 -39.791 54.284 0.375000
31046 8.457 -39.951 52.505 0.875000
31047 9.223 -39.453 53.091 0.750000
31048 7.620 -40.349 52.772 0.875000
31049 0.674 -40.188 52.915 0.250000
31055 8.714 -39.973 51.554 0.875000
31056 9.248 -39.592 52.311 0.875000
31057 7.902 -40.528 51.871 0.875000
31058 0.966 -40.433 51.280 0.125000
31065 8.735 -40.054 50.693 0.875000
31066 9.351 -39.567 50.990 1.000000
31067 8.084 -40.667 50.843 0.875000
31068 1.438 -40.225 50.584 0.125000
31076 8.484 -40.472 50.035 0.875000
31077 9.248 -39.844 50.049 0.750000
31078 1.874 -40.603 50.098 0.125000
31079 2.413 -40.108 49.646 0.125000
31080 1.778 -39.674 50.067 0.125000
31097 8.876 -40.636 48.638 0.500000
31098 9.392 -40.012 49.095 0.750000
31106 9.051 -40.969 47.841 0.250000
31107 9.465 -40.131 48.056 0.500000
31108 3.463 -40.236 48.577 0.125000
31116 9.531 -40.646 47.284 0.250000
31117 10.073 -40.448 46.694 0.125000
31118 9.955 -40.038 47.362 0.500000
31119 4.232 -40.730 47.252 0.125000
31120 4.617 -40.118 46.799 0.125000
31121 4.218 -39.776 47.597 0.125000
31129 4.960 -40.318 46.045 0.125000
31130 5.454 -40.161 45.408 0.125000
31136 5.563 -40.220 44.452 0.125000
31144 5.111 -40.877 43.769 0.125000
31146 5.510 -40.049 43.414 0.125000
31147 3.989 -40.861 42.293 0.125000
31148 4.841 -40.597 42.783 0.125000
31152 2.851 -41.057 41.254 0.125000
31733 6.996 -38.054 57.604 0.375000
31734 7.636 -37.901 57.543 0.375000
31735 7.242 -37.586 57.828 0.375000
31736 6.392 -38.271 57.622 0.250000
31737 6.384 -37.776 58.019 0.250000
31738 5.741 -38.288 57.841 0.250000
31739 5.360 -37.930 58.090 0.250000
31740 4.851 -38.599 57.876 0.250000
31741 4.654 -38.177 58.100 0.250000
31742 8.531 -38.266 56.994 0.375000
31743 9.244 -38.234 56.932 0.375000
31744 8.531 -37.890 57.340 0.375000
31745 7.371 -38.360 57.281 0.375000
31746 6.730 -38.570 57.238 0.375000
31747 3.918 -38.785 58.000 0.250000
31748 3.253 -39.093 57.641 0.250000
31749 9.628 -38.614 56.661 0.375000
31750 10.366 -38.675 56.659 0.375000
31751 10.002 -38.277 56.956 0.375000
31752 8.813 -38.557 56.611 0.375000
31753 7.945 -38.608 56.770 0.375000
31754 2.957 -38.502 57.418 0.250000
31755 2.303 -38.692 56.805 0.250000
31756 10.781 -39.009 55.989 0.375000
31757 11.679 -38.740 55.859 0.375000
31758 11.141 -38.590 56.540 0.375000
31759 9.891 -39.002 56.102 0.375000
31760 9.063 -38.861 56.154 0.375000
31761 1.133 -38.678 55.952 0.250000
31762 10.528 -39.001 54.374 0.375000
31763 11.144 -39.008 55.207 0.375000
31764 10.068 -39.190 55.271 0.375000
31765 1.060 -39.102 54.723 0.375000
31766 10.525 -39.015 53.437 0.750000
31767 11.506 -38.746 54.495 0.375000
31768 9.831 -39.134 53.769 0.750000
31769 0.487 -38.986 54.051 0.250000
31770 0.607 -38.342 54.446 0.250000
31771 10.515 -39.001 52.751 0.750000
31772 11.101 -38.649 53.169 0.625000
31773 9.981 -39.316 52.994 0.750000
31774 0.574 -39.580 53.546 0.125000
31775 0.398 -38.770 53.356 0.125000
31776 10.368 -38.776 52.104 0.875000
31777 10.887 -38.442 52.468 0.750000
31778 9.884 -39.242 52.311 0.875000
31779 0.559 -39.354 52.721 0.125000
31780 0.424 -38.545 52.533 0.125000
31783 10.706 -38.476 51.476 0.875000
31784 10.061 -39.120 51.425 0.875000
31785 1.119 -39.565 50.973 0.125000
31786 0.860 -38.671 51.085 0.125000
31792 9.903 -39.413 49.664 0.875000
31793 10.391 -38.868 50.146 1.000000
31794 1.239 -38.897 50.198 0.125000
31813 9.950 -39.504 48.737 0.625000
31814 10.449 -38.951 49.277 0.875000
31815 2.401 -39.302 49.108 0.125000
31816 2.168 -38.308 48.888 0.125000
31834 10.809 -38.880 47.762 0.750000
31835 11.033 -38.391 48.710 0.750000
31836 10.137 -39.477 47.849 0.500000
31837 3.659 -39.471 48.237 0.125000
31838 2.983 -38.490 48.130 0.125000
31851 10.548 -39.577 46.858 0.375000
31852 11.218 -38.750 46.929 0.375000
31853 4.384 -39.145 46.936 0.125000
31854 3.719 -38.802 47.625 0.125000
31863 10.777 -39.718 45.946 0.125000
31864 5.057 -39.654 46.212 0.125000
32515 6.338 -37.393 58.337 0.250000
32516 6.881 -37.388 58.121 0.250000
32517 6.716 -37.067 58.367 0.250000
32518 9.750 -37.170 57.479 0.250000
32519 10.080 -36.734 57.693 0.250000
32520 9.263 -36.906 57.826 0.125000
32521 8.917 -37.352 57.646 0.375000
32522 8.507 -37.256 57.868 0.250000
32523 8.025 -37.462 57.763 0.375000
32524 7.646 -37.167 58.099 0.375000
32525 5.748 -37.327 58.387 0.250000
32526 4.946 -37.579 58.157 0.250000
32527 4.060 -38.017 58.239 0.250000
32528 11.597 -37.996 56.825 0.375000
32529 11.794 -37.213 57.087 0.375000
32530 11.365 -36.722 57.571 0.250000
32531 10.352 -37.551 57.259 0.250000
32532 10.833 -36.811 57.606 0.250000
32533 9.485 -37.797 57.224 0.375000
32534 3.666 -37.649 57.924 0.250000
32535 3.187 -37.915 57.551 0.250000
32536 2.775 -38.080 57.073 0.250000
32537 12.410 -37.506 56.541 0.375000
32538 12.468 -36.682 56.954 0.250000
32539 10.717 -38.143 57.006 0.375000
32540 2.209 -37.891 56.599 0.125000
32541 12.474 -38.364 55.468 0.375000
32542 12.975 -37.315 56.032 0.375000
32543 1.219 -38.078 55.823 0.125000
32544 1.471 -37.533 56.053 0.125000
32545 0.922 -37.605 55.470 0.125000
32546 13.037 -37.925 54.940 0.375000
32547 11.923 -38.787 55.117 0.375000
32548 1.064 -38.393 55.215 0.250000
32549 0.653 -37.788 54.807 0.125000
32550 12.346 -38.337 54.498 0.375000
32551 0.228 -37.475 54.115 0.125000
32552 11.712 -38.139 52.930 0.500000
32553 12.406 -37.974 53.608 0.375000
32554 11.283 -37.879 51.976 0.750000
32555 12.072 -37.522 52.278 0.500000
32557 11.448 -38.045 50.265 1.000000
32558 11.969 -37.590 51.401 0.750000
32559 10.868 -38.465 50.612 1.000000
32560 0.530 -37.954 51.265 0.125000
32561 11.553 -37.877 49.404 1.000000
32562 11.988 -37.441 50.023 1.000000
32563 10.960 -38.445 49.755 1.000000
32565 0.862 -38.165 50.406 0.125000
32570 11.790 -37.669 48.484 0.875000
32571 12.172 -37.212 49.134 1.000000
32586 11.442 -38.137 47.704 0.750000
32600 11.448 -38.603 46.041 0.125000
32601 12.141 -37.348 47.555 0.750000
32615 12.100 -37.855 45.864 0.375000
32644 12.788 -37.680 44.602 0.125000
32657 16.890 -39.402 42.167 0.125000
32670 18.712 -38.797 42.026 0.125000
32671 17.808 -39.043 42.040 0.125000
32672 18.651 -38.406 41.112 0.125000
32673 16.798 -38.754 41.423 0.125000
32674 16.028 -38.865 41.639 0.125000
32675 15.220 -37.921 41.479 0.125000
32688 17.622 -38.612 41.155 0.125000
32689 16.600 -37.991 40.654 0.125000
32690 15.940 -38.259 41.068 0.250000
33307 9.794 -36.401 58.159 0.125000
33308 10.325 -36.266 58.258 0.125000
33309 9.799 -36.157 58.419 0.125000
33310 9.056 -36.410 58.269 0.125000
33311 8.608 -36.320 58.404 0.125000
33312 8.168 -36.686 58.291 0.125000
33313 7.851 -36.499 58.418 0.125000
33314 7.464 -37.205 58.205 0.250000
33315 7.124 -36.665 58.431 0.250000
33316 6.095 -36.814 58.536 0.250000
33317 5.777 -36.793 58.519 0.250000
33318 12.203 -36.102 57.605 0.125000
33319 12.768 -35.898 57.587 0.125000
33320 11.963 -36.047 57.966 0.125000
33321 11.675 -36.370 57.673 0.125000
33322 11.330 -36.159 58.179 0.125000
33323 11.148 -36.593 57.731 0.125000
33324 10.886 -36.204 58.282 0.125000
33325 5.208 -37.049 58.331 0.250000
33326 4.433 -37.331 58.101 0.250000
33327 12.831 -36.160 57.286 0.125000
33328 13.724 -36.017 57.351 0.125000
33329 13.518 -35.919 57.441 0.125000
33330 11.907 -36.615 57.267 0.125000
33331 4.148 -37.096 57.749 0.250000
33332 3.680 -37.492 57.465 0.125000
33333 3.119 -37.833 56.931 0.250000
33334 13.924 -36.224 56.764 0.125000
33335 14.869 -35.985 56.544 0.250000
33336 14.402 -35.990 57.111 0.250000
33337 13.040 -36.704 56.561 0.125000
33338 2.355 -37.427 56.382 0.125000
33339 14.953 -36.025 55.879 0.250000
33340 15.381 -35.634 55.423 0.250000
33341 15.462 -35.737 56.105 0.250000
33342 14.297 -36.437 55.560 0.250000
33343 13.461 -37.106 55.582 0.375000
33344 1.575 -36.893 55.994 0.125000
33345 0.967 -36.938 55.587 0.125000
33346 14.936 -35.945 55.172 0.250000
33347 14.442 -36.367 54.880 0.250000
33348 13.813 -36.894 55.092 0.500000
33349 0.623 -37.133 54.871 0.125000
33350 14.958 -35.791 54.526 0.250000
33351 14.439 -36.270 54.320 0.500000
33352 15.021 -35.676 53.989 0.250000
33353 13.761 -36.912 54.056 0.500000
33354 13.009 -37.641 54.207 0.375000
33355 14.358 -36.193 53.734 0.500000
33356 13.740 -36.528 53.370 0.500000
33357 14.205 -36.041 52.840 0.500000
33358 12.990 -37.169 53.394 0.375000
33360 13.377 -36.618 52.675 0.500000
33361 12.605 -37.137 51.714 0.500000
33363 12.498 -37.124 50.789 0.875000
33364 13.201 -36.675 51.345 0.625000
33366 12.560 -36.674 49.805 0.875000
33367 13.177 -36.315 50.499 0.750000
33369 12.770 -36.462 48.798 1.000000
33370 13.224 -35.960 49.571 0.875000
33377 12.716 -36.580 47.866 1.000000
33378 13.489 -35.813 48.728 0.875000
33388 12.719 -36.692 46.965 0.750000
33389 13.240 -36.026 47.370 1.000000
33403 12.622 -37.499 45.340 0.250000
33404 13.349 -36.154 46.347 0.875000
33420 13.700 -36.252 44.471 0.500000
33421 13.768 -35.826 45.539 0.875000
33445 14.032 -36.229 43.454 0.625000
33464 14.119 -37.130 42.624 0.125000
33465 14.629 -36.955 42.063 0.250000
33466 14.465 -36.252 42.787 0.625000
33484 15.117 -36.791 41.688 0.500000
33498 19.147 -37.901 40.491 0.125000
33499 17.691 -38.052 40.510 0.125000
33500 16.997 -37.312 40.153 0.250000
33501 16.225 -36.804 40.621 0.250000
33502 15.661 -37.209 41.054 0.250000
33515 18.780 -37.423 39.648 0.250000
33516 17.870 -37.515 39.922 0.250000
33517 17.351 -36.696 39.759 0.375000
33527 18.359 -36.716 39.141 0.500000
33528 17.979 -37.020 39.456 0.250000
34140 11.428 -36.018 58.305 0.125000
34141 11.200 -35.743 58.535 0.125000
34142 10.889 -36.092 58.456 0.125000
34143 10.692 -35.792 58.605 0.125000
34144 9.962 -35.886 58.594 0.125000
34145 9.064 -35.853 58.614 0.125000
34146 8.095 -35.901 58.673 0.125000
34147 7.466 -36.223 58.531 0.125000
34148 6.800 -36.332 58.551 0.250000
34149 6.213 -36.445 58.589 0.250000
34150 14.372 -35.667 57.505 0.125000
34151 14.134 -35.476 57.718 0.125000
34152 13.342 -35.768 57.567 0.125000
34153 11.874 -35.817 58.184 0.125000
34154 5.678 -36.308 58.554 0.250000
34155 5.038 -36.235 58.297 0.125000
34157 15.236 -35.394 57.450 0.250000
34158 15.873 -35.013 57.212 0.250000
34159 4.146 -36.870 57.468 0.250000
34160 3.754 -37.322 57.058 0.250000
34161 4.128 -36.714 57.070 0.125000
34162 16.803 -34.921 56.046 0.250000
34163 17.418 -34.541 56.075 0.250000
34164 16.377 -34.959 56.494 0.250000
34165 15.734 -35.448 56.801 0.250000
34166 15.053 -35.792 57.001 0.250000
34168 2.554 -36.929 56.206 0.125000
34169 17.842 -34.561 55.468 0.250000
34170 19.104 -34.408 55.407 0.250000
34171 18.422 -34.309 55.854 0.250000
34172 16.677 -34.940 55.430 0.250000
34173 15.889 -35.398 55.680 0.250000
34175 1.279 -36.574 55.418 0.125000
34176 20.022 -34.635 54.541 0.125000
34177 20.257 -34.452 54.604 0.125000
34178 19.982 -34.629 54.847 0.125000
34179 19.864 -34.648 54.670 0.250000
34180 19.784 -34.593 55.055 0.250000
34181 18.188 -34.538 54.415 0.250000
34182 17.007 -34.811 54.630 0.250000
34183 15.979 -35.122 54.990 0.250000
34185 20.683 -34.456 53.116 0.125000
34186 21.369 -34.177 52.982 0.125000
34187 20.648 -34.275 53.830 0.125000
34188 20.136 -34.618 53.870 0.125000
34189 19.569 -34.564 53.937 0.250000
34190 18.456 -34.465 53.957 0.250000
34191 17.267 -34.814 53.955 0.250000
34192 16.582 -35.111 53.767 0.250000
34193 15.669 -35.459 54.172 0.250000
34195 21.928 -34.588 51.689 0.125000
34196 22.060 -34.469 52.196 0.125000
34197 21.177 -34.480 52.302 0.125000
34198 20.491 -34.579 52.920 0.125000
34199 19.893 -34.667 53.332 0.125000
34200 18.637 -34.476 53.161 0.250000
34201 17.655 -34.631 53.479 0.250000
34202 16.198 -35.052 53.295 0.250000
34203 15.433 -35.411 53.420 0.250000
34204 14.808 -35.750 53.457 0.375000
34206 22.212 -34.621 51.247 0.250000
34207 22.598 -34.584 51.222 0.250000
34208 21.543 -34.565 51.712 0.125000
34209 19.830 -35.067 52.131 0.250000
34210 19.411 -34.624 52.743 0.125000
34211 18.026 -34.534 52.720 0.250000
34212 17.487 -34.490 52.229 0.250000
34213 15.031 -34.954 51.789 0.375000
34214 14.396 -35.673 51.875 0.500000
34215 13.723 -36.331 51.951 0.500000
34217 22.999 -34.547 50.720 0.125000
34218 23.674 -34.391 50.732 0.125000
34219 23.139 -34.511 50.996 0.125000
34220 22.431 -34.590 50.739 0.250000
34221 21.624 -34.604 51.071 0.125000
34222 20.778 -34.589 51.346 0.250000
34223 19.988 -34.915 51.550 0.250000
34224 19.252 -34.566 51.930 0.375000
34225 18.633 -34.094 51.454 0.375000
34226 16.890 -34.419 51.453 0.250000
34227 15.335 -34.797 51.104 0.375000
34228 14.628 -35.355 50.913 0.625000
34229 13.892 -36.079 51.122 0.625000
34231 23.457 -34.534 50.187 0.125000
34232 22.793 -34.551 50.320 0.250000
34233 23.284 -34.599 49.422 0.125000
34234 22.046 -34.612 50.514 0.250000
34235 21.182 -34.628 50.689 0.250000
34236 20.322 -34.606 50.884 0.250000
34237 19.505 -34.291 51.153 0.250000
34238 18.666 -34.017 50.466 0.375000
34239 17.737 -34.119 50.945 0.375000
34240 16.783 -34.176 50.482 0.500000
34241 15.229 -34.692 50.424 0.500000
34242 15.938 -34.349 50.015 0.375000
34243 13.870 -35.647 50.246 0.750000
34245 22.377 -34.541 49.747 0.250000
34246 21.473 -34.665 49.912 0.250000
34247 20.577 -34.711 50.082 0.250000
34248 19.099 -34.153 49.654 0.375000
34249 15.140 -34.490 49.503 0.625000
34250 14.487 -34.901 48.970 0.750000
34251 13.924 -35.498 49.316 0.875000
34253 14.155 -35.031 47.540 0.875000
34254 15.102 -34.498 48.567 0.750000
34255 13.735 -35.504 47.947 0.875000
34257 14.156 -34.906 46.764 0.875000
34258 14.941 -34.502 47.574 0.750000
34259 13.762 -35.558 47.049 1.000000
34263 14.172 -35.101 45.847 1.000000
34264 14.676 -34.502 46.267 0.875000
34265 13.819 -35.455 46.303 1.000000
34270 14.811 -35.038 44.486 0.875000
34271 15.075 -34.541 45.248 0.875000
34283 15.116 -35.007 43.583 0.750000
34284 15.581 -34.589 44.256 0.750000
34285 14.594 -35.533 43.507 0.625000
34300 15.031 -35.752 42.540 0.625000
34301 15.618 -34.861 43.157 0.750000
34312 15.432 -36.175 41.741 0.625000
34329 16.178 -35.788 40.854 0.625000
34345 17.234 -35.671 39.863 0.625000
34346 16.723 -36.260 40.273 0.625000
34356 20.251 -36.707 38.756 0.125000
34357 19.490 -36.575 38.734 0.375000
34358 18.942 -36.713 38.936 0.500000
34359 18.462 -36.004 38.766 0.500000
34360 17.801 -36.198 39.288 0.500000
34371 21.185 -35.952 37.591 0.250000
34372 19.598 -36.185 38.240 0.375000
34373 19.093 -36.222 38.568 0.500000
34413 31.742 -36.361 34.878 0.125000
34429 32.148 -35.897 34.111 0.125000
34973 11.578 -35.656 58.444 0.125000
34974 12.352 -35.458 58.157 0.125000
34975 11.222 -35.303 58.673 0.125000
34976 10.888 -35.692 58.661 0.125000
34977 10.308 -35.641 58.648 0.125000
34978 9.487 -35.738 58.537 0.125000
34979 8.577 -35.880 58.515 0.125000
34982 15.447 -34.914 57.951 0.250000
34983 15.975 -34.636 57.712 0.250000
34984 15.662 -34.547 58.110 0.125000
34985 14.585 -34.795 57.969 0.125000
34986 13.405 -34.948 57.935 0.125000
34987 6.031 -35.984 58.630 0.125000
34990 17.229 -34.404 56.393 0.250000
34991 18.159 -33.921 56.397 0.250000
34992 17.169 -33.996 56.724 0.250000
34993 16.383 -34.528 56.877 0.250000
34994 16.402 -34.103 57.315 0.250000
34997 18.296 -34.163 56.149 0.250000
34998 19.208 -33.813 56.251 0.125000
35002 20.217 -34.261 55.283 0.125000
35003 20.381 -33.806 55.688 0.125000
35004 20.013 -33.943 55.933 0.125000
35005 19.909 -34.278 55.499 0.125000
35006 20.081 -33.703 56.232 0.125000
35009 20.648 -34.004 54.459 0.125000
35010 21.238 -33.461 54.146 0.125000
35011 20.672 -33.585 55.099 0.125000
35014 21.767 -33.750 53.349 0.125000
35015 22.160 -33.279 53.555 0.125000
35017 23.063 -34.422 52.076 0.125000
35018 23.945 -34.076 52.131 0.125000
35019 23.180 -33.871 52.500 0.125000
35021 23.802 -34.335 51.695 0.125000
35022 24.832 -34.104 50.977 0.125000
35023 24.491 -34.070 51.779 0.125000
35024 23.182 -34.508 51.378 0.125000
35026 25.432 -33.893 50.624 0.125000
35027 26.368 -33.857 50.477 0.125000
35028 25.435 -33.788 50.819 0.125000
35029 23.969 -34.264 51.255 0.125000
35031 25.257 -34.151 50.056 0.125000
35032 26.062 -34.060 50.278 0.125000
35033 24.241 -34.396 50.135 0.125000
35034 17.539 -33.785 50.031 0.375000
35035 16.592 -33.899 49.582 0.500000
35037 24.698 -34.446 49.253 0.125000
35038 25.322 -34.155 48.691 0.250000
35039 24.013 -34.588 48.833 0.125000
35040 21.782 -34.458 49.108 0.250000
35041 20.891 -34.497 49.360 0.250000
35042 20.018 -34.327 49.610 0.375000
35043 18.321 -33.739 49.085 0.375000
35044 17.304 -33.691 49.074 0.500000
35045 16.399 -33.859 48.797 0.500000
35046 15.797 -34.129 49.095 0.500000
35048 24.585 -34.271 48.434 0.125000
35049 24.007 -34.313 48.010 0.125000
35050 24.571 -34.001 47.791 0.250000
35051 23.416 -34.467 48.474 0.125000
35052 22.068 -34.190 48.322 0.250000
35053 21.213 -34.202 48.552 0.250000
35054 20.295 -34.007 48.840 0.375000
35055 19.296 -33.873 49.060 0.375000
35056 17.469 -33.665 48.491 0.375000
35057 16.593 -33.823 48.337 0.625000
35058 15.807 -34.145 48.306 0.750000
35060 23.429 -34.228 47.858 0.125000
35061 22.842 -34.229 48.055 0.125000
35062 21.463 -33.897 47.730 0.500000
35063 20.575 -33.860 47.921 0.375000
35064 19.491 -33.679 48.077 0.500000
35065 17.668 -33.597 47.884 0.625000
35066 16.027 -33.865 47.055 0.875000
35067 16.997 -33.519 47.224 0.625000
35068 15.911 -34.047 47.732 0.625000
35070 15.864 -33.714 46.074 0.875000
35071 16.512 -33.561 46.484 0.750000
35072 15.277 -34.041 46.135 0.875000
35074 15.710 -34.116 45.189 0.875000
35075 16.604 -33.573 45.480 0.875000
35080 16.196 -34.310 43.615 0.750000
35081 16.756 -33.778 43.886 0.750000
35091 16.204 -34.558 42.734 0.750000
35092 16.845 -33.930 43.191 0.750000
35100 16.177 -34.898 41.619 0.750000
35101 16.859 -34.047 42.332 0.750000
35108 17.465 -34.616 40.363 0.625000
35109 17.020 -34.198 41.333 0.750000
35110 16.667 -35.170 40.659 0.625000
35133 18.684 -35.219 38.821 0.750000
35152 23.425 -35.110 37.193 0.125000
35154 20.473 -35.172 37.524 0.375000
35155 19.694 -35.367 37.970 0.375000
35156 19.103 -35.640 38.426 0.750000
35163 28.625 -35.346 36.301 0.250000
35165 22.676 -34.605 36.936 0.125000
35166 22.072 -35.080 36.980 0.125000
35167 21.337 -35.088 37.165 0.125000
35175 28.869 -35.027 35.429 0.250000
35182 30.284 -35.579 34.746 0.125000
35183 29.831 -34.989 34.517 0.125000
35184 29.581 -35.361 35.107 0.125000
35210 32.594 -35.329 33.516 0.125000
35211 31.745 -35.185 33.588 0.250000
35212 31.157 -35.611 34.293 0.125000
35213 30.396 -34.950 34.137 0.250000
35220 33.855 -34.674 33.181 0.125000
35221 33.030 -34.709 33.101 0.125000
35222 32.191 -34.574 33.096 0.375000
35223 31.014 -34.782 33.708 0.250000
35755 12.040 -34.931 58.259 0.125000
35756 10.670 -35.196 58.745 0.125000
35757 9.815 -35.091 58.541 0.125000
35758 9.100 -35.443 58.454 0.125000
35761 16.013 -34.042 57.761 0.125000
35762 15.465 -33.950 57.937 0.125000
35763 14.907 -34.065 57.950 0.125000
35764 13.962 -34.292 57.793 0.125000
35766 10.993 -34.745 58.617 0.125000
35767 10.463 -34.772 58.604 0.125000
35768 9.771 -34.834 58.483 0.125000
35773 18.974 -33.579 56.417 0.250000
35774 19.280 -33.180 56.667 0.125000
35775 18.125 -33.364 56.705 0.250000
35776 17.141 -33.539 56.997 0.125000
35782 19.801 -33.526 56.538 0.125000
35783 20.357 -33.478 56.603 0.125000
35784 20.115 -33.260 56.826 0.125000
35788 20.612 -33.432 55.837 0.125000
35789 20.386 -33.571 56.283 0.125000
35794 21.855 -32.932 53.990 0.125000
35795 21.166 -33.096 54.550 0.125000
35796 20.939 -32.841 55.135 0.125000
35801 23.042 -33.327 52.780 0.125000
35803 22.711 -33.099 53.248 0.125000
35812 24.789 -33.729 51.806 0.125000
35813 25.340 -33.124 51.643 0.125000
35815 24.494 -33.732 52.074 0.125000
35825 26.306 -33.708 50.745 0.125000
35826 27.247 -33.453 50.819 0.125000
35827 24.824 -33.840 51.391 0.125000
35836 27.478 -33.616 50.417 0.125000
35837 28.168 -33.296 50.467 0.125000
35838 27.683 -33.455 50.577 0.125000
35847 28.488 -33.365 49.495 0.125000
35848 28.997 -33.179 49.364 0.125000
35849 28.608 -33.185 50.164 0.125000
35850 27.689 -33.639 49.845 0.125000
35851 26.804 -33.930 50.105 0.125000
35859 29.184 -33.244 48.820 0.125000
35860 29.949 -33.039 48.546 0.125000
35861 28.623 -33.378 48.882 0.125000
35862 27.911 -33.552 49.142 0.125000
35863 27.018 -33.831 49.410 0.250000
35864 26.243 -33.984 48.856 0.250000
35872 29.506 -33.103 48.429 0.250000
35873 28.961 -33.287 48.514 0.250000
35874 29.427 -33.085 47.961 0.250000
35875 28.149 -33.334 48.594 0.250000
35876 27.190 -33.550 48.705 0.250000
35877 25.809 -33.850 48.188 0.250000
35878 25.161 -33.850 47.973 0.250000
35881 28.485 -33.062 47.927 0.250000
35882 27.350 -33.166 48.097 0.250000
35883 25.787 -33.627 47.510 0.250000
35884 26.528 -33.164 47.285 0.250000
35885 24.255 -33.922 47.342 0.375000
35886 23.008 -33.795 47.333 0.125000
35887 21.699 -33.496 46.977 0.500000
35888 20.841 -33.572 47.112 0.625000
35889 19.167 -33.457 47.050 0.625000
35890 18.040 -33.373 47.152 0.625000
35892 25.681 -33.361 46.819 0.625000
35893 25.114 -33.337 46.520 0.625000
35894 25.649 -33.025 46.356 0.625000
35895 24.483 -33.503 46.764 0.500000
35896 23.073 -33.154 46.637 0.375000
35897 21.705 -32.949 46.232 0.875000
35898 20.947 -33.219 46.322 0.750000
35899 19.356 -33.136 46.271 0.750000
35900 18.444 -33.141 46.356 0.750000
35901 17.370 -33.305 46.387 0.750000
35903 24.453 -32.956 46.161 0.750000
35904 23.081 -32.693 45.928 0.875000
35905 21.846 -32.660 45.455 0.875000
35906 22.525 -32.577 45.336 0.875000
35907 21.055 -32.804 45.557 0.875000
35908 20.042 -32.932 45.719 0.875000
35909 18.870 -32.900 45.594 0.875000
35910 17.758 -33.131 45.499 0.875000
35912 21.259 -32.451 44.787 0.875000
35913 20.329 -32.537 44.858 0.875000
35914 18.539 -32.755 43.951 0.875000
35915 19.507 -32.257 44.054 0.875000
35916 17.555 -33.304 43.735 0.875000
35921 18.297 -33.057 42.584 0.750000
35922 18.838 -32.543 43.214 0.750000
35923 17.568 -33.506 42.867 0.750000
35930 18.559 -33.179 41.783 0.750000
35931 19.101 -32.604 42.411 0.750000
35932 17.659 -33.529 41.999 0.750000
35939 17.957 -33.756 41.092 0.750000
35940 18.846 -33.329 40.921 0.875000
35945 18.745 -34.445 39.256 0.750000
35946 19.153 -33.601 40.006 0.875000
35955 19.948 -34.280 38.111 0.625000
35956 19.445 -33.951 39.036 0.875000
35957 19.227 -34.812 38.529 0.625000
35962 27.086 -34.810 37.271 0.250000
35963 26.387 -34.368 37.123 0.125000
35964 24.986 -34.724 37.482 0.125000
35965 24.151 -34.819 37.321 0.125000
35966 20.830 -34.191 37.468 0.375000
35973 27.542 -34.596 36.624 0.250000
35974 26.930 -33.994 36.619 0.125000
35975 26.203 -33.360 36.534 0.125000
35976 25.766 -33.898 37.063 0.125000
35977 25.038 -33.758 37.135 0.125000
35978 23.503 -34.133 36.952 0.125000
35979 22.672 -33.671 36.979 0.125000
35980 21.798 -34.122 37.044 0.250000
35988 28.096 -34.587 35.820 0.250000
35989 27.425 -33.868 35.899 0.250000
35995 29.198 -34.661 34.624 0.250000
35996 28.510 -34.283 34.881 0.250000
36014 29.762 -34.303 34.055 0.250000
36015 28.884 -33.829 34.221 0.250000
36025 33.477 -34.182 32.753 0.250000
36026 32.718 -34.165 32.750 0.375000
36027 31.645 -33.943 32.925 0.375000
36028 30.944 -34.110 33.274 0.375000
36029 30.454 -34.356 33.712 0.250000
36034 34.673 -33.453 32.299 0.375000
36035 33.878 -33.645 32.524 0.500000
36036 33.166 -33.768 32.612 0.625000
36581 16.571 -33.421 57.178 0.125000
36582 15.863 -33.337 57.335 0.125000
36583 15.032 -33.559 57.509 0.125000
36584 14.476 -33.623 57.515 0.125000
36585 12.249 -34.059 57.735 0.125000
36588 10.836 -34.322 58.398 0.125000
36593 17.653 -32.829 57.179 0.125000
36594 16.878 -32.667 57.246 0.125000
36603 20.566 -33.394 56.519 0.125000
36604 20.831 -32.892 56.681 0.125000
36605 20.490 -33.204 56.878 0.125000
36606 20.163 -32.877 57.085 0.125000
36614 20.854 -32.953 56.013 0.125000
36615 20.987 -32.423 55.356 0.125000
36623 21.321 -32.683 54.598 0.125000
36633 25.642 -32.462 51.536 0.125000
36640 28.118 -33.172 50.694 0.125000
36641 28.827 -32.933 50.864 0.125000
36643 26.274 -32.843 51.425 0.125000
36648 29.161 -32.776 50.435 0.125000
36649 29.834 -32.283 50.541 0.125000
36651 28.694 -33.056 50.641 0.125000
36656 29.948 -32.483 49.781 0.125000
36657 30.836 -32.172 49.680 0.125000
36658 30.486 -32.142 50.374 0.125000
36659 29.256 -32.877 49.743 0.125000
36665 31.193 -32.232 48.532 0.125000
36666 32.129 -31.842 48.451 0.125000
36667 31.419 -32.140 48.934 0.125000
36668 29.839 -33.061 49.056 0.125000
36676 32.150 -31.920 47.650 0.125000
36677 32.944 -31.637 47.645 0.125000
36678 32.641 -31.633 48.125 0.125000
36679 31.390 -32.189 47.834 0.250000
36680 30.606 -32.543 48.202 0.250000
36684 33.084 -31.958 46.469 0.125000
36685 33.678 -31.694 46.910 0.125000
36686 32.360 -32.079 46.847 0.250000
36687 31.573 -32.376 47.064 0.375000
36688 30.823 -32.522 47.055 0.375000
36689 29.846 -32.692 47.419 0.375000
36690 29.203 -32.588 47.379 0.250000
36691 27.578 -32.805 47.322 0.250000
36693 34.031 -32.532 45.320 0.125000
36694 34.585 -32.521 45.593 0.125000
36695 33.453 -32.204 45.302 0.250000
36696 32.072 -32.125 46.333 0.250000
36697 31.341 -32.297 46.548 0.375000
36698 30.693 -32.381 46.633 0.375000
36699 28.825 -32.145 46.689 0.375000
36700 27.835 -32.390 46.619 0.250000
36701 27.081 -32.747 46.701 0.375000
36702 26.345 -32.827 46.439 0.375000
36704 34.445 -32.511 44.211 0.125000
36705 35.158 -32.409 44.500 0.125000
36706 34.001 -32.553 44.673 0.125000
36707 33.298 -32.175 44.684 0.250000
36708 32.441 -31.918 44.688 0.250000
36709 31.521 -31.819 45.261 0.375000
36710 30.925 -31.627 44.655 0.750000
36711 30.562 -31.872 45.915 0.625000
36712 29.334 -31.848 45.982 0.625000
36713 28.212 -31.996 45.948 0.625000
36714 27.147 -32.248 46.076 0.625000
36715 25.991 -32.457 45.950 0.750000
36716 26.601 -31.935 45.414 0.625000
36717 25.227 -32.624 45.925 0.875000
36718 23.674 -32.658 45.683 0.875000
36720 34.782 -32.395 43.559 0.125000
36721 34.016 -32.468 43.995 0.125000
36722 32.515 -32.056 43.621 0.500000
36723 31.809 -31.864 44.124 0.500000
36724 31.241 -31.534 43.517 0.875000
36725 25.808 -31.963 45.294 1.000000
36726 25.085 -31.854 45.235 1.000000
36727 23.498 -32.354 44.945 1.000000
36728 24.586 -31.743 44.564 1.000000
36729 22.770 -32.266 44.639 0.875000
36730 22.023 -32.369 44.712 0.875000
36731 20.532 -31.999 44.061 0.875000
36734 35.252 -32.284 42.849 0.125000
36736 35.267 -32.161 43.629 0.125000
36737 34.644 -32.327 42.792 0.125000
36738 34.085 -32.092 42.961 0.250000
36739 33.447 -31.944 42.850 0.375000
36740 32.627 -31.843 42.628 0.625000
36741 31.953 -31.807 43.043 0.875000
36742 31.454 -31.447 42.449 0.875000
36743 23.356 -31.901 44.278 1.000000
36744 22.764 -31.773 43.931 1.000000
36745 21.443 -31.944 44.057 0.875000
36746 20.760 -31.717 43.100 0.875000
36747 19.721 -32.007 43.163 0.750000
36753 35.199 -32.330 42.215 0.250000
36755 34.649 -32.273 42.121 0.625000
36756 34.226 -32.096 42.261 0.500000
36757 33.056 -31.824 41.866 0.750000
36758 32.301 -31.680 41.586 0.750000
36759 31.990 -31.549 42.031 1.000000
36760 31.559 -31.555 41.421 1.000000
36761 22.322 -31.572 43.204 1.000000
36762 21.442 -31.597 42.636 0.875000
36763 22.017 -31.471 42.229 0.875000
36764 20.632 -31.873 42.083 0.750000
36765 19.925 -32.154 42.304 0.750000
36774 35.559 -31.952 41.566 0.500000
36775 34.301 -32.140 40.708 0.625000
36776 34.988 -32.017 40.946 0.625000
36777 33.500 -32.102 40.851 0.750000
36778 33.090 -31.944 41.145 0.875000
36779 32.533 -31.829 41.056 0.875000
36780 31.953 -31.754 40.975 1.000000
36781 31.553 -31.682 40.749 1.000000
36782 21.236 -31.770 41.691 0.875000
36783 20.522 -32.266 41.211 0.875000
36784 19.713 -32.815 40.809 0.875000
36796 34.286 -32.289 39.835 0.625000
36797 34.790 -31.882 40.297 0.750000
36798 33.562 -32.382 40.128 0.875000
36799 32.806 -32.007 40.621 1.000000
36800 32.411 -31.934 40.181 1.000000
36801 31.959 -31.756 40.386 1.000000
36802 31.573 -31.644 39.948 1.000000
36803 20.628 -32.812 39.442 0.875000
36804 21.141 -32.257 40.567 0.875000
36805 19.894 -33.208 39.804 0.875000
36811 33.604 -32.529 38.806 0.875000
36812 34.272 -32.298 39.125 0.875000
36813 33.151 -32.466 39.470 1.000000
36814 32.494 -32.175 39.480 1.000000
36815 31.916 -31.866 39.529 1.000000
36816 31.495 -31.824 38.726 1.000000
36817 20.604 -33.378 38.292 0.750000
36818 21.209 -32.707 38.617 0.875000
36824 33.303 -32.275 38.013 1.000000
36825 34.112 -32.214 38.299 1.000000
36826 32.725 -32.267 38.592 1.000000
36827 32.003 -32.006 38.685 1.000000
36828 31.566 -31.760 37.942 1.000000
36829 21.339 -33.329 37.713 0.375000
36830 22.074 -33.145 37.347 0.375000
36831 21.766 -32.738 38.064 0.500000
36839 32.945 -31.883 37.268 1.000000
36840 33.663 -31.847 37.530 1.000000
36841 32.397 -31.809 37.126 1.000000
36842 31.674 -31.665 36.903 1.000000
36843 25.451 -33.219 36.821 0.125000
36844 24.789 -32.698 36.832 0.125000
36845 24.103 -33.293 36.937 0.125000
36846 22.846 -32.833 37.213 0.375000
36854 33.161 -31.571 36.746 1.000000
36855 32.560 -31.733 36.464 1.000000
36856 32.839 -31.653 35.731 1.000000
36857 32.049 -31.765 36.433 1.000000
36858 31.762 -31.752 35.739 0.750000
36859 26.855 -33.157 35.931 0.250000
36860 26.361 -32.383 35.923 0.125000
36861 25.589 -32.512 36.424 0.125000
36865 32.308 -31.796 35.750 1.000000
36866 32.051 -31.840 35.482 1.000000
36867 27.920 -33.675 35.058 0.250000
36868 27.635 -32.718 34.774 0.250000
36869 27.007 -32.408 35.285 0.250000
36892 31.062 -33.548 33.209 0.500000
36893 31.465 -32.769 33.553 0.625000
36894 30.725 -32.737 33.759 0.750000
36895 30.258 -33.728 33.605 0.250000
36896 29.718 -32.988 33.863 0.625000
36897 28.919 -33.032 34.030 0.250000
36898 28.306 -33.221 34.426 0.250000
36908 31.664 -33.331 33.033 0.500000
36909 32.064 -32.759 33.320 0.750000
36916 35.361 -32.964 32.043 0.250000
36917 34.731 -32.646 31.941 0.250000
36918 34.153 -33.090 32.307 0.500000
36919 33.410 -33.076 32.514 0.625000
36923 35.321 -32.389 31.716 0.125000
37437 15.344 -33.049 56.945 0.125000
37438 14.764 -33.177 57.007 0.125000
37439 14.086 -33.289 57.305 0.125000
37457 21.469 -31.719 55.469 0.125000
37493 31.520 -31.713 49.527 0.125000
37502 32.859 -31.603 48.285 0.125000
37514 33.422 -31.567 47.788 0.125000
37515 34.131 -31.288 47.681 0.125000
37520 34.692 -32.054 46.454 0.125000
37530 29.856 -31.449 45.060 0.750000
37531 28.656 -31.579 45.229 0.750000
37532 27.611 -31.745 45.290 0.750000
37536 35.713 -31.782 44.170 0.125000
37537 30.280 -31.261 44.014 0.750000
37538 29.162 -31.108 44.389 0.875000
37539 28.087 -31.220 44.592 0.875000
37543 30.607 -31.273 42.946 0.875000
37544 29.625 -31.053 43.431 0.875000
37545 28.643 -30.819 43.824 1.000000
37546 27.647 -30.880 43.949 0.875000
37547 26.866 -31.015 43.894 0.875000
37548 25.541 -31.090 43.473 1.000000
37549 26.419 -30.853 43.347 0.875000
37550 24.744 -31.455 43.813 1.000000
37551 23.995 -31.654 44.009 1.000000
37556 30.970 -31.113 41.990 1.000000
37557 30.301 -30.872 41.707 1.000000
37558 29.136 -30.732 43.062 1.000000
37559 24.587 -30.999 43.144 1.000000
37560 23.735 -31.115 42.873 1.000000
37561 24.316 -30.797 42.338 1.000000
37562 22.893 -31.356 42.611 1.000000
37580 36.102 -31.031 41.406 0.250000
37581 31.054 -31.488 41.166 1.000000
37582 30.556 -30.934 40.843 1.000000
37583 23.438 -31.018 42.045 1.000000
37584 22.588 -31.244 41.695 1.000000
37585 21.821 -31.567 41.222 0.875000
37592 35.092 -31.401 40.183 0.625000
37593 35.461 -31.026 40.595 0.500000
37594 31.154 -31.510 40.380 1.000000
37595 30.550 -31.033 39.912 1.000000
37596 22.671 -31.660 39.659 0.875000
37597 23.147 -30.892 41.020 0.875000
37598 21.905 -31.965 40.126 0.875000
37602 34.858 -31.284 39.555 0.750000
37603 35.085 -30.982 39.734 0.625000
37604 34.669 -31.773 39.657 0.750000
37605 31.211 -31.777 38.737 1.000000
37606 30.758 -31.591 38.408 1.000000
37607 22.686 -31.902 38.586 0.625000
37608 23.382 -31.389 38.882 0.750000
37609 21.935 -32.170 38.896 0.750000
37616 34.812 -31.010 38.935 0.750000
37617 34.610 -31.623 38.805 0.875000
37618 34.798 -30.805 38.198 0.875000
37619 31.159 -31.748 38.155 1.000000
37620 30.769 -31.485 37.614 1.000000
37621 30.218 -31.233 37.869 0.875000
37622 22.390 -32.450 37.908 0.625000
37623 23.194 -31.983 37.726 0.750000
37632 33.803 -31.294 37.187 1.000000
37633 34.203 -30.910 37.328 1.000000
37634 31.268 -31.604 37.303 1.000000
37635 30.838 -31.325 36.632 0.750000
37636 24.290 -31.995 36.825 0.500000
37637 23.680 -32.519 37.042 0.500000
37642 33.414 -31.113 36.396 1.000000
37643 33.265 -31.280 35.531 1.000000
37644 33.464 -30.780 35.633 1.000000
37645 31.118 -31.808 34.814 0.750000
37646 30.569 -31.323 35.258 0.750000
37647 26.613 -31.532 35.367 0.500000
37648 25.825 -31.647 36.035 0.250000
37649 25.046 -31.799 36.512 0.625000
37669 33.050 -31.689 34.716 1.000000
37670 33.663 -31.171 34.624 0.750000
37671 32.338 -31.970 34.890 1.000000
37672 31.678 -32.107 34.574 0.875000
37673 30.174 -32.016 34.102 0.625000
37674 29.742 -31.499 34.416 0.625000
37675 27.380 -31.741 34.784 0.500000
37691 33.340 -31.804 33.748 0.750000
37692 32.528 -32.166 33.902 0.750000
37693 29.191 -32.196 33.952 0.500000
37694 28.290 -32.240 34.282 0.625000
37703 32.822 -32.520 33.097 0.750000
37704 33.598 -32.149 32.870 0.625000
37711 34.462 -31.761 31.785 0.250000
37712 34.103 -32.441 32.302 0.500000
37720 34.945 -32.002 31.516 0.250000
38298 27.250 -30.698 43.196 0.875000
38304 29.078 -30.401 42.266 1.000000
38305 27.753 -30.393 42.344 0.875000
38306 26.722 -30.578 42.481 0.875000
38322 37.117 -30.617 41.244 0.125000
38323 29.507 -30.372 41.245 1.000000
38324 28.262 -30.269 41.454 1.000000
38325 26.995 -30.382 41.538 0.875000
38326 25.693 -30.509 41.067 1.000000
38327 25.000 -30.637 41.662 1.000000
38328 24.054 -30.767 41.425 1.000000
38331 35.847 -30.740 41.122 0.250000
38332 36.362 -30.710 41.223 0.125000
38333 29.741 -30.488 40.361 1.000000
38334 28.732 -30.182 40.654 1.000000
38335 27.628 -30.142 40.767 0.875000
38336 26.476 -30.170 40.731 1.000000
38337 25.488 -30.193 40.224 0.875000
38338 26.127 -29.774 39.732 0.875000
38339 23.834 -30.832 40.603 0.875000
38345 35.598 -30.509 40.475 0.500000
38346 35.225 -30.579 39.608 0.500000
38347 29.727 -30.587 39.449 1.000000
38348 28.776 -30.109 39.029 1.000000
38349 28.206 -29.885 39.971 1.000000
38350 24.764 -30.493 39.528 0.875000
38351 24.226 -30.958 38.663 0.750000
38360 34.929 -30.619 39.026 0.625000
38361 29.704 -30.701 38.419 1.000000
38362 28.788 -30.157 37.874 1.000000
38363 23.951 -31.634 37.179 0.625000
38364 24.465 -30.894 37.516 0.625000
38371 34.888 -30.451 38.377 0.625000
38372 34.402 -30.554 37.517 0.875000
38373 30.230 -31.091 37.003 0.625000
38374 29.589 -30.558 37.361 1.000000
38375 24.625 -31.295 36.766 0.625000
38376 25.318 -31.030 36.312 0.625000
38377 25.003 -30.664 36.825 0.750000
38392 33.651 -30.577 36.615 1.000000
38393 29.713 -30.955 35.151 0.625000
38394 28.785 -30.719 35.069 0.625000
38395 29.494 -30.522 36.136 0.625000
38396 28.502 -30.192 35.738 0.625000
38397 26.060 -30.886 35.800 0.500000
38411 33.371 -30.319 35.830 1.000000
38412 33.505 -30.547 34.975 1.000000
38413 28.950 -31.400 34.363 0.625000
38414 28.154 -31.312 34.537 0.625000
38415 27.676 -30.697 35.017 0.625000
38416 26.818 -30.698 35.378 0.625000
38427 33.891 -31.371 33.565 0.750000
38428 33.929 -30.771 34.197 0.625000
38436 34.047 -31.633 32.601 0.625000
38437 34.131 -31.012 32.212 0.500000
38443 34.465 -30.971 31.406 0.125000
39084 36.952 -29.980 41.362 0.250000
39085 36.164 -30.269 41.133 0.250000
39086 27.153 -29.689 39.962 0.875000
39092 35.651 -29.975 40.252 0.375000
39093 35.362 -30.199 39.520 0.625000
39094 27.735 -29.627 39.088 0.875000
39095 26.707 -29.613 38.924 0.875000
39096 25.757 -29.945 38.679 0.875000
39097 24.948 -30.412 38.545 0.750000
39106 35.071 -30.300 38.994 0.750000
39107 27.927 -29.629 37.299 0.750000
39108 27.263 -29.606 38.048 0.875000
39109 26.233 -29.772 37.775 0.750000
39110 25.286 -30.231 37.589 0.750000
39115 35.006 -30.113 38.494 0.750000
39116 34.530 -30.270 37.645 0.750000
39117 28.748 -29.921 36.722 1.000000
39118 27.571 -29.916 36.047 0.625000
39119 26.563 -30.210 36.051 0.750000
39120 25.783 -30.240 36.611 0.750000
39136 33.775 -30.237 36.739 0.875000
39145 33.368 -30.021 35.967 1.000000
39146 33.294 -30.206 35.287 1.000000
39156 33.468 -30.337 34.597 0.875000
39166 33.939 -30.365 32.888 0.375000
39171 34.165 -30.347 31.797 0.375000
39908 35.969 -29.592 41.069 0.250000
39918 35.635 -29.006 40.233 0.500000
39919 35.434 -29.492 39.519 0.500000
39925 35.286 -29.063 39.188 0.750000
39932 35.069 -29.488 38.740 0.750000
39933 34.635 -29.880 37.809 0.875000
39948 33.870 -29.864 36.952 1.000000
39956 33.393 -29.837 36.075 1.000000
39957 33.206 -29.987 35.298 1.000000
39962 33.095 -29.868 34.565 0.875000
39963 33.143 -29.743 33.513 0.625000
39978 33.178 -29.508 32.345 0.375000
39983 33.782 -29.858 32.081 0.375000
39984 33.424 -29.312 31.265 0.375000
39993 34.091 -29.789 31.195 0.125000
39994 33.966 -29.163 30.685 0.125000
40769 35.933 -28.430 41.029 0.250000
40775 35.562 -27.844 40.390 0.375000
40776 35.350 -28.493 39.721 0.625000
40780 35.143 -28.679 39.166 0.750000
40781 35.096 -28.107 39.573 0.625000
40785 34.585 -29.348 38.135 0.875000
40786 34.860 -28.696 38.775 0.875000
40787 34.252 -28.706 37.955 0.875000
40801 33.926 -29.552 37.143 1.000000
40802 33.538 -28.770 37.036 1.000000
40809 33.072 -29.555 35.419 1.000000
40810 33.021 -28.739 36.030 1.000000
40811 32.771 -29.036 35.121 1.000000
40816 32.704 -29.290 34.251 0.750000
40817 32.266 -28.518 34.638 0.875000
40818 32.050 -28.626 33.605 0.500000
40828 32.595 -29.166 32.975 0.375000
40829 32.030 -28.432 32.479 0.375000
40837 32.670 -28.743 31.603 0.375000
40838 32.115 -28.006 31.641 0.375000
40844 33.380 -28.617 30.817 0.375000
41537 36.093 -27.229 40.970 0.375000
41540 35.954 -26.811 40.331 0.500000
41541 35.418 -27.416 39.965 0.625000
41546 35.251 -27.018 39.684 0.875000
41547 34.838 -27.743 39.320 0.875000
41551 34.480 -27.043 38.674 0.875000
41552 33.863 -27.661 37.828 0.875000
41566 33.174 -27.808 36.836 1.000000
41567 33.356 -26.792 37.184 0.875000
41568 32.729 -26.941 36.520 1.000000
41581 32.544 -28.164 35.430 1.000000
41582 32.715 -27.785 36.139 1.000000
41583 32.209 -27.123 35.709 1.000000
41589 31.620 -27.861 34.042 0.625000
41590 31.458 -26.861 34.471 0.875000
41591 31.078 -27.202 33.360 0.750000
41600 31.431 -27.964 33.003 0.625000
41601 31.061 -27.344 32.336 0.500000
41616 31.727 -27.289 31.513 0.375000
41625 32.454 -26.901 30.998 0.125000
42275 39.569 -24.972 42.834 0.125000
42281 38.656 -25.386 42.585 0.125000
42282 37.582 -26.018 42.433 0.125000
42285 37.020 -25.568 41.496 0.250000
42286 36.307 -26.183 40.929 0.250000
42293 36.128 -25.844 40.358 0.375000
42294 35.789 -26.454 39.907 0.750000
42300 35.531 -25.995 39.466 0.750000
42301 34.970 -26.492 39.210 0.875000
42306 34.620 -25.931 38.454 0.875000
42307 34.017 -26.424 37.861 0.875000
42314 33.723 -25.987 37.049 1.000000
42315 33.068 -26.073 36.589 1.000000
42316 32.330 -26.183 36.052 1.000000
42331 31.822 -26.346 35.278 1.000000
42339 31.406 -25.748 34.631 1.000000
42340 31.003 -26.187 33.652 1.000000
42347 30.790 -25.569 32.818 0.750000
42358 31.037 -26.585 31.762 0.375000
42363 32.899 -26.307 30.598 0.125000
42364 31.795 -26.322 31.105 0.125000
43086 40.251 -24.437 42.939 0.125000
43100 39.935 -24.241 42.475 0.250000
43101 39.227 -24.629 42.086 0.250000
43102 38.121 -25.039 41.814 0.250000
43112 37.489 -24.662 41.121 0.250000
43113 36.666 -25.242 40.788 0.250000
43121 36.331 -24.718 40.278 0.375000
43122 35.860 -25.470 39.885 0.375000
43128 35.615 -25.006 39.380 0.500000
43129 35.194 -25.452 38.933 0.750000
43135 34.753 -24.907 38.272 0.875000
43136 34.190 -25.332 37.528 0.875000
43147 33.536 -25.267 36.702 1.000000
43148 32.779 -25.285 36.097 1.000000
43159 32.035 -25.429 35.409 1.000000
43166 31.738 -24.775 34.653 1.000000
43167 31.137 -25.143 33.777 0.875000
43173 30.969 -24.615 32.836 0.875000
43185 30.775 -25.123 32.002 0.750000
43193 32.373 -25.764 30.547 0.125000
43194 31.545 -25.567 30.917 0.125000
43195 31.106 -24.808 31.115 0.375000
43201 31.803 -25.100 30.423 0.125000
43798 39.879 -23.880 41.819 0.250000
43799 38.714 -24.111 41.268 0.250000
43813 40.761 -23.346 41.505 0.250000
43814 39.736 -23.548 40.950 0.250000
43815 36.990 -24.413 40.612 0.250000
43816 37.816 -23.895 40.594 0.250000
43832 37.039 -23.822 40.153 0.250000
43833 36.411 -23.921 39.794 0.375000
43845 36.489 -23.512 39.271 0.375000
43846 35.418 -24.354 38.751 0.500000
43854 35.448 -23.415 38.240 0.500000
43855 34.444 -24.343 37.561 0.875000
43856 34.782 -23.400 37.499 0.875000
43867 34.204 -23.809 37.092 1.000000
43868 33.356 -24.444 36.204 1.000000
43869 33.837 -23.739 36.480 1.000000
43879 33.398 -23.508 35.651 1.000000
43880 32.594 -24.393 35.370 1.000000
43881 32.775 -23.450 34.832 1.000000
43889 32.140 -23.988 34.596 1.000000
43893 31.576 -24.122 33.774 1.000000
43894 31.365 -23.732 32.810 0.875000
43905 31.081 -24.129 31.824 0.625000
43913 31.165 -23.995 31.004 0.500000
43925 32.045 -23.810 29.972 0.375000
43926 31.544 -24.287 30.461 0.250000
43944 33.361 -23.712 28.855 0.125000
44532 40.306 -22.919 40.645 0.125000
44534 38.797 -23.469 40.460 0.250000
44543 38.977 -22.981 39.760 0.250000
44544 38.021 -23.365 39.897 0.250000
44562 39.227 -22.392 39.285 0.125000
44563 38.148 -22.713 39.295 0.375000
44564 36.773 -22.842 38.865 0.500000
44565 37.619 -22.297 38.582 0.500000
44577 36.089 -22.682 38.304 0.500000
44588 35.467 -22.608 37.643 0.500000
44589 34.278 -23.126 36.801 1.000000
44590 34.951 -22.574 36.895 0.750000
44597 34.423 -22.510 36.287 1.000000
44598 33.872 -22.600 35.679 1.000000
44607 33.335 -22.713 35.004 1.000000
44608 32.244 -23.393 34.086 1.000000
44609 32.761 -22.693 34.306 1.000000
44617 32.225 -22.728 33.548 1.000000
44618 31.827 -23.375 33.417 0.875000
44629 31.824 -22.969 32.783 1.000000
44630 31.519 -23.373 32.097 0.750000
44638 31.440 -23.401 31.328 0.625000
44648 32.072 -23.159 30.256 0.375000
44649 31.605 -23.565 30.632 0.500000
44673 33.336 -22.684 28.872 0.250000
44674 32.670 -23.145 29.520 0.250000
44682 35.438 -23.625 27.800 0.125000
44683 34.842 -23.314 27.884 0.125000
44684 34.645 -22.587 27.873 0.125000
44685 34.090 -23.313 28.254 0.250000
44695 35.325 -22.849 27.651 0.125000
45336 38.661 -22.083 38.714 0.250000
45354 39.042 -21.346 38.375 0.125000
45355 38.154 -21.576 38.115 0.250000
45356 36.843 -22.223 38.087 0.500000
45357 37.381 -21.792 37.893 0.375000
45371 36.771 -21.541 37.548 0.500000
45372 35.569 -21.962 36.984 0.750000
45373 36.032 -21.365 37.172 0.750000
45381 35.604 -21.431 36.476 1.000000
45382 34.478 -21.895 35.771 1.000000
45383 35.138 -21.363 35.798 1.000000
45391 34.458 -21.182 35.186 1.000000
45392 33.215 -21.867 34.492 1.000000
45393 33.819 -21.117 34.524 1.000000
45401 33.239 -21.145 33.807 1.000000
45402 32.176 -22.121 32.857 1.000000
45403 32.822 -21.271 32.866 1.000000
45413 31.902 -22.564 31.871 0.875000
45414 32.285 -21.747 31.132 0.875000
45421 31.823 -22.780 30.869 0.750000
45445 32.411 -22.394 30.261 0.500000
45446 32.935 -22.078 29.622 0.500000
45447 32.735 -21.591 30.366 0.750000
45455 33.396 -21.636 29.053 0.625000
45462 34.488 -21.706 27.948 0.375000
45463 33.952 -22.206 28.370 0.500000
45474 35.149 -22.049 27.542 0.125000
46155 38.633 -20.797 37.755 0.375000
46156 37.557 -20.961 37.503 0.375000
46168 39.351 -20.317 37.087 0.500000
46169 38.235 -20.232 37.042 0.625000
46170 36.579 -20.825 37.152 0.500000
46171 37.212 -20.161 36.789 0.750000
46178 36.326 -20.335 36.403 1.000000
46179 35.687 -20.816 36.031 1.000000
46180 35.879 -19.883 35.532 1.000000
46187 35.090 -20.447 35.188 1.000000
46188 34.476 -20.507 34.413 1.000000
46189 35.055 -20.082 34.160 1.000000
46197 34.683 -20.109 33.466 1.000000
46198 33.483 -20.733 33.130 1.000000
46205 33.554 -20.265 31.707 1.000000
46206 34.042 -20.219 32.729 1.000000
46207 32.787 -21.001 31.849 0.875000
46214 33.512 -20.233 30.773 1.000000
46215 34.104 -19.599 31.189 1.000000
46216 32.921 -20.869 30.946 0.875000
46234 33.287 -21.020 30.011 0.750000
46235 33.874 -19.936 30.142 1.000000
46242 33.968 -21.232 28.658 0.625000
46243 34.090 -20.297 29.205 0.750000
46249 35.086 -20.497 27.658 0.375000
46250 34.493 -20.666 28.300 0.875000
46260 35.713 -21.279 27.354 0.125000
46901 40.346 -19.383 37.100 0.500000
46902 40.058 -20.076 36.860 0.375000
46911 39.810 -19.360 36.568 0.500000
46912 38.836 -19.866 36.325 0.625000
46913 38.992 -18.989 35.866 0.625000
46914 37.964 -19.790 36.087 0.750000
46922 37.791 -18.894 35.268 0.875000
46923 38.324 -18.326 35.048 1.000000
46924 36.938 -19.533 35.624 1.000000
46930 37.231 -18.579 34.505 1.000000
46931 38.008 -18.081 34.252 1.000000
46932 36.355 -19.130 34.622 1.000000
46933 35.556 -19.596 34.493 1.000000
46942 37.773 -18.273 33.503 1.000000
46943 36.814 -18.553 33.658 1.000000
46944 37.388 -18.444 32.882 1.000000
46945 35.446 -19.450 33.374 1.000000
46952 36.323 -18.673 32.876 1.000000
46953 35.581 -19.076 32.465 1.000000
46954 35.992 -18.312 31.966 1.000000
46955 34.916 -19.674 32.592 1.000000
46958 34.597 -19.074 30.763 1.000000
46959 35.538 -18.566 31.144 1.000000
46975 34.336 -19.373 29.821 1.000000
46976 35.079 -18.680 30.344 1.000000
46983 34.430 -19.889 29.033 0.625000
46984 34.694 -19.789 28.304 0.500000
46990 35.292 -19.608 27.535 0.250000
47001 36.474 -19.465 26.647 0.125000
47002 36.107 -19.940 26.917 0.250000
47632 41.006 -18.198 38.055 0.125000
47641 39.765 -17.709 36.468 0.500000
47642 39.496 -18.415 36.181 0.500000
47650 39.009 -18.142 35.431 0.750000
47651 38.658 -17.931 34.744 0.875000
47658 38.580 -18.101 33.324 1.000000
47659 38.964 -17.768 33.660 0.875000
47666 38.889 -18.078 33.086 1.000000
47667 39.123 -17.923 33.151 1.000000
47668 38.303 -18.316 32.967 1.000000
47675 38.862 -17.667 32.575 1.000000
47676 38.985 -17.984 32.897 0.875000
47677 37.698 -17.979 32.481 1.000000
47678 36.848 -18.137 32.402 1.000000
47689 37.490 -17.574 31.923 1.000000
47690 36.796 -17.786 31.860 1.000000
47691 36.246 -18.063 31.336 1.000000
47704 37.549 -17.406 31.566 1.000000
47705 36.773 -17.707 31.284 1.000000
47706 35.938 -18.185 30.769 1.000000
47712 35.456 -18.362 29.881 0.875000
47713 35.501 -18.246 28.879 0.625000
47721 35.434 -18.715 27.816 0.375000
47729 36.417 -18.777 26.688 0.125000
47730 35.941 -19.154 27.091 0.375000
48400 41.253 -17.352 38.130 0.125000
48403 40.663 -17.517 37.396 0.250000
48405 40.032 -17.087 36.728 0.375000
48409 39.547 -16.935 35.484 0.625000
48410 39.083 -17.571 34.509 0.875000
48416 39.363 -17.755 33.267 0.875000
48417 39.929 -17.103 34.102 0.625000
48423 39.435 -17.771 33.100 0.875000
48424 39.780 -17.571 33.104 0.875000
48429 39.358 -17.600 32.770 1.000000
48430 39.661 -17.470 32.791 0.875000
48447 39.428 -17.093 32.325 0.875000
48448 38.936 -17.185 32.126 1.000000
48449 39.200 -16.801 31.775 1.000000
48457 38.739 -16.901 31.642 1.000000
48458 37.272 -17.403 31.012 1.000000
48459 38.168 -16.953 31.191 1.000000
48460 36.268 -17.838 30.613 1.000000
48465 37.347 -16.928 30.375 1.000000
48466 36.438 -17.420 30.233 1.000000
48467 35.818 -17.887 29.848 0.875000
48474 35.912 -17.525 28.979 0.750000
48475 35.657 -17.979 27.956 0.625000
48488 36.238 -18.031 26.900 0.375000
48489 35.930 -18.459 27.266 0.500000
49162 40.880 -16.639 37.466 0.125000
49164 40.412 -16.522 36.711 0.375000
49166 40.334 -16.481 34.490 0.500000
49167 40.549 -16.070 35.484 0.375000
49174 40.362 -16.946 33.389 0.625000
49175 40.855 -16.223 33.649 0.625000
49178 40.210 -17.100 32.901 0.750000
49179 40.797 -16.430 33.068 0.750000
49193 39.915 -16.891 32.450 0.875000
49194 40.590 -16.468 32.657 0.625000
49202 40.342 -16.425 32.170 1.000000
49203 39.769 -16.601 31.833 1.000000
49209 39.410 -16.559 31.355 1.000000
49210 38.858 -16.708 31.333 1.000000
49211 39.048 -16.466 30.933 1.000000
49216 38.334 -16.632 30.749 1.000000
49217 36.461 -16.999 29.575 0.750000
49223 36.034 -17.409 27.679 0.625000
49224 36.446 -16.788 27.543 0.500000
49233 36.661 -17.333 26.841 0.375000
49234 36.955 -16.576 26.940 0.375000
49244 39.027 -17.299 25.721 0.125000
49245 38.244 -16.754 25.958 0.125000
49246 37.491 -17.246 26.244 0.250000
49257 39.758 -17.016 25.495 0.125000
49927 41.495 -16.644 38.142 0.125000
49928 41.108 -15.964 37.310 0.125000
49930 40.733 -16.051 36.408 0.250000
49932 40.854 -15.948 34.398 0.500000
49940 41.372 -15.810 33.296 0.500000
49941 41.759 -15.360 33.615 0.375000
49942 41.229 -15.508 34.208 0.375000
49950 41.297 -15.871 32.832 0.750000
49962 40.968 -15.920 32.354 1.000000
49963 41.839 -15.371 32.472 0.750000
49969 41.248 -15.594 32.050 0.875000
49970 40.558 -16.056 31.715 1.000000
49971 41.000 -15.353 31.620 1.000000
49978 40.424 -15.603 31.119 1.000000
49979 39.991 -16.305 31.223 1.000000
49980 39.878 -15.780 30.759 1.000000
49986 39.219 -15.897 30.547 1.000000
49987 38.506 -16.095 30.325 1.000000
49988 36.892 -16.429 29.239 0.750000
49999 37.308 -15.654 28.692 0.625000
50000 36.267 -16.823 28.491 0.625000
50001 36.744 -16.157 27.948 0.500000
50009 37.168 -15.859 27.157 0.500000
50018 38.218 -15.784 26.030 0.125000
50019 37.552 -16.283 26.403 0.125000
50034 38.957 -16.413 25.584 0.125000
50765 41.655 -16.138 38.164 0.125000
50766 41.934 -15.831 38.817 0.125000
50767 41.398 -15.387 37.807 0.125000
50770 40.903 -14.999 36.773 0.250000
50772 40.689 -15.508 36.014 0.250000
50774 40.944 -15.076 34.809 0.250000
50779 42.385 -14.785 33.550 0.250000
50780 41.825 -14.901 34.072 0.250000
50792 42.649 -14.711 33.217 0.375000
50793 42.993 -14.299 33.181 0.375000
50794 42.833 -14.158 33.539 0.375000
50802 42.574 -14.850 32.801 0.500000
50803 42.421 -14.807 32.262 0.750000
50809 41.778 -15.161 31.920 0.875000
50815 41.400 -14.726 31.530 1.000000
50816 40.723 -14.602 31.048 1.000000
50817 40.162 -14.828 30.439 1.000000
50824 39.445 -15.028 30.108 1.000000
50825 38.054 -15.032 28.729 0.625000
50826 38.968 -14.492 28.867 1.000000
50835 37.539 -15.219 27.618 0.625000
50836 38.315 -14.568 27.728 0.625000
50843 37.622 -15.588 26.703 0.500000
50844 38.126 -15.048 26.763 0.375000
50856 38.560 -15.003 26.034 0.375000
50867 39.011 -15.478 25.631 0.125000
51538 41.550 -14.737 38.384 0.125000
51541 41.110 -14.326 37.374 0.250000
51543 41.046 -14.047 36.333 0.250000
51545 42.968 -13.333 34.204 0.375000
51546 42.264 -13.476 34.954 0.250000
51547 41.627 -14.300 34.748 0.250000
51548 41.457 -13.907 35.459 0.250000
51551 42.526 -14.081 34.055 0.250000
51552 43.079 -13.478 33.827 0.375000
51564 43.285 -13.682 33.187 0.500000
51569 42.940 -14.357 32.679 0.500000
51570 43.115 -13.805 32.559 0.500000
51575 42.702 -14.105 32.089 0.750000
51576 42.069 -14.413 31.723 1.000000
51582 41.388 -13.792 31.132 1.000000
51583 40.425 -14.270 30.465 1.000000
51584 40.737 -13.709 30.420 1.000000
51593 40.320 -13.932 29.852 1.000000
51594 39.796 -14.219 29.451 1.000000
51595 40.286 -13.580 28.856 1.000000
51603 39.686 -13.915 28.298 1.000000
51604 40.293 -13.533 27.757 1.000000
51615 39.543 -13.827 27.218 1.000000
51616 38.855 -14.411 26.746 0.750000
51617 39.599 -14.042 26.313 0.750000
51626 39.977 -14.455 25.638 0.375000
51627 40.758 -14.034 25.304 0.375000
51628 40.211 -13.755 26.032 0.500000
51629 39.184 -14.692 25.825 0.625000
51644 43.206 -14.029 23.664 0.125000
51645 42.560 -14.028 24.136 0.125000
51655 44.543 -13.795 22.933 0.125000
51656 43.907 -14.102 23.309 0.125000
52298 41.349 -13.568 37.868 0.125000
52299 41.572 -12.949 38.199 0.125000
52307 41.348 -13.328 36.793 0.250000
52308 41.707 -12.656 37.309 0.125000
52311 42.314 -12.634 36.004 0.250000
52312 43.087 -12.761 34.748 0.250000
52313 41.603 -13.407 35.868 0.250000
52315 43.463 -12.909 34.106 0.375000
52316 43.869 -12.372 34.585 0.250000
52319 43.438 -12.988 33.889 0.375000
52320 43.978 -12.541 34.137 0.375000
52329 43.390 -13.118 33.713 0.500000
52330 43.986 -12.563 33.889 0.250000
52335 43.619 -12.799 33.417 0.375000
52336 43.311 -13.072 32.732 0.375000
52343 42.207 -13.368 31.435 1.000000
52344 42.742 -12.424 31.280 0.750000
52351 42.117 -12.587 30.598 0.875000
52352 41.405 -12.883 30.161 1.000000
52362 41.521 -12.586 28.909 0.875000
52363 42.202 -12.249 29.506 0.750000
52364 40.773 -13.174 29.427 1.000000
52370 42.462 -12.253 28.399 0.750000
52371 40.952 -13.125 28.299 1.000000
52377 40.906 -13.108 27.291 1.000000
52378 41.493 -12.850 26.867 0.875000
52379 40.164 -13.460 26.770 0.750000
52386 40.860 -13.183 26.218 0.750000
52387 41.655 -12.747 26.090 0.750000
52392 42.088 -13.533 24.630 0.500000
52393 42.504 -12.777 24.722 0.875000
52399 42.762 -13.370 24.120 0.125000
52400 43.218 -13.177 23.727 0.375000
52401 43.004 -12.597 24.205 0.750000
52407 44.297 -12.638 23.035 0.250000
52408 43.742 -13.378 23.326 0.250000
52417 46.348 -13.002 21.818 0.125000
52418 44.953 -13.212 22.581 0.125000
53065 43.499 -12.082 35.347 0.125000
53066 44.381 -11.784 35.124 0.125000
53078 44.524 -12.078 34.513 0.250000
53090 44.760 -12.037 33.893 0.250000
53091 45.042 -11.770 34.317 0.250000
53107 44.383 -12.147 33.436 0.375000
53108 44.970 -11.461 33.452 0.375000
53117 44.569 -11.399 32.695 0.375000
53118 43.801 -12.140 32.596 0.375000
53122 43.460 -11.833 31.529 0.500000
53123 44.213 -11.311 31.730 0.500000
53127 43.530 -11.714 29.726 0.625000
53128 44.087 -11.392 30.529 0.625000
53129 42.756 -11.997 30.155 0.625000
53135 43.694 -11.722 28.888 0.750000
53136 44.281 -11.415 29.443 0.625000
53137 42.985 -11.919 29.149 0.750000
53143 43.759 -11.688 27.952 0.875000
53144 44.361 -11.458 28.514 0.625000
53145 43.014 -12.026 27.742 0.750000
53152 43.620 -11.826 26.542 0.875000
53153 44.170 -11.683 27.139 0.875000
53154 42.856 -12.134 26.886 1.000000
53155 42.136 -12.572 26.905 0.875000
53162 43.654 -11.675 25.590 0.875000
53163 44.426 -11.576 26.306 0.875000
53164 42.959 -12.017 25.932 1.000000
53165 42.347 -12.386 26.088 1.000000
53170 43.430 -11.835 24.459 0.625000
53171 44.073 -11.277 24.996 0.750000
53172 42.855 -12.024 24.975 1.000000
53179 43.556 -12.512 23.659 0.250000
53180 44.144 -11.653 23.828 0.375000
53185 45.052 -12.436 22.578 0.125000
53186 44.715 -11.861 23.122 0.250000
53190 46.322 -12.091 21.687 0.125000
53191 45.701 -12.312 22.134 0.125000
53199 46.942 -12.457 21.299 0.125000
53873 45.140 -11.506 33.859 0.250000
53884 45.235 -10.738 32.618 0.250000
53885 45.661 -10.755 33.461 0.125000
53895 45.522 -10.471 31.472 0.250000
53897 44.819 -10.803 31.904 0.375000
53907 45.635 -10.703 30.372 0.250000
53909 44.906 -10.936 30.940 0.500000
53917 45.762 -10.895 29.515 0.625000
53918 46.228 -10.534 29.868 0.500000
53919 44.960 -10.993 29.948 0.625000
53924 45.785 -10.929 28.635 0.625000
53925 46.403 -10.666 29.062 0.375000
53926 45.006 -11.074 29.029 0.625000
53929 45.733 -10.899 27.719 0.750000
53930 46.490 -10.679 28.217 0.750000
53931 45.049 -11.194 28.114 0.750000
53937 45.742 -10.843 26.850 0.875000
53938 46.467 -10.580 27.351 0.750000
53946 45.439 -10.996 25.394 0.750000
53947 46.779 -10.385 25.915 0.875000
53948 44.723 -11.333 25.615 1.000000
53953 45.570 -10.874 24.441 0.250000
53954 46.387 -10.623 25.136 0.875000
53955 44.794 -11.154 24.682 0.750000
53962 45.594 -10.923 23.525 0.375000
53963 46.292 -10.611 24.060 0.375000
53964 44.952 -11.231 23.689 0.250000
53970 45.332 -11.465 22.794 0.250000
53971 46.115 -10.825 22.888 0.375000
53977 46.482 -11.210 21.987 0.375000
53986 47.280 -11.046 20.775 0.125000
53987 46.865 -11.645 21.263 0.125000
54695 46.761 -10.218 29.420 0.250000
54696 47.209 -9.751 29.944 0.125000
54704 47.640 -9.814 28.622 0.125000
54705 47.767 -9.498 29.355 0.125000
54706 47.057 -10.290 28.603 0.375000
54708 47.570 -9.947 27.428 0.500000
54709 48.058 -9.672 28.020 0.250000
54710 47.088 -10.342 27.785 0.375000
54719 47.685 -9.856 26.533 0.750000
54720 48.061 -9.577 27.140 0.500000
54721 47.052 -10.189 26.787 0.750000
54723 47.396 -10.098 25.927 0.875000
54724 47.875 -9.863 25.881 0.625000
54726 46.987 -10.332 24.671 0.750000
54727 47.618 -9.982 25.241 0.625000
54731 46.834 -10.334 23.619 0.500000
54732 47.452 -9.922 24.221 0.625000
54737 46.802 -10.466 22.550 0.375000
54738 47.354 -9.934 23.159 0.250000
54744 46.966 -10.787 21.594 0.250000
54745 47.292 -10.043 22.084 0.125000
54747 47.316 -10.176 21.065 0.125000
54751 47.767 -10.413 20.324 0.125000
55464 48.391 -8.988 29.640 0.125000
55465 48.918 -8.415 30.004 0.125000
55466 47.905 -9.308 30.194 0.125000
55477 48.189 -9.292 28.788 0.125000
55484 48.507 -9.128 27.668 0.250000
55492 48.459 -9.130 26.897 0.375000
55495 48.446 -9.123 26.120 0.250000
55497 48.118 -9.582 26.299 0.500000
55499 48.741 -9.007 25.448 0.250000
55500 48.264 -9.574 25.468 0.500000
55501 48.642 -9.277 24.894 0.250000
55503 47.931 -9.451 23.689 0.125000
55504 48.518 -9.061 24.136 0.125000
55507 48.389 -8.940 23.182 0.125000
55512 47.891 -9.639 20.628 0.125000
56266 49.568 -7.619 26.013 0.125000
56267 49.049 -8.603 24.681 0.250000
56268 49.604 -7.845 25.024 0.125000
56272 48.962 -8.473 23.650 0.125000
56273 49.450 -7.861 24.081 0.125000
56277 49.474 -7.914 23.141 0.125000
56280 49.466 -7.909 22.230 0.125000
56289 50.522 -7.754 18.682 0.125000
57062 50.008 -7.189 24.481 0.125000
57063 50.631 -6.549 24.864 0.125000
57071 50.015 -7.325 23.531 0.125000
57072 50.503 -6.578 23.918 0.125000
57082 50.076 -7.412 22.650 0.125000
57083 50.623 -6.799 22.996 0.125000
57086 50.004 -7.369 21.788 0.125000
57087 50.678 -6.930 22.197 0.125000
57090 50.485 -6.906 21.339 0.125000
57094 50.650 -7.183 18.811 0.125000
57856 51.158 -5.993 24.375 0.125000
57864 51.123 -6.057 23.430 0.125000
57865 51.713 -5.429 23.943 0.125000
57875 51.197 -6.260 22.551 0.125000
57876 51.817 -5.657 23.021 0.125000
57885 51.137 -6.407 21.761 0.125000
57886 51.838 -5.931 22.180 0.125000
57892 50.797 -6.377 20.738 0.125000
57893 51.554 -5.920 21.268 0.125000
57896 50.626 -6.522 19.476 0.125000
57897 51.064 -5.672 20.016 0.125000
57900 51.196 -6.704 18.259 0.125000
57901 51.220 -5.746 18.730 0.125000
57907 52.296 -6.164 17.816 0.125000
58655 52.361 -5.225 22.707 0.125000
58661 52.195 -5.339 21.767 0.125000
58662 52.855 -4.663 22.250 0.125000
58672 51.819 -5.165 20.656 0.125000
58673 52.502 -4.557 21.191 0.125000
58679 51.679 -5.083 19.438 0.125000
58680 52.276 -4.459 20.045 0.125000
58683 51.984 -5.303 18.442 0.125000
58684 52.489 -4.659 18.875 0.125000
59416 53.248 -3.980 21.661 0.125000
59423 52.961 -3.884 20.614 0.125000
59424 53.669 -3.303 21.129 0.125000
89132 1.162 -39.276 55.617 0.375000
89161 28.442 -35.496 37.208 0.125000
89209 38.406 -19.252 35.767 0.625000
89222 24.303 -32.315 45.321 1.000000
89279 1.574 -39.303 56.311 0.375000
89324 0.713 -40.449 53.792 0.250000
89341 2.996 -39.402 48.683 0.125000
89346 19.263 -32.647 44.846 0.875000
89384 34.913 -24.064 38.107 0.750000
89391 31.941 -31.849 48.154 0.125000
89512 28.105 -33.428 50.122 0.125000
89519 32.653 -21.904 33.717 1.000000
89565 34.214 -31.537 47.223 0.125000
89569 36.064 -23.489 38.809 0.500000
89595 30.639 -32.607 49.050 0.125000
89617 23.787 -33.661 47.023 0.375000
89624 1.186 -42.433 55.073 0.375000
89683 37.190 -23.282 39.497 0.375000
89684 33.928 -24.487 36.938 1.000000
89910 33.831 -21.864 35.165 1.000000
89911 35.104 -21.984 36.306 1.000000
89921 33.914 -23.068 36.199 1.000000
89931 32.252 -31.789 48.792 0.125000
89933 15.639 -34.876 52.582 0.375000
89947 0.969 -41.600 54.932 0.375000
89948 0.495 -42.024 51.585 0.125000
89949 0.609 -42.492 52.542 0.125000
89950 1.034 -42.691 54.258 0.125000
89952 0.310 -43.251 49.802 0.250000
89953 0.363 -43.465 50.895 0.250000
89954 0.525 -42.904 51.722 0.125000
89955 0.738 -43.337 52.611 0.250000
89956 1.155 -43.469 54.201 0.250000
89957 0.892 -44.479 47.622 0.125000
89958 0.523 -44.486 48.522 0.125000
89959 0.444 -44.888 49.415 0.250000
90083 1.644 -42.558 55.811 0.500000
90137 17.093 -34.706 53.034 0.250000
90166 35.967 -20.931 36.730 1.000000
90206 15.794 -35.415 53.831 0.250000
90246 1.122 -43.535 47.541 0.125000
90331 4.884 -43.859 55.393 0.625000
90335 15.864 -34.571 51.667 0.375000
90338 0.841 -42.437 49.577 0.125000
90385 35.940 -24.112 39.338 0.500000
90411 14.911 -35.410 52.698 0.500000
90499 33.111 -31.540 48.090 0.125000
90537 14.518 -35.028 49.922 0.625000
90563 0.942 -40.710 54.627 0.375000
90618 36.119 -21.987 37.670 0.625000
90626 16.015 -34.540 50.868 0.375000
90656 31.959 -27.600 34.925 0.875000
90686 0.813 -45.785 49.452 0.125000
90697 25.236 -30.709 42.575 1.000000
90703 1.580 -38.325 56.265 0.125000
90722 40.571 -18.529 37.377 0.375000
90779 33.664 -31.928 41.629 0.625000
90780 1.241 -45.489 47.356 0.125000
90843 27.077 -33.678 50.562 0.125000
90918 41.406 -13.316 25.337 0.625000
91041 18.378 -34.450 52.063 0.375000
91043 0.958 -45.595 51.346 0.250000
91061 28.376 -32.542 47.214 0.250000
91139 1.616 -41.875 49.558 0.125000
91145 22.332 -34.073 52.680 0.125000
91147 33.931 -20.565 33.712 1.000000
91159 24.064 -31.340 43.451 1.000000
91242 31.119 -31.889 50.445 0.125000
91341 38.646 -15.282 29.773 0.875000
91342 13.987 -35.427 57.751 0.125000
91372 39.471 -19.817 36.543 0.625000
91408 3.376 -38.315 57.969 0.250000
91434 1.470 -42.505 48.652 0.125000
91504 14.427 -36.245 56.200 0.125000
91624 45.180 -11.523 35.059 0.125000
91627 21.395 -34.416 52.388 0.125000
91632 25.520 -31.607 44.388 1.000000
91640 14.945 -34.994 57.987 0.125000
91672 33.756 -31.912 42.338 0.500000
91695 22.661 -34.482 48.816 0.250000
91732 16.734 -33.791 47.868 0.625000
91736 1.455 -46.611 48.342 0.125000
91769 24.023 -30.900 39.722 0.875000
91776 15.466 -35.496 54.702 0.250000
91797 19.318 -34.545 54.418 0.250000
91826 2.346 -48.334 48.327 0.125000
91864 22.178 -31.864 44.038 0.875000
92037 24.695 -30.617 40.621 0.875000
92063 19.245 -34.501 53.482 0.250000
92150 0.762 -41.209 51.455 0.125000
92184 39.518 -20.669 38.080 0.375000
92193 18.128 -33.033 43.243 0.750000
92266 29.040 -30.249 39.919 1.000000
92311 19.296 -34.102 55.938 0.250000
92312 18.925 -34.528 54.782 0.250000
92330 22.449 -31.357 40.719 0.875000
92337 2.054 -48.570 53.520 0.250000
92412 29.951 -31.022 42.551 1.000000
92486 37.701 -16.249 29.927 0.875000
92500 29.487 -33.611 33.966 0.375000
92596 34.201 -32.084 41.533 0.625000
92623 21.041 -33.916 53.724 0.125000
92666 31.319 -31.544 36.160 0.750000
92684 38.178 -17.146 31.617 1.000000
92696 33.713 -32.259 43.537 0.125000
92835 2.057 -49.595 51.554 0.125000
92933 1.508 -45.332 46.461 0.125000
92984 30.161 -32.769 47.799 0.250000
93017 6.239 -40.952 55.214 0.625000
93037 16.436 -35.130 54.305 0.250000
93088 2.615 -49.610 49.155 0.125000
93214 33.112 -32.113 43.341 0.500000
93248 47.260 -9.889 29.138 0.250000
93258 3.142 -37.388 56.560 0.250000
93340 26.195 -34.156 49.744 0.125000
93355 20.477 -34.785 51.921 0.250000
93383 4.737 -36.720 58.151 0.250000
93397 5.197 -41.415 56.278 0.625000
93450 25.840 -34.729 37.546 0.125000
93474 26.012 -30.545 41.872 1.000000
93497 1.705 -38.845 49.419 0.125000
93505 20.165 -34.798 52.546 0.250000
93527 33.307 -20.633 32.466 1.000000
93532 34.727 -19.108 29.383 0.875000
93557 2.652 -43.744 44.019 0.125000
93631 39.516 -23.064 40.332 0.250000
93638 2.641 -48.681 49.203 0.125000
93711 2.103 -47.513 50.807 0.125000
93714 18.232 -33.811 49.599 0.375000
93716 0.630 -39.104 51.847 0.125000
93742 2.714 -49.608 46.897 0.125000
93788 23.943 -34.646 49.532 0.125000
93843 20.446 -34.113 55.104 0.125000
93870 22.406 -32.754 46.097 0.875000
93969 13.463 -37.277 54.680 0.375000
94040 3.497 -41.915 46.810 0.125000
94117 4.187 -39.996 42.080 0.125000
94203 35.416 -30.788 40.270 0.625000
94221 33.384 -29.446 36.241 1.000000
94266 18.170 -32.971 44.683 0.875000
94293 2.932 -45.514 43.137 0.125000
94353 31.969 -32.367 34.041 0.875000
94372 33.127 -32.284 43.954 0.375000
94400 0.247 -38.313 53.876 0.125000
94456 21.115 -36.573 38.367 0.125000
94457 29.188 -35.843 36.852 0.125000
94460 2.803 -43.244 46.009 0.125000
94528 23.803 -33.068 46.419 0.750000
94561 33.438 -35.302 33.548 0.125000
94564 14.424 -34.994 48.193 0.875000
94567 14.594 -34.917 45.371 0.875000
94629 23.819 -31.390 37.929 0.750000
94649 10.469 -36.067 58.475 0.125000
94673 26.265 -31.356 44.060 0.875000
94730 7.214 -40.208 53.614 1.000000
94880 24.360 -34.128 37.100 0.125000
94899 18.317 -34.102 40.134 0.750000
95144 33.904 -32.303 46.033 0.125000
95232 9.264 -36.172 58.433 0.125000
95377 32.703 -31.961 45.503 0.250000
95446 38.597 -17.794 33.892 1.000000
95575 11.739 -37.947 46.803 0.750000
95630 8.814 -40.364 49.395 0.625000
95633 4.427 -39.680 56.962 0.375000
95745 43.118 -13.596 33.574 0.375000
95759 48.134 -9.583 24.636 0.500000
95820 11.700 -38.425 53.747 0.375000
95876 17.721 -34.636 54.851 0.250000
95934 34.625 -31.254 37.998 0.875000
95949 35.208 -29.860 38.992 0.625000
95958 1.557 -46.610 45.167 0.125000
95973 22.461 -34.563 51.757 0.125000
95983 6.087 -38.884 57.070 0.500000
95987 34.302 -31.701 37.916 1.000000
96093 9.930 -39.274 50.525 1.000000
96235 31.063 -31.646 39.338 1.000000
96243 35.376 -33.587 32.406 0.125000
96284 48.520 -9.077 28.313 0.250000
96335 11.028 -39.207 46.206 0.375000
96409 35.486 -31.309 41.024 0.625000
96413 43.222 -12.540 32.070 0.500000
96452 47.070 -10.278 25.375 0.875000
96466 2.569 -49.649 47.275 0.125000
96502 42.458 -12.384 27.542 0.750000
96513 5.970 -37.772 58.243 0.250000
96644 16.278 -33.990 44.466 0.875000
96696 35.061 -18.971 28.619 0.500000
96720 15.672 -35.322 42.218 0.750000
96801 9.732 -39.180 54.595 0.500000
96825 1.361 -46.256 54.410 0.375000
96904 45.934 -11.558 22.230 0.250000
96962 4.211 -42.172 43.279 0.125000
97014 11.059 -36.000 58.538 0.125000
97037 31.022 -25.740 31.480 0.625000
97044 27.015 -31.453 44.567 0.875000
97069 20.379 -32.665 40.394 0.875000
97084 50.305 -6.919 20.367 0.125000
97090 34.830 -32.181 41.545 0.625000
97119 42.081 -15.278 33.101 0.500000
97141 24.556 -34.093 50.727 0.125000
97223 1.643 -43.735 55.547 0.500000
97284 16.055 -35.367 56.245 0.250000
97331 36.390 -20.725 27.024 0.125000
97334 33.819 -32.597 39.447 0.875000
97412 40.175 -18.671 36.788 0.500000
97421 40.505 -23.741 42.325 0.250000
97488 47.529 -10.082 28.112 0.250000
97519 34.646 -32.716 44.995 0.125000
97565 7.502 -41.288 51.343 0.750000
97637 33.698 -20.809 29.394 0.625000
97640 1.767 -48.526 52.729 0.250000
97650 4.036 -41.413 46.847 0.125000
97693 31.498 -34.526 33.286 0.250000
97714 34.061 -30.921 33.281 0.625000
97753 1.118 -46.043 50.827 0.125000
97766 17.857 -34.360 51.647 0.250000
97790 13.203 -36.771 45.250 0.500000
97795 12.886 -35.651 57.781 0.125000
97902 35.064 -19.165 31.716 1.000000
97932 33.887 -30.536 33.846 0.625000
97938 22.360 -33.273 46.755 0.500000
97991 1.562 -45.838 55.077 0.500000
97993 20.326 -36.127 37.863 0.375000
98011 19.741 -34.438 50.259 0.375000
98098 29.907 -32.316 46.794 0.375000
98116 12.155 -38.227 56.225 0.375000
98125 13.071 -37.787 55.598 0.375000
98233 18.442 -33.651 48.446 0.375000
98286 10.471 -39.039 48.469 0.750000
98314 40.727 -15.720 35.158 0.375000
98338 28.120 -29.770 38.280 0.875000
98374 42.899 -13.263 32.039 0.625000
98417 18.674 -32.706 57.027 0.125000
98426 36.218 -23.832 27.729 0.125000
98462 2.427 -47.935 49.191 0.125000
98464 25.997 -30.703 42.754 0.875000
98682 20.339 -34.494 53.927 0.125000
98697 11.116 -37.450 57.259 0.250000
98714 34.256 -32.354 43.506 0.125000
98765 17.443 -34.713 54.210 0.250000
98891 20.105 -33.282 46.611 0.875000
98927 14.261 -35.437 45.026 0.625000
98962 39.289 -17.701 35.680 0.625000
98986 2.240 -48.991 51.375 0.250000
99091 18.449 -37.899 40.348 0.250000
99094 12.725 -37.102 52.513 0.500000
99126 30.422 -32.761 48.721 0.125000
99232 7.978 -38.187 57.246 0.375000
99265 31.881 -31.945 45.816 0.250000
99287 2.303 -44.612 44.148 0.125000
99292 33.556 -30.173 33.755 0.750000
99345 13.542 -37.282 43.370 0.250000
99388 15.778 -35.995 41.319 0.500000
99435 13.693 -36.608 56.113 0.250000
99485 1.223 -45.195 53.114 0.250000
99542 2.832 -43.042 42.145 0.125000
99565 34.533 -27.975 38.602 0.875000
99580 0.478 -38.423 51.783 0.125000
99764 8.331 -42.201 48.068 0.125000
99789 50.067 -7.052 25.479 0.125000
99790 49.125 -8.294 25.598 0.125000
99825 1.712 -45.197 45.730 0.125000
99829 15.280 -34.536 58.097 0.125000
99867 26.264 -31.700 44.685 0.750000
99888 20.823 -34.579 52.172 0.125000
100053 13.204 -37.163 44.282 0.375000
100093 12.373 -37.614 52.975 0.500000
100095 27.339 -33.146 35.347 0.250000
100110 4.585 -48.314 53.386 0.125000
100172 33.680 -32.395 44.132 0.250000
100182 32.888 -32.226 40.114 1.000000
100188 1.415 -47.153 53.114 0.375000
100197 6.507 -44.034 52.183 0.375000
100251 39.007 -14.118 27.749 0.875000
100257 18.560 -33.562 47.728 0.500000
100301 23.337 -33.292 36.980 0.375000
100308 25.391 -33.592 51.194 0.125000
100318 5.341 -36.630 58.423 0.250000
100388 40.858 -14.573 35.638 0.250000
100404 18.006 -35.150 39.397 0.750000
100405 26.345 -33.310 51.209 0.125000
100461 34.374 -19.771 31.981 1.000000
100510 4.938 -41.046 56.487 0.625000
100526 43.177 -11.907 28.440 0.750000
100614 23.341 -31.219 40.043 0.875000
100634 0.772 -39.908 51.994 0.125000
100657 32.252 -24.596 29.914 0.125000
100666 30.879 -32.456 47.516 0.250000
100786 19.903 -34.669 54.495 0.125000
100819 21.357 -32.397 39.544 0.875000
100820 32.660 -32.067 37.747 1.000000
100874 17.145 -33.424 44.580 0.875000
100892 30.267 -30.996 36.058 0.625000
100944 11.078 -38.713 53.803 0.375000
100998 11.349 -38.043 51.055 0.875000
101095 43.488 -11.865 27.239 0.875000
101147 30.370 -31.166 38.975 1.000000
101175 19.360 -32.745 41.636 0.750000
101273 5.749 -38.720 57.388 0.375000
101397 28.241 -30.602 43.138 0.875000
101440 12.637 -36.932 46.043 0.500000
101591 45.193 -11.242 26.237 0.875000
101611 20.059 -33.502 47.360 0.500000
101621 44.499 -11.504 27.733 0.750000
101632 45.976 -10.710 26.020 0.875000
101700 9.461 -39.474 51.738 1.000000
101933 12.730 -37.954 56.038 0.375000
102022 36.019 -18.968 33.797 1.000000
102080 21.665 -31.675 43.408 1.000000
102094 0.628 -43.605 48.544 0.125000
102140 21.618 -33.107 54.091 0.125000
102240 26.450 -33.550 48.096 0.250000
102264 11.676 -38.449 56.388 0.375000
102302 0.386 -36.653 54.344 0.125000
102375 41.464 -13.999 24.778 0.250000
102414 20.939 -34.559 51.666 0.125000
102429 14.772 -35.175 57.862 0.250000
102447 16.515 -34.591 52.409 0.250000
102460 3.149 -41.353 56.787 0.500000
102579 40.065 -16.368 35.859 0.375000
102584 6.528 -40.445 55.343 0.625000
102653 37.981 -15.599 29.539 0.750000
102753 17.712 -39.580 42.992 0.125000
102766 3.016 -49.486 46.547 0.125000
102840 31.550 -27.863 32.146 0.375000
103078 35.673 -20.397 27.249 0.250000
103081 25.563 -34.249 49.341 0.250000
103126 25.034 -33.724 47.151 0.250000
103149 1.029 -44.237 52.618 0.250000
103163 32.392 -33.428 32.783 0.500000
103220 30.803 -26.503 32.617 0.625000
103344 18.771 -34.484 52.470 0.375000
103376 22.003 -34.561 51.975 0.125000
103459 6.512 -36.088 58.616 0.250000
103539 31.469 -31.776 39.192 1.000000
103555 12.251 -37.284 46.649 0.750000
103638 1.208 -46.533 53.043 0.125000
103640 34.873 -30.821 30.994 0.125000
103702 2.547 -38.640 48.640 0.125000
103823 20.027 -32.345 41.607 0.750000
103832 39.576 -16.353 30.974 1.000000
103849 1.180 -45.981 48.024 0.125000
103851 43.260 -11.777 30.636 0.500000
103852 25.396 -30.128 39.367 0.875000
103946 15.305 -34.128 47.024 0.875000
103983 1.557 -46.848 54.369 0.250000
104033 46.433 -10.516 26.592 0.875000
104105 20.044 -33.460 38.890 0.875000
104106 32.080 -31.861 37.657 1.000000
104166 32.313 -31.825 40.644 1.000000
104220 16.041 -34.400 57.919 0.250000
104228 5.201 -40.193 56.556 0.500000
104400 32.788 -32.107 45.981 0.250000
104404 10.416 -38.845 50.851 0.875000
104410 12.349 -37.092 48.381 1.000000
104416 22.674 -34.583 50.968 0.250000
104420 13.987 -36.754 54.597 0.500000
104446 18.357 -32.245 57.380 0.125000
104467 0.660 -43.642 51.893 0.250000
104549 35.964 -17.985 27.380 0.625000
104615 14.016 -35.356 48.584 0.875000
104748 6.237 -43.790 52.791 0.375000
104756 13.348 -37.456 55.210 0.375000
104769 5.604 -40.772 56.045 0.625000
104776 14.286 -35.615 44.213 0.750000
104903 22.258 -33.852 47.611 0.375000
104905 13.143 -36.798 52.017 0.625000
104921 18.221 -38.756 41.576 0.125000
104929 12.641 -34.646 57.908 0.125000
105032 44.505 -12.245 34.137 0.250000
105112 35.927 -24.612 39.804 0.375000
105139 2.719 -41.438 48.865 0.125000
105164 44.965 -11.389 27.134 0.875000
105231 31.861 -26.978 35.082 0.875000
105295 38.234 -17.379 32.036 1.000000
105299 23.725 -34.050 47.510 0.250000
105329 10.772 -36.545 57.864 0.250000
105387 30.317 -32.531 47.110 0.375000
105498 41.766 -12.755 27.746 0.875000
105555 0.935 -42.032 54.393 0.375000
105611 13.131 -35.981 48.143 0.875000
105613 23.085 -32.544 45.287 1.000000
105684 1.376 -44.680 54.452 0.250000
105697 22.525 -33.652 52.990 0.125000
105752 6.828 -37.900 57.729 0.375000
105865 48.753 -8.594 26.058 0.250000
105898 15.472 -35.713 56.539 0.250000
105906 13.203 -36.275 57.075 0.125000
105932 28.391 -33.750 34.607 0.250000
105938 4.150 -48.937 53.697 0.125000
105940 31.898 -31.637 41.393 1.000000
105943 11.867 -37.694 50.706 1.000000
105944 23.291 -31.529 43.462 1.000000
105951 20.806 -34.368 53.218 0.125000
105955 45.568 -13.173 22.221 0.125000
106104 31.205 -32.065 46.151 0.375000
106144 38.634 -18.033 32.839 1.000000
106214 32.195 -34.055 32.790 0.375000
106251 2.454 -40.964 56.942 0.500000
106318 27.002 -31.154 34.934 0.625000
106341 9.621 -39.420 52.674 0.875000
106495 38.232 -17.718 32.391 1.000000
106556 2.000 -47.860 47.998 0.125000
106628 22.341 -33.591 47.174 0.500000
106683 33.146 -31.518 48.260 0.125000
106685 2.707 -44.528 42.943 0.125000
106744 41.720 -13.079 30.877 1.000000
106786 1.583 -47.711 51.589 0.125000
106927 2.107 -39.469 49.543 0.125000
107016 33.131 -32.188 40.457 1.000000
107020 33.561 -29.935 32.961 0.375000
107025 32.859 -29.486 34.876 1.000000
107139 35.935 -23.173 27.567 0.125000
107195 4.386 -40.331 42.367 0.125000
107222 26.850 -29.696 36.904 0.750000
107233 0.427 -44.210 50.925 0.250000
107244 32.328 -21.701 32.099 0.875000
107262 34.985 -21.241 27.708 0.125000
107277 30.272 -31.235 38.345 1.000000
107300 1.996 -50.312 50.564 0.125000
107444 41.250 -15.770 33.777 0.375000
107482 26.301 -30.451 41.298 0.875000
107493 2.748 -44.320 41.255 0.125000
107608 8.224 -39.295 54.244 0.750000
107646 2.420 -43.824 45.427 0.125000
107759 46.569 -10.078 30.119 0.125000
107815 37.397 -22.756 39.124 0.375000
107834 22.905 -31.307 40.374 0.875000
107920 24.197 -32.621 36.908 0.250000
107957 10.307 -36.997 57.438 0.250000
107972 15.280 -33.518 57.466 0.125000
108167 2.532 -43.443 40.628 0.125000
108211 8.522 -39.162 55.782 0.500000
108216 0.218 -37.322 51.476 0.125000
108353 33.421 -32.223 45.712 0.250000
108384 2.820 -39.221 57.213 0.250000
108520 40.390 -18.001 36.964 0.375000
108543 23.934 -32.011 44.616 1.000000
108625 30.788 -25.911 32.102 0.625000
108648 34.898 -33.850 32.490 0.250000
108667 6.579 -36.738 58.481 0.250000
108711 42.044 -12.779 25.321 0.875000
108737 37.147 -15.678 27.815 0.500000
108800 6.323 -43.282 53.128 0.875000
108824 44.269 -11.489 25.704 1.000000
108825 12.619 -35.750 57.779 0.125000
108848 33.258 -31.309 36.302 1.000000
109058 26.479 -32.338 46.006 0.750000
109093 35.176 -31.669 40.757 0.750000
109096 2.644 -49.505 49.926 0.125000
109124 28.097 -35.013 36.695 0.250000
109130 42.493 -12.327 25.390 0.875000
