#!ascii label  , from subject OAS1_0001-3 vox2ras=TkReg 
724
28647 5.289 -43.115 55.122 0.000000
28656 5.763 -42.631 54.597 0.000000
29431 5.411 -42.395 55.395 0.000000
29439 6.203 -41.920 53.962 0.000000
30250 6.606 -40.997 53.770 0.000000
30257 6.648 -41.663 53.273 0.000000
30258 7.004 -41.009 53.039 0.000000
31039 8.148 -39.636 53.473 0.000000
31040 8.980 -39.188 54.178 0.000000
31046 8.457 -39.951 52.505 0.000000
31048 7.620 -40.349 52.772 0.000000
31055 8.714 -39.973 51.554 0.000000
31056 9.248 -39.592 52.311 0.000000
31057 7.902 -40.528 51.871 0.000000
31065 8.735 -40.054 50.693 0.000000
31066 9.351 -39.567 50.990 0.000000
31067 8.084 -40.667 50.843 0.000000
31076 8.484 -40.472 50.035 0.000000
31771 10.515 -39.001 52.751 0.000000
31772 11.101 -38.649 53.169 0.000000
31776 10.368 -38.776 52.104 0.000000
31777 10.887 -38.442 52.468 0.000000
31778 9.884 -39.242 52.311 0.000000
31783 10.706 -38.476 51.476 0.000000
31784 10.061 -39.120 51.425 0.000000
31792 9.903 -39.413 49.664 0.000000
31793 10.391 -38.868 50.146 0.000000
31814 10.449 -38.951 49.277 0.000000
31835 11.033 -38.391 48.710 0.000000
32552 11.712 -38.139 52.930 0.000000
32553 12.406 -37.974 53.608 0.000000
32554 11.283 -37.879 51.976 0.000000
32555 12.072 -37.522 52.278 0.000000
32557 11.448 -38.045 50.265 0.000000
32558 11.969 -37.590 51.401 0.000000
32559 10.868 -38.465 50.612 0.000000
32561 11.553 -37.877 49.404 0.000000
32562 11.988 -37.441 50.023 0.000000
32563 10.960 -38.445 49.755 0.000000
32570 11.790 -37.669 48.484 0.000000
32571 12.172 -37.212 49.134 0.000000
32601 12.141 -37.348 47.555 0.000000
33361 12.605 -37.137 51.714 0.000000
33363 12.498 -37.124 50.789 0.000000
33364 13.201 -36.675 51.345 0.000000
33366 12.560 -36.674 49.805 0.000000
33367 13.177 -36.315 50.499 0.000000
33369 12.770 -36.462 48.798 0.000000
33370 13.224 -35.960 49.571 0.000000
33377 12.716 -36.580 47.866 0.000000
33378 13.489 -35.813 48.728 0.000000
33388 12.719 -36.692 46.965 0.000000
33389 13.240 -36.026 47.370 0.000000
33404 13.349 -36.154 46.347 0.000000
33421 13.768 -35.826 45.539 0.000000
34211 18.026 -34.534 52.720 0.000000
34212 17.487 -34.490 52.229 0.000000
34214 14.396 -35.673 51.875 0.000000
34215 13.723 -36.331 51.951 0.000000
34225 18.633 -34.094 51.454 0.000000
34226 16.890 -34.419 51.453 0.000000
34227 15.335 -34.797 51.104 0.000000
34228 14.628 -35.355 50.913 0.000000
34229 13.892 -36.079 51.122 0.000000
34236 20.322 -34.606 50.884 0.000000
34237 19.505 -34.291 51.153 0.000000
34238 18.666 -34.017 50.466 0.000000
34239 17.737 -34.119 50.945 0.000000
34240 16.783 -34.176 50.482 0.000000
34241 15.229 -34.692 50.424 0.000000
34242 15.938 -34.349 50.015 0.000000
34243 13.870 -35.647 50.246 0.000000
34246 21.473 -34.665 49.912 0.000000
34247 20.577 -34.711 50.082 0.000000
34248 19.099 -34.153 49.654 0.000000
34249 15.140 -34.490 49.503 0.000000
34250 14.487 -34.901 48.970 0.000000
34251 13.924 -35.498 49.316 0.000000
34253 14.155 -35.031 47.540 0.000000
34254 15.102 -34.498 48.567 0.000000
34255 13.735 -35.504 47.947 0.000000
34257 14.156 -34.906 46.764 0.000000
34258 14.941 -34.502 47.574 0.000000
34259 13.762 -35.558 47.049 0.000000
34263 14.172 -35.101 45.847 0.000000
34264 14.676 -34.502 46.267 0.000000
34265 13.819 -35.455 46.303 0.000000
34270 14.811 -35.038 44.486 0.000000
34271 15.075 -34.541 45.248 0.000000
34283 15.116 -35.007 43.583 0.000000
34284 15.581 -34.589 44.256 0.000000
34301 15.618 -34.861 43.157 0.000000
35034 17.539 -33.785 50.031 0.000000
35035 16.592 -33.899 49.582 0.000000
35040 21.782 -34.458 49.108 0.000000
35041 20.891 -34.497 49.360 0.000000
35042 20.018 -34.327 49.610 0.000000
35043 18.321 -33.739 49.085 0.000000
35044 17.304 -33.691 49.074 0.000000
35045 16.399 -33.859 48.797 0.000000
35046 15.797 -34.129 49.095 0.000000
35050 24.571 -34.001 47.791 0.000000
35052 22.068 -34.190 48.322 0.000000
35053 21.213 -34.202 48.552 0.000000
35054 20.295 -34.007 48.840 0.000000
35055 19.296 -33.873 49.060 0.000000
35056 17.469 -33.665 48.491 0.000000
35057 16.593 -33.823 48.337 0.000000
35058 15.807 -34.145 48.306 0.000000
35060 23.429 -34.228 47.858 0.000000
35062 21.463 -33.897 47.730 0.000000
35063 20.575 -33.860 47.921 0.000000
35064 19.491 -33.679 48.077 0.000000
35065 17.668 -33.597 47.884 0.000000
35066 16.027 -33.865 47.055 0.000000
35067 16.997 -33.519 47.224 0.000000
35068 15.911 -34.047 47.732 0.000000
35070 15.864 -33.714 46.074 0.000000
35071 16.512 -33.561 46.484 0.000000
35072 15.277 -34.041 46.135 0.000000
35074 15.710 -34.116 45.189 0.000000
35075 16.604 -33.573 45.480 0.000000
35080 16.196 -34.310 43.615 0.000000
35081 16.756 -33.778 43.886 0.000000
35091 16.204 -34.558 42.734 0.000000
35092 16.845 -33.930 43.191 0.000000
35101 16.859 -34.047 42.332 0.000000
35859 29.184 -33.244 48.820 0.000000
35860 29.949 -33.039 48.546 0.000000
35872 29.506 -33.103 48.429 0.000000
35873 28.961 -33.287 48.514 0.000000
35874 29.427 -33.085 47.961 0.000000
35875 28.149 -33.334 48.594 0.000000
35881 28.485 -33.062 47.927 0.000000
35882 27.350 -33.166 48.097 0.000000
35883 25.787 -33.627 47.510 0.000000
35884 26.528 -33.164 47.285 0.000000
35885 24.255 -33.922 47.342 0.000000
35886 23.008 -33.795 47.333 0.000000
35887 21.699 -33.496 46.977 0.000000
35888 20.841 -33.572 47.112 0.000000
35889 19.167 -33.457 47.050 0.000000
35890 18.040 -33.373 47.152 0.000000
35892 25.681 -33.361 46.819 0.000000
35893 25.114 -33.337 46.520 0.000000
35894 25.649 -33.025 46.356 0.000000
35895 24.483 -33.503 46.764 0.000000
35896 23.073 -33.154 46.637 0.000000
35897 21.705 -32.949 46.232 0.000000
35898 20.947 -33.219 46.322 0.000000
35899 19.356 -33.136 46.271 0.000000
35900 18.444 -33.141 46.356 0.000000
35901 17.370 -33.305 46.387 0.000000
35903 24.453 -32.956 46.161 0.000000
35904 23.081 -32.693 45.928 0.000000
35905 21.846 -32.660 45.455 0.000000
35906 22.525 -32.577 45.336 0.000000
35907 21.055 -32.804 45.557 0.000000
35908 20.042 -32.932 45.719 0.000000
35909 18.870 -32.900 45.594 0.000000
35910 17.758 -33.131 45.499 0.000000
35912 21.259 -32.451 44.787 0.000000
35913 20.329 -32.537 44.858 0.000000
35914 18.539 -32.755 43.951 0.000000
35915 19.507 -32.257 44.054 0.000000
35916 17.555 -33.304 43.735 0.000000
35921 18.297 -33.057 42.584 0.000000
35922 18.838 -32.543 43.214 0.000000
35923 17.568 -33.506 42.867 0.000000
35930 18.559 -33.179 41.783 0.000000
35931 19.101 -32.604 42.411 0.000000
36689 29.846 -32.692 47.419 0.000000
36690 29.203 -32.588 47.379 0.000000
36691 27.578 -32.805 47.322 0.000000
36698 30.693 -32.381 46.633 0.000000
36699 28.825 -32.145 46.689 0.000000
36700 27.835 -32.390 46.619 0.000000
36701 27.081 -32.747 46.701 0.000000
36702 26.345 -32.827 46.439 0.000000
36708 32.441 -31.918 44.688 0.000000
36709 31.521 -31.819 45.261 0.000000
36710 30.925 -31.627 44.655 0.000000
36711 30.562 -31.872 45.915 0.000000
36712 29.334 -31.848 45.982 0.000000
36713 28.212 -31.996 45.948 0.000000
36714 27.147 -32.248 46.076 0.000000
36715 25.991 -32.457 45.950 0.000000
36716 26.601 -31.935 45.414 0.000000
36717 25.227 -32.624 45.925 0.000000
36718 23.674 -32.658 45.683 0.000000
36722 32.515 -32.056 43.621 0.000000
36723 31.809 -31.864 44.124 0.000000
36724 31.241 -31.534 43.517 0.000000
36725 25.808 -31.963 45.294 0.000000
36726 25.085 -31.854 45.235 0.000000
36727 23.498 -32.354 44.945 0.000000
36728 24.586 -31.743 44.564 0.000000
36729 22.770 -32.266 44.639 0.000000
36730 22.023 -32.369 44.712 0.000000
36731 20.532 -31.999 44.061 0.000000
36739 33.447 -31.944 42.850 0.000000
36740 32.627 -31.843 42.628 0.000000
36741 31.953 -31.807 43.043 0.000000
36742 31.454 -31.447 42.449 0.000000
36743 23.356 -31.901 44.278 0.000000
36744 22.764 -31.773 43.931 0.000000
36745 21.443 -31.944 44.057 0.000000
36746 20.760 -31.717 43.100 0.000000
36747 19.721 -32.007 43.163 0.000000
36755 34.649 -32.273 42.121 0.000000
36756 34.226 -32.096 42.261 0.000000
36757 33.056 -31.824 41.866 0.000000
36758 32.301 -31.680 41.586 0.000000
36759 31.990 -31.549 42.031 0.000000
36760 31.559 -31.555 41.421 0.000000
36761 22.322 -31.572 43.204 0.000000
36762 21.442 -31.597 42.636 0.000000
36763 22.017 -31.471 42.229 0.000000
36764 20.632 -31.873 42.083 0.000000
36765 19.925 -32.154 42.304 0.000000
36775 34.301 -32.140 40.708 0.000000
36776 34.988 -32.017 40.946 0.000000
36777 33.500 -32.102 40.851 0.000000
36778 33.090 -31.944 41.145 0.000000
36779 32.533 -31.829 41.056 0.000000
36780 31.953 -31.754 40.975 0.000000
36781 31.553 -31.682 40.749 0.000000
36782 21.236 -31.770 41.691 0.000000
36783 20.522 -32.266 41.211 0.000000
36784 19.713 -32.815 40.809 0.000000
36796 34.286 -32.289 39.835 0.000000
36797 34.790 -31.882 40.297 0.000000
36798 33.562 -32.382 40.128 0.000000
36799 32.806 -32.007 40.621 0.000000
36800 32.411 -31.934 40.181 0.000000
36801 31.959 -31.756 40.386 0.000000
36802 31.573 -31.644 39.948 0.000000
36804 21.141 -32.257 40.567 0.000000
36811 33.604 -32.529 38.806 0.000000
36812 34.272 -32.298 39.125 0.000000
36813 33.151 -32.466 39.470 0.000000
36814 32.494 -32.175 39.480 0.000000
36815 31.916 -31.866 39.529 0.000000
36816 31.495 -31.824 38.726 0.000000
36824 33.303 -32.275 38.013 0.000000
36825 34.112 -32.214 38.299 0.000000
36826 32.725 -32.267 38.592 0.000000
36827 32.003 -32.006 38.685 0.000000
36828 31.566 -31.760 37.942 0.000000
36839 32.945 -31.883 37.268 0.000000
36840 33.663 -31.847 37.530 0.000000
36841 32.397 -31.809 37.126 0.000000
36842 31.674 -31.665 36.903 0.000000
36854 33.161 -31.571 36.746 0.000000
36855 32.560 -31.733 36.464 0.000000
36856 32.839 -31.653 35.731 0.000000
36857 32.049 -31.765 36.433 0.000000
36858 31.762 -31.752 35.739 0.000000
36865 32.308 -31.796 35.750 0.000000
36866 32.051 -31.840 35.482 0.000000
36909 32.064 -32.759 33.320 0.000000
37530 29.856 -31.449 45.060 0.000000
37531 28.656 -31.579 45.229 0.000000
37532 27.611 -31.745 45.290 0.000000
37537 30.280 -31.261 44.014 0.000000
37538 29.162 -31.108 44.389 0.000000
37539 28.087 -31.220 44.592 0.000000
37543 30.607 -31.273 42.946 0.000000
37544 29.625 -31.053 43.431 0.000000
37545 28.643 -30.819 43.824 0.000000
37546 27.647 -30.880 43.949 0.000000
37547 26.866 -31.015 43.894 0.000000
37548 25.541 -31.090 43.473 0.000000
37549 26.419 -30.853 43.347 0.000000
37550 24.744 -31.455 43.813 0.000000
37551 23.995 -31.654 44.009 0.000000
37556 30.970 -31.113 41.990 0.000000
37557 30.301 -30.872 41.707 0.000000
37558 29.136 -30.732 43.062 0.000000
37559 24.587 -30.999 43.144 0.000000
37560 23.735 -31.115 42.873 0.000000
37561 24.316 -30.797 42.338 0.000000
37562 22.893 -31.356 42.611 0.000000
37581 31.054 -31.488 41.166 0.000000
37582 30.556 -30.934 40.843 0.000000
37583 23.438 -31.018 42.045 0.000000
37584 22.588 -31.244 41.695 0.000000
37585 21.821 -31.567 41.222 0.000000
37592 35.092 -31.401 40.183 0.000000
37593 35.461 -31.026 40.595 0.000000
37594 31.154 -31.510 40.380 0.000000
37595 30.550 -31.033 39.912 0.000000
37597 23.147 -30.892 41.020 0.000000
37598 21.905 -31.965 40.126 0.000000
37602 34.858 -31.284 39.555 0.000000
37603 35.085 -30.982 39.734 0.000000
37604 34.669 -31.773 39.657 0.000000
37605 31.211 -31.777 38.737 0.000000
37606 30.758 -31.591 38.408 0.000000
37616 34.812 -31.010 38.935 0.000000
37617 34.610 -31.623 38.805 0.000000
37618 34.798 -30.805 38.198 0.000000
37619 31.159 -31.748 38.155 0.000000
37620 30.769 -31.485 37.614 0.000000
37621 30.218 -31.233 37.869 0.000000
37632 33.803 -31.294 37.187 0.000000
37633 34.203 -30.910 37.328 0.000000
37634 31.268 -31.604 37.303 0.000000
37635 30.838 -31.325 36.632 0.000000
37642 33.414 -31.113 36.396 0.000000
37643 33.265 -31.280 35.531 0.000000
37644 33.464 -30.780 35.633 0.000000
37645 31.118 -31.808 34.814 0.000000
37646 30.569 -31.323 35.258 0.000000
37669 33.050 -31.689 34.716 0.000000
37670 33.663 -31.171 34.624 0.000000
37671 32.338 -31.970 34.890 0.000000
37672 31.678 -32.107 34.574 0.000000
37691 33.340 -31.804 33.748 0.000000
37692 32.528 -32.166 33.902 0.000000
38298 27.250 -30.698 43.196 0.000000
38304 29.078 -30.401 42.266 0.000000
38305 27.753 -30.393 42.344 0.000000
38306 26.722 -30.578 42.481 0.000000
38323 29.507 -30.372 41.245 0.000000
38324 28.262 -30.269 41.454 0.000000
38325 26.995 -30.382 41.538 0.000000
38326 25.693 -30.509 41.067 0.000000
38327 25.000 -30.637 41.662 0.000000
38328 24.054 -30.767 41.425 0.000000
38333 29.741 -30.488 40.361 0.000000
38334 28.732 -30.182 40.654 0.000000
38335 27.628 -30.142 40.767 0.000000
38336 26.476 -30.170 40.731 0.000000
38337 25.488 -30.193 40.224 0.000000
38338 26.127 -29.774 39.732 0.000000
38339 23.834 -30.832 40.603 0.000000
38345 35.598 -30.509 40.475 0.000000
38346 35.225 -30.579 39.608 0.000000
38347 29.727 -30.587 39.449 0.000000
38348 28.776 -30.109 39.029 0.000000
38349 28.206 -29.885 39.971 0.000000
38350 24.764 -30.493 39.528 0.000000
38360 34.929 -30.619 39.026 0.000000
38361 29.704 -30.701 38.419 0.000000
38362 28.788 -30.157 37.874 0.000000
38371 34.888 -30.451 38.377 0.000000
38372 34.402 -30.554 37.517 0.000000
38373 30.230 -31.091 37.003 0.000000
38374 29.589 -30.558 37.361 0.000000
38392 33.651 -30.577 36.615 0.000000
38411 33.371 -30.319 35.830 0.000000
38412 33.505 -30.547 34.975 0.000000
38428 33.929 -30.771 34.197 0.000000
39086 27.153 -29.689 39.962 0.000000
39093 35.362 -30.199 39.520 0.000000
39094 27.735 -29.627 39.088 0.000000
39095 26.707 -29.613 38.924 0.000000
39106 35.071 -30.300 38.994 0.000000
39115 35.006 -30.113 38.494 0.000000
39116 34.530 -30.270 37.645 0.000000
39117 28.748 -29.921 36.722 0.000000
39136 33.775 -30.237 36.739 0.000000
39145 33.368 -30.021 35.967 0.000000
39146 33.294 -30.206 35.287 0.000000
39156 33.468 -30.337 34.597 0.000000
39919 35.434 -29.492 39.519 0.000000
39925 35.286 -29.063 39.188 0.000000
39932 35.069 -29.488 38.740 0.000000
39933 34.635 -29.880 37.809 0.000000
39948 33.870 -29.864 36.952 0.000000
39956 33.393 -29.837 36.075 0.000000
39957 33.206 -29.987 35.298 0.000000
40780 35.143 -28.679 39.166 0.000000
40785 34.585 -29.348 38.135 0.000000
40786 34.860 -28.696 38.775 0.000000
40787 34.252 -28.706 37.955 0.000000
40801 33.926 -29.552 37.143 0.000000
40802 33.538 -28.770 37.036 0.000000
40809 33.072 -29.555 35.419 0.000000
40810 33.021 -28.739 36.030 0.000000
40811 32.771 -29.036 35.121 0.000000
41551 34.480 -27.043 38.674 0.000000
41552 33.863 -27.661 37.828 0.000000
41566 33.174 -27.808 36.836 0.000000
41567 33.356 -26.792 37.184 0.000000
41568 32.729 -26.941 36.520 0.000000
41581 32.544 -28.164 35.430 0.000000
41582 32.715 -27.785 36.139 0.000000
41583 32.209 -27.123 35.709 0.000000
41590 31.458 -26.861 34.471 0.000000
41591 31.078 -27.202 33.360 0.000000
42306 34.620 -25.931 38.454 0.000000
42307 34.017 -26.424 37.861 0.000000
42314 33.723 -25.987 37.049 0.000000
42315 33.068 -26.073 36.589 0.000000
42316 32.330 -26.183 36.052 0.000000
42331 31.822 -26.346 35.278 0.000000
42339 31.406 -25.748 34.631 0.000000
42340 31.003 -26.187 33.652 0.000000
43136 34.190 -25.332 37.528 0.000000
43147 33.536 -25.267 36.702 0.000000
43148 32.779 -25.285 36.097 0.000000
43159 32.035 -25.429 35.409 0.000000
43166 31.738 -24.775 34.653 0.000000
43167 31.137 -25.143 33.777 0.000000
43173 30.969 -24.615 32.836 0.000000
43867 34.204 -23.809 37.092 0.000000
43868 33.356 -24.444 36.204 0.000000
43869 33.837 -23.739 36.480 0.000000
43879 33.398 -23.508 35.651 0.000000
43880 32.594 -24.393 35.370 0.000000
43881 32.775 -23.450 34.832 0.000000
43889 32.140 -23.988 34.596 0.000000
43893 31.576 -24.122 33.774 0.000000
43894 31.365 -23.732 32.810 0.000000
44589 34.278 -23.126 36.801 0.000000
44597 34.423 -22.510 36.287 0.000000
44598 33.872 -22.600 35.679 0.000000
44607 33.335 -22.713 35.004 0.000000
44608 32.244 -23.393 34.086 0.000000
44609 32.761 -22.693 34.306 0.000000
44617 32.225 -22.728 33.548 0.000000
44618 31.827 -23.375 33.417 0.000000
44629 31.824 -22.969 32.783 0.000000
45381 35.604 -21.431 36.476 0.000000
45382 34.478 -21.895 35.771 0.000000
45383 35.138 -21.363 35.798 0.000000
45391 34.458 -21.182 35.186 0.000000
45392 33.215 -21.867 34.492 0.000000
45393 33.819 -21.117 34.524 0.000000
45401 33.239 -21.145 33.807 0.000000
45402 32.176 -22.121 32.857 0.000000
45403 32.822 -21.271 32.866 0.000000
45413 31.902 -22.564 31.871 0.000000
46178 36.326 -20.335 36.403 0.000000
46179 35.687 -20.816 36.031 0.000000
46180 35.879 -19.883 35.532 0.000000
46187 35.090 -20.447 35.188 0.000000
46188 34.476 -20.507 34.413 0.000000
46189 35.055 -20.082 34.160 0.000000
46197 34.683 -20.109 33.466 0.000000
46198 33.483 -20.733 33.130 0.000000
46205 33.554 -20.265 31.707 0.000000
46206 34.042 -20.219 32.729 0.000000
46207 32.787 -21.001 31.849 0.000000
46214 33.512 -20.233 30.773 0.000000
46215 34.104 -19.599 31.189 0.000000
46216 32.921 -20.869 30.946 0.000000
46913 38.992 -18.989 35.866 0.000000
46914 37.964 -19.790 36.087 0.000000
46922 37.791 -18.894 35.268 0.000000
46923 38.324 -18.326 35.048 0.000000
46924 36.938 -19.533 35.624 0.000000
46930 37.231 -18.579 34.505 0.000000
46931 38.008 -18.081 34.252 0.000000
46932 36.355 -19.130 34.622 0.000000
46933 35.556 -19.596 34.493 0.000000
46942 37.773 -18.273 33.503 0.000000
46943 36.814 -18.553 33.658 0.000000
46944 37.388 -18.444 32.882 0.000000
46945 35.446 -19.450 33.374 0.000000
46952 36.323 -18.673 32.876 0.000000
46953 35.581 -19.076 32.465 0.000000
46954 35.992 -18.312 31.966 0.000000
46955 34.916 -19.674 32.592 0.000000
46958 34.597 -19.074 30.763 0.000000
46959 35.538 -18.566 31.144 0.000000
47642 39.496 -18.415 36.181 0.000000
47650 39.009 -18.142 35.431 0.000000
47651 38.658 -17.931 34.744 0.000000
47658 38.580 -18.101 33.324 0.000000
47666 38.889 -18.078 33.086 0.000000
47667 39.123 -17.923 33.151 0.000000
47668 38.303 -18.316 32.967 0.000000
47675 38.862 -17.667 32.575 0.000000
47676 38.985 -17.984 32.897 0.000000
47677 37.698 -17.979 32.481 0.000000
47678 36.848 -18.137 32.402 0.000000
47689 37.490 -17.574 31.923 0.000000
47690 36.796 -17.786 31.860 0.000000
47691 36.246 -18.063 31.336 0.000000
47704 37.549 -17.406 31.566 0.000000
47705 36.773 -17.707 31.284 0.000000
48410 39.083 -17.571 34.509 0.000000
48416 39.363 -17.755 33.267 0.000000
48417 39.929 -17.103 34.102 0.000000
48423 39.435 -17.771 33.100 0.000000
48424 39.780 -17.571 33.104 0.000000
48429 39.358 -17.600 32.770 0.000000
48430 39.661 -17.470 32.791 0.000000
48447 39.428 -17.093 32.325 0.000000
48448 38.936 -17.185 32.126 0.000000
48449 39.200 -16.801 31.775 0.000000
48457 38.739 -16.901 31.642 0.000000
48458 37.272 -17.403 31.012 0.000000
48459 38.168 -16.953 31.191 0.000000
48465 37.347 -16.928 30.375 0.000000
48466 36.438 -17.420 30.233 0.000000
49178 40.210 -17.100 32.901 0.000000
49193 39.915 -16.891 32.450 0.000000
49194 40.590 -16.468 32.657 0.000000
49202 40.342 -16.425 32.170 0.000000
49203 39.769 -16.601 31.833 0.000000
49209 39.410 -16.559 31.355 0.000000
49210 38.858 -16.708 31.333 0.000000
49211 39.048 -16.466 30.933 0.000000
49216 38.334 -16.632 30.749 0.000000
49962 40.968 -15.920 32.354 0.000000
49970 40.558 -16.056 31.715 0.000000
49971 41.000 -15.353 31.620 0.000000
49978 40.424 -15.603 31.119 0.000000
49979 39.991 -16.305 31.223 0.000000
49980 39.878 -15.780 30.759 0.000000
49986 39.219 -15.897 30.547 0.000000
49987 38.506 -16.095 30.325 0.000000
50815 41.400 -14.726 31.530 0.000000
50816 40.723 -14.602 31.048 0.000000
50817 40.162 -14.828 30.439 0.000000
50824 39.445 -15.028 30.108 0.000000
51576 42.069 -14.413 31.723 0.000000
51582 41.388 -13.792 31.132 0.000000
51583 40.425 -14.270 30.465 0.000000
51584 40.737 -13.709 30.420 0.000000
51593 40.320 -13.932 29.852 0.000000
51594 39.796 -14.219 29.451 0.000000
51595 40.286 -13.580 28.856 0.000000
51603 39.686 -13.915 28.298 0.000000
52343 42.207 -13.368 31.435 0.000000
52344 42.742 -12.424 31.280 0.000000
52351 42.117 -12.587 30.598 0.000000
52352 41.405 -12.883 30.161 0.000000
52362 41.521 -12.586 28.909 0.000000
52363 42.202 -12.249 29.506 0.000000
52364 40.773 -13.174 29.427 0.000000
52370 42.462 -12.253 28.399 0.000000
52371 40.952 -13.125 28.299 0.000000
52378 41.493 -12.850 26.867 0.000000
53122 43.460 -11.833 31.529 0.000000
53127 43.530 -11.714 29.726 0.000000
53129 42.756 -11.997 30.155 0.000000
53135 43.694 -11.722 28.888 0.000000
53136 44.281 -11.415 29.443 0.000000
53137 42.985 -11.919 29.149 0.000000
53143 43.759 -11.688 27.952 0.000000
53144 44.361 -11.458 28.514 0.000000
53145 43.014 -12.026 27.742 0.000000
53152 43.620 -11.826 26.542 0.000000
53153 44.170 -11.683 27.139 0.000000
53154 42.856 -12.134 26.886 0.000000
53155 42.136 -12.572 26.905 0.000000
53163 44.426 -11.576 26.306 0.000000
53924 45.785 -10.929 28.635 0.000000
53926 45.006 -11.074 29.029 0.000000
53929 45.733 -10.899 27.719 0.000000
53931 45.049 -11.194 28.114 0.000000
53937 45.742 -10.843 26.850 0.000000
53938 46.467 -10.580 27.351 0.000000
53946 45.439 -10.996 25.394 0.000000
53947 46.779 -10.385 25.915 0.000000
53948 44.723 -11.333 25.615 0.000000
53954 46.387 -10.623 25.136 0.000000
54719 47.685 -9.856 26.533 0.000000
54723 47.396 -10.098 25.927 0.000000
54724 47.875 -9.863 25.881 0.000000
54726 46.987 -10.332 24.671 0.000000
54727 47.618 -9.982 25.241 0.000000
54732 47.452 -9.922 24.221 0.000000
54738 47.354 -9.934 23.159 0.000000
55503 47.931 -9.451 23.689 0.000000
55504 48.518 -9.061 24.136 0.000000
55507 48.389 -8.940 23.182 0.000000
56272 48.962 -8.473 23.650 0.000000
56277 49.474 -7.914 23.141 0.000000
57086 50.004 -7.369 21.788 0.000000
57090 50.485 -6.906 21.339 0.000000
89209 38.406 -19.252 35.767 0.000000
89222 24.303 -32.315 45.321 0.000000
89346 19.263 -32.647 44.846 0.000000
89519 32.653 -21.904 33.717 0.000000
89617 23.787 -33.661 47.023 0.000000
89684 33.928 -24.487 36.938 0.000000
89910 33.831 -21.864 35.165 0.000000
89911 35.104 -21.984 36.306 0.000000
89921 33.914 -23.068 36.199 0.000000
90137 17.093 -34.706 53.034 0.000000
90166 35.967 -20.931 36.730 0.000000
90335 15.864 -34.571 51.667 0.000000
90537 14.518 -35.028 49.922 0.000000
90626 16.015 -34.540 50.868 0.000000
90697 25.236 -30.709 42.575 0.000000
90779 33.664 -31.928 41.629 0.000000
91061 28.376 -32.542 47.214 0.000000
91147 33.931 -20.565 33.712 0.000000
91159 24.064 -31.340 43.451 0.000000
91341 38.646 -15.282 29.773 0.000000
91632 25.520 -31.607 44.388 0.000000
91672 33.756 -31.912 42.338 0.000000
91732 16.734 -33.791 47.868 0.000000
91769 24.023 -30.900 39.722 0.000000
91864 22.178 -31.864 44.038 0.000000
92037 24.695 -30.617 40.621 0.000000
92193 18.128 -33.033 43.243 0.000000
92266 29.040 -30.249 39.919 0.000000
92330 22.449 -31.357 40.719 0.000000
92412 29.951 -31.022 42.551 0.000000
92486 37.701 -16.249 29.927 0.000000
92596 34.201 -32.084 41.533 0.000000
92666 31.319 -31.544 36.160 0.000000
92684 38.178 -17.146 31.617 0.000000
92984 30.161 -32.769 47.799 0.000000
93214 33.112 -32.113 43.341 0.000000
93474 26.012 -30.545 41.872 0.000000
93527 33.307 -20.633 32.466 0.000000
93714 18.232 -33.811 49.599 0.000000
93870 22.406 -32.754 46.097 0.000000
94203 35.416 -30.788 40.270 0.000000
94221 33.384 -29.446 36.241 0.000000
94266 18.170 -32.971 44.683 0.000000
94353 31.969 -32.367 34.041 0.000000
94372 33.127 -32.284 43.954 0.000000
94528 23.803 -33.068 46.419 0.000000
94564 14.424 -34.994 48.193 0.000000
94567 14.594 -34.917 45.371 0.000000
94673 26.265 -31.356 44.060 0.000000
94730 7.214 -40.208 53.614 0.000000
95446 38.597 -17.794 33.892 0.000000
95759 48.134 -9.583 24.636 0.000000
95934 34.625 -31.254 37.998 0.000000
95949 35.208 -29.860 38.992 0.000000
95987 34.302 -31.701 37.916 0.000000
96093 9.930 -39.274 50.525 0.000000
96235 31.063 -31.646 39.338 0.000000
96409 35.486 -31.309 41.024 0.000000
96452 47.070 -10.278 25.375 0.000000
96502 42.458 -12.384 27.542 0.000000
96644 16.278 -33.990 44.466 0.000000
97044 27.015 -31.453 44.567 0.000000
97090 34.830 -32.181 41.545 0.000000
97334 33.819 -32.597 39.447 0.000000
97565 7.502 -41.288 51.343 0.000000
97766 17.857 -34.360 51.647 0.000000
97790 13.203 -36.771 45.250 0.000000
97902 35.064 -19.165 31.716 0.000000
97938 22.360 -33.273 46.755 0.000000
98011 19.741 -34.438 50.259 0.000000
98098 29.907 -32.316 46.794 0.000000
98233 18.442 -33.651 48.446 0.000000
98286 10.471 -39.039 48.469 0.000000
98338 28.120 -29.770 38.280 0.000000
98464 25.997 -30.703 42.754 0.000000
98891 20.105 -33.282 46.611 0.000000
98927 14.261 -35.437 45.026 0.000000
98962 39.289 -17.701 35.680 0.000000
99094 12.725 -37.102 52.513 0.000000
99565 34.533 -27.975 38.602 0.000000
99867 26.264 -31.700 44.685 0.000000
100093 12.373 -37.614 52.975 0.000000
100182 32.888 -32.226 40.114 0.000000
100257 18.560 -33.562 47.728 0.000000
100461 34.374 -19.771 31.981 0.000000
100526 43.177 -11.907 28.440 0.000000
100820 32.660 -32.067 37.747 0.000000
100874 17.145 -33.424 44.580 0.000000
100892 30.267 -30.996 36.058 0.000000
100998 11.349 -38.043 51.055 0.000000
101095 43.488 -11.865 27.239 0.000000
101147 30.370 -31.166 38.975 0.000000
101175 19.360 -32.745 41.636 0.000000
101397 28.241 -30.602 43.138 0.000000
101591 45.193 -11.242 26.237 0.000000
101611 20.059 -33.502 47.360 0.000000
101621 44.499 -11.504 27.733 0.000000
101632 45.976 -10.710 26.020 0.000000
101700 9.461 -39.474 51.738 0.000000
102022 36.019 -18.968 33.797 0.000000
102080 21.665 -31.675 43.408 0.000000
102447 16.515 -34.591 52.409 0.000000
102653 37.981 -15.599 29.539 0.000000
103126 25.034 -33.724 47.151 0.000000
103539 31.469 -31.776 39.192 0.000000
103555 12.251 -37.284 46.649 0.000000
103823 20.027 -32.345 41.607 0.000000
103832 39.576 -16.353 30.974 0.000000
103851 43.260 -11.777 30.636 0.000000
103852 25.396 -30.128 39.367 0.000000
103946 15.305 -34.128 47.024 0.000000
104033 46.433 -10.516 26.592 0.000000
104106 32.080 -31.861 37.657 0.000000
104166 32.313 -31.825 40.644 0.000000
104404 10.416 -38.845 50.851 0.000000
104410 12.349 -37.092 48.381 0.000000
104615 14.016 -35.356 48.584 0.000000
104776 14.286 -35.615 44.213 0.000000
104903 22.258 -33.852 47.611 0.000000
104905 13.143 -36.798 52.017 0.000000
105164 44.965 -11.389 27.134 0.000000
105231 31.861 -26.978 35.082 0.000000
105295 38.234 -17.379 32.036 0.000000
105299 23.725 -34.050 47.510 0.000000
105387 30.317 -32.531 47.110 0.000000
105498 41.766 -12.755 27.746 0.000000
105611 13.131 -35.981 48.143 0.000000
105613 23.085 -32.544 45.287 0.000000
105940 31.898 -31.637 41.393 0.000000
105943 11.867 -37.694 50.706 0.000000
105944 23.291 -31.529 43.462 0.000000
106104 31.205 -32.065 46.151 0.000000
106144 38.634 -18.033 32.839 0.000000
106341 9.621 -39.420 52.674 0.000000
106495 38.232 -17.718 32.391 0.000000
106628 22.341 -33.591 47.174 0.000000
106744 41.720 -13.079 30.877 0.000000
107016 33.131 -32.188 40.457 0.000000
107244 32.328 -21.701 32.099 0.000000
107277 30.272 -31.235 38.345 0.000000
107482 26.301 -30.451 41.298 0.000000
107608 8.224 -39.295 54.244 0.000000
107834 22.905 -31.307 40.374 0.000000
108543 23.934 -32.011 44.616 0.000000
108824 44.269 -11.489 25.704 0.000000
108848 33.258 -31.309 36.302 0.000000
109058 26.479 -32.338 46.006 0.000000
109093 35.176 -31.669 40.757 0.000000
