#!ascii label  , from subject OAS1_0001-3 vox2ras=TkReg 
2430
18493 7.051 -55.492 50.178 0.111111
18494 7.172 -55.612 49.843 0.111111
18495 6.877 -55.030 50.251 0.111111
18500 6.944 -54.982 50.175 0.111111
19228 8.986 -54.962 51.255 0.111111
19231 7.049 -55.252 50.750 0.111111
19232 6.503 -54.938 51.104 0.111111
19233 6.487 -55.100 50.841 0.111111
19234 5.892 -54.761 51.065 0.111111
19235 5.759 -54.670 50.888 0.111111
19236 5.356 -54.518 51.070 0.111111
19237 5.502 -54.494 50.806 0.111111
19242 6.195 -54.658 50.516 0.111111
19243 5.745 -54.382 50.535 0.111111
19248 7.025 -54.772 50.028 0.111111
19249 6.318 -54.466 50.293 0.111111
20002 8.724 -54.509 51.607 0.111111
20003 9.401 -54.512 51.435 0.111111
20004 9.298 -53.799 51.876 0.111111
20005 7.899 -54.746 51.557 0.111111
20006 8.219 -53.869 52.086 0.111111
20008 6.493 -54.243 51.856 0.111111
20009 6.157 -54.684 51.364 0.111111
20010 5.800 -54.166 51.734 0.111111
20011 5.189 -54.002 51.516 0.111111
20012 4.816 -54.101 51.104 0.111111
20015 10.048 -54.199 51.415 0.111111
20016 4.923 -54.151 50.876 0.111111
20017 4.255 -53.497 50.816 0.111111
20024 5.205 -54.025 50.576 0.111111
20025 4.528 -53.460 50.438 0.111111
20033 6.172 -53.938 49.899 0.111111
20034 5.540 -53.844 50.253 0.111111
20829 7.476 -53.466 52.361 0.111111
20830 7.910 -52.952 52.674 0.111111
20831 7.164 -52.862 52.916 0.111111
20832 6.816 -53.463 52.329 0.111111
20833 6.449 -52.842 53.094 0.111111
20834 6.128 -53.381 52.303 0.111111
20835 5.771 -52.818 53.180 0.111111
20836 5.516 -53.179 52.234 0.111111
20837 5.079 -52.712 53.250 0.111111
20838 10.145 -53.333 51.696 0.111111
20839 8.755 -53.029 52.511 0.111111
20840 4.507 -53.398 51.454 0.222222
20841 4.884 -52.871 52.255 0.222222
20842 4.092 -52.444 52.206 0.111111
20850 10.757 -53.757 51.237 0.111111
20851 3.536 -52.718 50.628 0.111111
20864 4.870 -53.395 50.168 0.111111
20865 3.791 -52.935 50.075 0.111111
20880 5.498 -53.308 49.904 0.111111
20881 4.814 -53.004 49.786 0.111111
20882 4.185 -52.799 49.722 0.111111
20893 4.882 -52.532 49.428 0.111111
21662 5.536 -52.452 54.767 0.333333
21663 6.271 -52.374 54.818 0.222222
21664 5.304 -52.026 55.456 0.444444
21665 4.803 -52.293 54.959 0.333333
21666 4.485 -51.832 55.401 0.444444
21667 4.123 -51.899 54.988 0.333333
21668 7.604 -52.447 53.334 0.222222
21669 7.796 -51.896 53.990 0.222222
21670 7.173 -52.107 54.891 0.222222
21671 6.922 -52.424 53.878 0.222222
21672 6.071 -52.675 54.057 0.222222
21673 5.327 -52.557 54.119 0.222222
21674 4.580 -52.286 54.171 0.222222
21675 3.950 -51.759 54.022 0.444444
21676 8.279 -52.316 53.145 0.111111
21677 9.036 -52.222 52.826 0.111111
21678 8.639 -51.726 53.571 0.222222
21679 4.322 -52.452 53.274 0.222222
21680 3.290 -51.527 53.385 0.111111
21681 10.225 -52.415 51.949 0.111111
21682 9.573 -52.826 52.272 0.111111
21683 3.285 -51.850 52.551 0.111111
21698 3.445 -52.215 51.530 0.111111
22555 6.357 -51.390 56.162 0.444444
22556 6.846 -50.958 56.475 0.444444
22557 5.814 -50.868 56.768 0.444444
22558 5.485 -51.408 56.176 0.444444
22559 5.043 -50.802 56.632 0.444444
22560 4.607 -51.324 55.909 0.444444
22561 4.642 -50.774 56.068 0.444444
22562 7.304 -51.583 55.648 0.333333
22563 8.184 -51.289 55.284 0.222222
22564 7.795 -50.934 56.066 0.444444
22565 6.333 -51.897 55.572 0.333333
22566 4.074 -51.434 55.402 0.444444
22567 3.743 -51.362 54.820 0.444444
22568 8.398 -51.467 54.438 0.222222
22569 8.968 -51.100 53.979 0.222222
22570 8.764 -50.880 54.776 0.222222
22571 3.513 -51.214 54.017 0.444444
22572 9.294 -51.412 53.063 0.222222
22573 2.938 -50.864 53.548 0.222222
22580 10.134 -51.406 52.117 0.111111
22581 2.810 -51.512 51.772 0.111111
22582 2.726 -51.187 52.800 0.111111
22583 2.442 -50.713 51.993 0.111111
23398 6.358 -50.254 57.270 0.444444
23399 7.319 -49.910 57.322 0.444444
23400 6.389 -49.415 57.747 0.444444
23401 5.480 -50.215 57.098 0.444444
23402 5.387 -49.514 57.155 0.555556
23403 7.322 -50.516 56.801 0.444444
23404 8.126 -50.282 56.497 0.333333
23405 5.047 -50.201 56.678 0.444444
23406 8.562 -50.630 55.602 0.222222
23407 9.154 -50.229 55.006 0.222222
23408 8.925 -49.884 55.940 0.222222
23409 4.243 -50.826 55.486 0.444444
23410 4.802 -50.311 55.916 0.555556
23411 3.839 -51.052 55.187 0.555556
23412 9.473 -50.591 53.609 0.222222
23413 3.853 -50.583 54.726 0.333333
23414 4.831 -50.294 54.734 0.444444
23415 3.500 -50.748 54.244 0.333333
23416 9.781 -50.853 52.796 0.111111
23418 10.028 -49.992 53.242 0.222222
23419 4.238 -50.084 54.226 0.222222
23420 2.683 -50.125 53.626 0.111111
23421 2.349 -50.406 53.018 0.111111
23433 2.181 -49.919 52.214 0.111111
24272 7.285 -49.119 57.727 0.444444
24273 8.112 -48.681 57.480 0.444444
24274 6.522 -48.743 57.807 0.555556
24275 5.839 -48.855 57.551 0.666667
24276 8.393 -49.499 57.005 0.333333
24277 9.266 -48.995 56.305 0.111111
24278 9.011 -48.285 57.135 0.222222
24279 5.272 -49.637 56.458 0.555556
24280 9.401 -49.348 55.148 0.111111
24281 5.403 -49.870 55.240 0.555556
24282 5.710 -49.107 55.904 0.555556
24283 9.601 -49.780 54.178 0.222222
24284 10.187 -48.973 53.559 0.111111
24285 9.903 -48.789 54.431 0.222222
24286 5.668 -49.825 54.191 0.333333
24287 6.211 -49.424 54.393 0.444444
24294 5.288 -49.697 53.673 0.222222
24295 4.273 -49.512 53.833 0.222222
24296 3.413 -49.997 53.990 0.111111
24298 2.063 -49.452 53.115 0.111111
25099 7.858 -47.797 57.691 0.333333
25100 6.447 -48.150 57.672 0.666667
25101 5.435 -48.786 57.009 0.666667
25102 5.925 -48.084 57.292 0.666667
25103 9.558 -48.049 56.157 0.111111
25104 5.835 -48.180 56.568 0.555556
25105 9.685 -48.451 55.298 0.111111
25106 10.334 -47.994 54.707 0.111111
25107 10.132 -47.624 55.426 0.111111
25108 6.350 -48.600 55.217 0.555556
25114 10.629 -48.251 53.978 0.111111
25116 11.232 -47.610 54.452 0.111111
25117 6.715 -48.730 53.988 0.555556
25128 5.932 -49.111 52.918 0.222222
25129 6.627 -48.561 53.072 0.222222
25130 5.109 -49.102 53.249 0.222222
25131 3.310 -49.065 53.924 0.111111
25138 6.217 -48.117 52.537 0.111111
25834 8.669 -47.265 57.396 0.333333
25835 9.611 -46.756 57.036 0.222222
25836 8.551 -46.259 57.597 0.333333
25837 7.554 -46.755 57.767 0.444444
25838 6.985 -46.924 57.773 0.555556
25839 6.573 -47.455 57.517 0.666667
25840 10.788 -46.957 55.556 0.111111
25841 11.618 -46.544 55.881 0.111111
25842 10.579 -46.562 56.301 0.111111
25843 9.925 -47.214 56.133 0.111111
25850 10.823 -47.341 54.983 0.111111
25851 6.698 -47.792 54.754 0.555556
25855 7.056 -47.916 53.579 0.444444
25856 7.195 -46.877 54.397 0.444444
25857 3.457 -48.270 54.087 0.111111
25864 7.511 -47.244 53.068 0.444444
25865 5.534 -48.329 52.792 0.111111
25866 5.013 -47.254 53.114 0.111111
25873 6.903 -47.790 52.631 0.333333
25874 7.259 -47.135 52.112 0.222222
25875 6.444 -47.289 52.121 0.111111
25876 5.783 -47.362 52.392 0.111111
25887 6.717 -46.657 51.577 0.111111
26660 11.370 -46.027 56.612 0.111111
26661 12.106 -45.522 57.034 0.111111
26662 11.190 -45.525 57.304 0.111111
26663 9.446 -45.838 57.549 0.222222
26664 9.439 -45.195 57.934 0.222222
26665 8.413 -45.061 57.779 0.222222
26666 7.889 -45.714 57.711 0.333333
26667 7.290 -46.291 57.651 0.555556
26668 6.796 -46.728 57.462 0.555556
26669 13.173 -46.175 56.107 0.111111
26670 13.820 -45.750 56.198 0.111111
26671 13.022 -45.602 56.668 0.111111
26673 6.734 -46.431 56.718 0.666667
26674 7.095 -45.762 56.627 0.666667
26675 7.142 -46.020 57.408 0.666667
26678 6.574 -46.937 55.754 0.555556
26683 7.860 -46.361 53.623 0.555556
26689 7.973 -46.665 52.530 0.555556
26690 8.423 -45.955 53.065 0.555556
26691 5.496 -46.481 52.415 0.111111
26698 7.657 -46.457 51.518 0.111111
26699 8.502 -46.223 52.076 0.444444
26700 6.026 -46.660 51.868 0.111111
26704 6.952 -45.884 51.113 0.111111
26705 6.319 -46.165 51.545 0.111111
27301 10.030 -44.677 57.921 0.222222
27302 9.017 -44.800 57.942 0.222222
27303 9.326 -44.385 57.748 0.333333
27304 8.666 -44.568 57.731 0.555556
27305 13.748 -45.111 56.898 0.111111
27307 13.466 -44.479 57.305 0.111111
27308 12.745 -45.058 57.449 0.111111
27309 11.863 -44.719 57.803 0.111111
27310 11.038 -45.003 57.721 0.111111
27311 8.022 -45.137 57.701 0.555556
27312 7.543 -45.244 57.171 0.666667
27314 7.486 -45.240 55.856 0.555556
27316 7.573 -45.837 54.698 0.555556
27317 8.251 -44.549 55.532 0.666667
27325 8.282 -45.628 54.039 0.555556
27326 8.593 -44.915 54.404 0.444444
27332 8.996 -45.603 52.593 0.555556
27333 9.389 -44.903 53.020 0.555556
27334 8.834 -45.265 53.506 0.555556
27338 9.018 -45.797 51.725 0.444444
27339 9.534 -45.221 52.151 0.444444
27344 8.706 -45.676 50.962 0.333333
27345 9.489 -45.364 51.268 0.444444
27346 7.826 -45.817 50.873 0.222222
27347 6.801 -45.014 51.081 0.111111
27348 6.291 -45.527 51.508 0.111111
27350 9.038 -45.157 50.368 0.333333
27351 8.182 -45.298 50.506 0.222222
27352 7.492 -45.143 50.685 0.111111
27908 11.697 -43.996 58.032 0.333333
27909 12.408 -43.490 57.727 0.333333
27910 10.979 -44.367 57.952 0.222222
27911 10.887 -43.795 57.918 0.444444
27912 10.150 -44.152 57.605 0.444444
27913 9.737 -43.995 57.397 0.444444
27915 13.779 -43.757 57.174 0.111111
27916 13.193 -43.891 57.569 0.222222
27917 9.148 -44.017 57.572 0.333333
27918 8.133 -44.540 57.358 0.555556
27919 8.641 -44.097 57.445 0.555556
27921 7.849 -44.603 56.577 0.555556
27922 8.419 -43.989 56.646 0.555556
27928 9.000 -44.314 54.821 0.555556
27929 9.442 -43.790 55.252 0.444444
27930 8.804 -43.985 55.685 0.555556
27937 9.259 -44.653 53.917 0.444444
27938 9.700 -44.050 54.316 0.444444
27942 9.972 -44.557 52.564 0.555556
27943 10.276 -43.985 52.966 0.444444
27949 10.092 -44.819 51.689 0.555556
27950 10.678 -44.159 52.213 0.444444
27951 6.293 -44.778 51.776 0.111111
27954 10.008 -44.966 50.729 0.444444
27955 10.532 -44.295 51.190 0.444444
27960 9.669 -44.710 49.905 0.444444
27961 10.375 -44.388 50.214 0.444444
27962 8.027 -44.640 50.037 0.111111
27963 7.568 -43.733 49.760 0.111111
27964 7.167 -44.212 50.562 0.111111
27968 10.084 -44.324 49.476 0.444444
27969 9.249 -44.235 49.135 0.222222
27970 8.318 -44.074 49.351 0.111111
28620 12.621 -42.824 57.438 0.333333
28621 11.807 -42.964 57.538 0.333333
28622 11.090 -43.292 57.634 0.444444
28623 10.441 -43.645 57.479 0.444444
28624 10.745 -43.304 57.367 0.444444
28625 14.285 -42.749 56.613 0.222222
28626 14.013 -43.008 57.109 0.222222
28627 13.297 -43.227 57.424 0.222222
28628 9.961 -43.591 57.215 0.555556
28629 9.159 -43.704 57.137 0.555556
28631 9.229 -43.646 56.243 0.444444
28632 9.909 -43.135 56.631 0.555556
28641 14.637 -43.178 54.954 0.222222
28642 15.231 -42.257 55.074 0.222222
28643 14.599 -42.712 55.850 0.222222
28644 10.241 -43.518 54.858 0.444444
28645 11.063 -43.193 54.900 0.444444
28646 10.464 -42.997 55.754 0.444444
28650 15.500 -42.453 54.438 0.111111
28651 11.186 -43.194 53.875 0.444444
28652 11.692 -42.643 54.650 0.444444
28653 10.455 -43.790 53.826 0.444444
28659 15.867 -42.544 53.505 0.111111
28660 10.853 -43.604 53.026 0.555556
28661 11.383 -42.999 52.896 0.555556
28666 10.956 -43.544 51.620 0.555556
28667 11.420 -42.963 52.027 0.555556
28670 17.645 -42.546 50.965 0.111111
28672 10.861 -43.611 50.655 0.555556
28673 11.348 -42.947 51.130 0.555556
28678 17.817 -42.840 50.321 0.111111
28679 18.498 -42.463 50.186 0.111111
28680 18.284 -42.226 50.730 0.111111
28683 10.724 -43.738 49.602 0.444444
28684 11.415 -43.119 50.150 0.666667
28691 10.693 -43.367 48.715 0.444444
28692 11.328 -43.088 49.249 0.444444
28693 10.010 -43.844 48.843 0.444444
28694 8.569 -43.707 48.741 0.111111
28695 7.910 -43.249 48.995 0.111111
28703 10.643 -42.943 48.022 0.444444
28704 9.932 -43.273 48.173 0.444444
28705 8.485 -43.030 48.183 0.111111
29405 14.181 -42.541 56.572 0.333333
29406 13.341 -42.573 57.133 0.222222
29407 12.160 -42.333 57.198 0.333333
29408 12.948 -41.931 56.717 0.222222
29409 11.336 -42.859 57.281 0.444444
29410 10.713 -42.981 56.999 0.444444
29417 14.393 -42.222 56.464 0.222222
29418 14.930 -42.018 55.431 0.222222
29419 14.772 -41.879 55.847 0.222222
29420 14.456 -42.269 56.162 0.222222
29421 12.081 -41.858 56.633 0.444444
29422 11.422 -42.299 56.795 0.444444
29423 11.824 -41.880 56.172 0.444444
29424 10.772 -42.786 56.494 0.555556
29428 15.710 -41.647 54.760 0.222222
29429 11.321 -42.520 55.743 0.444444
29430 12.010 -41.953 55.344 0.444444
29435 16.349 -41.990 54.216 0.111111
29436 16.304 -41.573 54.077 0.333333
29437 11.978 -42.488 53.556 0.444444
29438 12.314 -41.977 54.462 0.444444
29440 16.527 -41.867 53.512 0.111111
29441 16.709 -41.587 52.707 0.111111
29442 16.620 -42.046 53.506 0.111111
29443 11.983 -42.536 52.526 0.555556
29444 12.716 -41.782 53.682 0.555556
29447 17.289 -41.689 52.067 0.111111
29448 17.708 -41.826 51.529 0.111111
29449 17.189 -42.054 52.189 0.111111
29450 11.996 -42.492 51.609 0.555556
29451 12.664 -42.151 52.153 0.444444
29456 18.494 -41.832 50.690 0.111111
29457 18.987 -41.727 50.121 0.222222
29458 17.951 -42.246 51.326 0.111111
29459 11.953 -42.440 50.659 0.666667
29460 12.709 -41.919 51.163 0.555556
29463 20.047 -42.060 49.320 0.111111
29464 19.573 -41.626 49.672 0.222222
29465 18.831 -42.049 50.274 0.111111
29466 11.916 -42.543 49.703 0.666667
29467 12.493 -41.960 50.144 0.666667
29470 22.218 -41.247 48.242 0.222222
29471 23.007 -41.000 48.276 0.222222
29472 22.165 -41.253 48.576 0.222222
29474 20.482 -41.322 48.906 0.111111
29476 11.779 -42.614 48.818 0.555556
29477 12.424 -42.103 49.189 0.666667
29480 29.673 -40.748 47.552 0.111111
29481 29.949 -40.388 47.799 0.111111
29482 29.397 -40.477 47.842 0.111111
29483 28.947 -40.849 47.480 0.111111
29484 28.789 -40.543 47.904 0.111111
29485 27.560 -41.010 47.117 0.111111
29486 27.276 -40.696 47.616 0.111111
29487 26.684 -41.111 47.331 0.111111
29488 26.271 -40.823 47.898 0.111111
29489 25.783 -41.263 47.631 0.111111
29490 25.441 -40.989 48.032 0.111111
29491 25.000 -41.269 47.811 0.111111
29492 24.729 -41.029 48.090 0.111111
29493 23.733 -41.542 47.719 0.111111
29494 23.681 -41.187 48.124 0.111111
29495 23.001 -41.325 47.946 0.111111
29496 22.160 -41.705 47.750 0.111111
29498 11.418 -42.734 48.007 0.333333
29499 12.294 -42.345 48.126 0.666667
29500 9.886 -42.700 47.516 0.333333
29501 8.869 -42.446 47.671 0.111111
29513 28.280 -41.130 47.038 0.111111
29514 27.236 -41.271 46.983 0.111111
29515 26.218 -41.504 47.052 0.111111
29516 25.276 -41.570 47.277 0.111111
29517 23.846 -41.919 46.923 0.111111
29518 22.928 -41.937 47.220 0.111111
29520 11.676 -42.444 47.322 0.333333
29521 10.746 -42.562 47.267 0.333333
29522 11.172 -42.243 46.742 0.222222
29523 9.485 -42.036 47.198 0.111111
29537 27.282 -41.250 46.659 0.111111
29538 27.722 -41.039 46.034 0.111111
29539 26.190 -41.509 46.246 0.111111
29540 24.662 -41.861 46.700 0.111111
29541 24.058 -42.189 46.063 0.111111
29544 10.365 -41.891 46.691 0.222222
29552 26.879 -41.211 46.058 0.111111
29553 26.290 -41.342 45.404 0.111111
29554 24.996 -41.813 45.240 0.111111
29555 25.564 -41.480 44.749 0.111111
29556 23.386 -42.152 45.333 0.111111
29557 22.581 -42.039 44.799 0.111111
29568 23.898 -41.928 44.611 0.111111
30228 13.785 -42.161 56.581 0.222222
30233 14.323 -41.959 56.073 0.222222
30234 13.713 -41.448 56.167 0.333333
30235 12.546 -41.471 56.004 0.444444
30238 15.053 -41.230 55.234 0.222222
30239 14.800 -41.242 55.584 0.333333
30240 13.274 -41.185 55.466 0.333333
30241 13.924 -41.041 55.546 0.444444
30242 12.620 -41.593 55.157 0.444444
30246 16.233 -41.155 53.967 0.444444
30247 15.764 -41.246 54.573 0.333333
30248 13.008 -41.409 54.579 0.444444
30249 13.842 -40.867 54.920 0.444444
30253 16.917 -41.167 52.503 0.333333
30254 16.389 -41.489 53.425 0.222222
30255 13.236 -41.638 52.835 0.555556
30256 14.089 -40.973 53.189 0.444444
30260 17.749 -41.415 51.189 0.333333
30261 17.368 -41.392 51.914 0.333333
30262 13.289 -41.762 51.903 0.555556
30263 13.879 -41.240 52.214 0.444444
30266 18.408 -41.501 50.610 0.222222
30267 13.163 -41.630 50.455 0.555556
30268 13.659 -41.361 51.182 0.555556
30271 19.844 -41.197 49.518 0.222222
30272 19.194 -41.424 49.939 0.222222
30273 13.139 -41.689 49.597 0.666667
30274 13.901 -41.275 50.087 0.666667
30279 29.657 -40.297 47.952 0.111111
30281 29.282 -40.125 48.306 0.111111
30282 29.127 -40.300 48.203 0.111111
30283 28.660 -40.036 48.604 0.111111
30284 27.984 -40.438 48.068 0.111111
30285 27.782 -40.032 48.663 0.111111
30286 26.947 -40.349 48.284 0.111111
30287 26.593 -40.012 48.767 0.222222
30288 26.156 -40.757 48.402 0.111111
30289 25.812 -40.272 48.460 0.222222
30290 25.096 -41.017 48.244 0.222222
30291 24.857 -40.621 48.260 0.444444
30292 24.383 -40.863 48.260 0.222222
30293 23.875 -40.806 48.339 0.333333
30294 23.743 -41.249 48.407 0.333333
30295 22.967 -40.876 48.380 0.222222
30296 21.902 -40.842 48.726 0.222222
30297 13.063 -41.832 48.609 0.666667
30298 13.799 -41.422 49.013 0.666667
30307 12.966 -41.894 47.657 0.666667
30308 13.700 -41.520 48.041 0.666667
30317 12.708 -41.861 46.747 0.444444
30318 13.517 -41.537 47.098 0.555556
30326 13.135 -41.399 46.074 0.555556
30327 12.034 -41.596 45.876 0.333333
30328 11.140 -41.738 46.166 0.222222
30329 10.455 -41.033 46.091 0.111111
30334 36.650 -40.931 45.223 0.111111
30340 12.453 -40.765 44.716 0.333333
30341 11.709 -40.916 45.223 0.333333
30342 11.165 -41.130 45.662 0.222222
30353 25.861 -41.159 43.885 0.111111
31025 14.325 -41.114 55.904 0.333333
31031 15.234 -41.155 54.997 0.333333
31032 14.785 -40.892 55.352 0.444444
31038 14.570 -40.655 54.257 0.444444
31043 16.198 -40.836 53.593 0.444444
31044 15.517 -40.590 53.127 0.555556
31045 14.680 -40.776 52.618 0.444444
31050 17.424 -40.874 51.865 0.333333
31051 17.192 -40.931 52.200 0.333333
31052 16.480 -40.604 52.229 0.555556
31053 15.461 -40.559 52.133 0.444444
31054 14.437 -40.878 51.662 0.444444
31059 18.123 -41.238 50.755 0.333333
31060 17.586 -40.991 51.359 0.444444
31061 15.885 -40.584 51.344 0.666667
31062 17.057 -40.623 50.587 0.444444
31063 15.039 -40.758 51.118 0.666667
31064 14.325 -40.983 50.842 0.666667
31069 20.691 -41.012 48.990 0.222222
31070 20.288 -41.014 49.247 0.222222
31071 19.608 -40.847 49.858 0.333333
31072 18.901 -41.190 50.224 0.333333
31073 16.173 -40.580 50.577 0.666667
31074 15.591 -40.639 49.918 0.555556
31075 14.479 -40.994 49.298 0.555556
31081 30.447 -39.911 48.188 0.111111
31082 30.930 -39.777 47.981 0.111111
31083 30.150 -39.918 48.115 0.111111
31084 29.486 -39.915 48.286 0.111111
31085 28.900 -40.220 48.825 0.111111
31086 27.909 -39.937 48.743 0.111111
31087 27.050 -39.948 48.850 0.222222
31088 26.464 -40.024 48.714 0.222222
31089 25.767 -40.272 48.482 0.333333
31090 24.145 -40.650 48.325 0.333333
31091 23.413 -40.745 48.320 0.222222
31092 22.459 -40.855 48.420 0.222222
31093 21.303 -40.910 48.717 0.222222
31094 15.054 -40.837 48.723 0.666667
31095 15.709 -40.633 49.101 0.777778
31096 14.380 -41.120 48.407 0.666667
31101 32.989 -39.488 47.659 0.111111
31103 14.975 -40.884 47.884 0.666667
31104 15.702 -40.665 48.253 0.555556
31105 14.241 -41.131 47.512 0.666667
31113 14.788 -40.776 47.012 0.666667
31114 15.571 -40.580 47.368 0.666667
31115 14.024 -41.054 46.608 0.666667
31123 36.479 -39.907 45.834 0.111111
31125 14.597 -40.747 46.106 0.666667
31126 15.353 -40.550 46.481 0.666667
31127 13.801 -40.966 45.666 0.555556
31131 37.059 -39.828 45.261 0.111111
31132 14.470 -40.719 45.074 0.444444
31133 13.460 -40.854 44.764 0.444444
31134 11.567 -40.153 44.827 0.222222
31135 10.947 -40.361 45.503 0.222222
31140 14.781 -40.345 44.269 0.444444
31141 13.904 -40.511 44.157 0.333333
31142 12.989 -40.379 44.111 0.333333
31143 12.183 -39.926 44.332 0.222222
31781 18.656 -40.935 50.371 0.444444
31782 17.949 -40.779 50.580 0.555556
31787 19.961 -40.912 49.535 0.333333
31788 19.349 -40.803 49.817 0.333333
31789 18.278 -40.416 49.915 0.555556
31790 17.419 -40.367 49.891 0.555556
31791 16.453 -40.445 49.687 0.555556
31795 30.962 -39.172 47.739 0.111111
31796 30.406 -39.557 47.967 0.111111
31797 29.805 -39.613 48.077 0.111111
31798 29.116 -39.754 48.287 0.111111
31799 27.576 -39.805 48.681 0.222222
31800 26.941 -39.875 48.775 0.222222
31801 27.317 -39.657 48.590 0.333333
31802 26.249 -39.975 48.655 0.333333
31803 25.391 -39.754 48.461 0.444444
31804 23.998 -39.901 48.318 0.555556
31805 22.798 -40.208 48.348 0.333333
31806 22.111 -40.205 48.447 0.444444
31807 21.207 -40.214 48.633 0.444444
31808 20.457 -40.399 48.836 0.444444
31809 19.315 -40.294 49.344 0.555556
31810 17.779 -40.172 49.356 0.555556
31811 17.082 -40.224 49.113 0.666667
31812 16.384 -40.441 48.711 0.666667
31817 33.723 -39.276 47.462 0.111111
31818 34.256 -38.872 47.369 0.111111
31819 33.367 -38.773 47.602 0.111111
31820 32.434 -39.033 47.843 0.111111
31821 31.718 -39.032 47.786 0.111111
31822 26.694 -39.614 48.455 0.333333
31823 25.750 -39.670 48.251 0.444444
31824 24.786 -39.730 48.166 0.444444
31825 23.353 -39.822 48.125 0.555556
31826 22.610 -39.984 48.180 0.555556
31827 22.884 -39.480 47.738 0.555556
31828 20.942 -39.969 48.242 0.666667
31829 20.088 -39.974 48.252 0.666667
31830 19.182 -39.991 48.395 0.666667
31831 18.196 -40.040 48.085 0.555556
31832 17.344 -40.195 47.832 0.555556
31833 16.449 -40.407 47.757 0.555556
31840 35.611 -38.813 47.070 0.111111
31841 36.358 -38.534 46.792 0.111111
31842 34.961 -38.899 47.400 0.111111
31843 22.247 -39.568 47.692 0.555556
31844 21.403 -39.551 47.445 0.666667
31845 19.581 -39.875 47.444 0.666667
31846 20.473 -39.446 46.367 0.666667
31847 18.721 -39.969 47.343 0.777778
31848 17.862 -40.096 47.148 0.555556
31849 17.010 -40.212 46.959 0.555556
31850 16.165 -40.404 46.743 0.666667
31857 36.877 -38.915 46.138 0.111111
31858 19.651 -39.720 46.023 0.666667
31859 18.885 -40.001 45.827 0.666667
31860 18.124 -40.239 45.670 0.555556
31861 17.360 -40.348 45.440 0.666667
31862 15.890 -40.513 45.836 0.666667
31868 18.546 -39.905 45.072 0.777778
31869 19.339 -39.626 45.225 0.666667
31870 17.868 -40.065 45.020 0.666667
31871 17.279 -40.074 44.586 0.555556
31872 15.627 -40.204 44.166 0.555556
31873 11.678 -39.415 44.755 0.222222
31875 38.675 -38.604 43.823 0.111111
31876 38.005 -38.957 44.287 0.111111
31877 18.944 -39.488 44.386 0.777778
31878 18.057 -39.783 44.298 0.666667
31879 18.434 -39.436 43.623 0.666667
31880 16.519 -40.006 43.964 0.444444
31881 15.626 -40.010 43.057 0.333333
31882 14.830 -40.129 43.467 0.333333
31883 13.931 -39.623 43.052 0.222222
31884 13.446 -39.997 43.579 0.222222
31885 12.685 -39.538 43.886 0.222222
31890 16.723 -39.857 42.993 0.444444
31891 15.949 -39.547 42.205 0.222222
31892 14.637 -39.788 42.767 0.222222
31893 14.122 -38.959 42.518 0.111111
31894 13.437 -38.484 42.963 0.222222
31895 13.061 -39.050 43.382 0.222222
31901 14.909 -39.380 42.175 0.222222
32566 30.286 -39.176 47.858 0.111111
32567 29.593 -39.307 47.924 0.111111
32568 28.842 -39.540 48.134 0.111111
32569 27.995 -39.624 48.463 0.111111
32574 34.649 -38.765 47.205 0.111111
32575 33.596 -38.786 47.402 0.111111
32576 32.959 -38.301 47.893 0.111111
32577 32.413 -38.382 47.811 0.111111
32578 30.208 -38.806 47.692 0.111111
32579 29.494 -38.953 47.721 0.111111
32580 28.594 -39.158 47.693 0.222222
32581 29.041 -38.780 47.472 0.444444
32582 26.047 -39.233 47.831 0.666667
32583 25.226 -39.261 47.779 0.444444
32584 24.398 -39.282 47.672 0.555556
32585 23.558 -39.270 47.562 0.555556
32589 36.146 -38.051 47.035 0.333333
32590 35.270 -38.379 47.081 0.111111
32591 28.220 -38.921 47.380 0.555556
32592 27.266 -38.912 47.230 0.666667
32593 27.788 -38.537 46.612 0.777778
32594 25.642 -38.919 47.099 0.666667
32595 24.881 -39.061 46.981 0.555556
32596 24.098 -38.976 46.863 0.555556
32597 23.415 -38.965 46.754 0.555556
32598 22.133 -39.134 46.946 0.666667
32599 21.305 -39.260 46.530 0.666667
32604 37.434 -38.119 45.964 0.111111
32605 26.880 -38.540 46.453 0.888889
32606 25.998 -38.461 46.407 0.777778
32607 24.635 -38.668 46.198 0.777778
32608 25.384 -38.263 45.681 0.666667
32609 23.758 -38.695 45.971 0.666667
32610 22.807 -38.884 46.213 0.666667
32611 21.927 -38.997 45.967 0.777778
32612 21.033 -39.033 45.609 0.666667
32613 20.091 -39.191 45.508 0.666667
32619 38.067 -38.126 45.237 0.111111
32620 38.367 -37.422 45.035 0.222222
32621 37.766 -37.433 45.733 0.222222
32622 24.457 -38.372 45.402 0.777778
32623 23.131 -38.639 45.338 0.777778
32624 21.843 -38.792 45.136 0.777778
32625 22.561 -38.518 44.828 0.777778
32626 20.494 -38.874 45.006 0.666667
32627 19.819 -38.971 44.604 0.777778
32628 12.100 -39.018 44.421 0.111111
32636 39.088 -37.303 44.428 0.222222
32637 21.868 -38.329 44.311 0.888889
32638 20.994 -38.347 44.038 0.777778
32639 20.231 -38.578 43.824 0.777778
32640 20.772 -38.245 43.238 0.555556
32641 19.330 -38.984 43.555 0.777778
32649 34.245 -38.403 43.049 0.666667
32650 33.608 -38.268 43.645 0.777778
32651 33.592 -38.555 42.882 0.777778
32652 32.682 -38.404 43.725 0.666667
32653 32.241 -38.546 42.829 0.888889
32654 19.993 -38.555 42.921 0.444444
32655 18.570 -39.146 42.822 0.444444
32656 19.590 -38.336 41.966 0.333333
32657 16.890 -39.402 42.167 0.222222
32663 34.848 -38.420 42.414 0.777778
32664 35.522 -38.003 42.579 0.777778
32665 34.982 -37.793 43.272 0.777778
32666 33.974 -38.758 42.181 0.777778
32667 33.236 -38.697 41.586 0.777778
32668 32.367 -38.626 41.880 0.777778
32669 31.536 -38.461 42.127 0.888889
32670 18.712 -38.797 42.026 0.222222
32671 17.808 -39.043 42.040 0.222222
32672 18.651 -38.406 41.112 0.222222
32673 16.798 -38.754 41.423 0.111111
32674 16.028 -38.865 41.639 0.222222
32675 15.220 -37.921 41.479 0.222222
32676 14.450 -38.197 41.976 0.111111
32682 35.532 -38.446 41.738 0.888889
32683 36.302 -38.146 41.288 0.888889
32684 34.872 -38.883 40.769 0.888889
32685 34.059 -38.788 41.182 0.888889
32686 33.359 -38.553 40.714 0.888889
32687 31.694 -38.191 41.271 0.777778
32688 17.622 -38.612 41.155 0.111111
32689 16.600 -37.991 40.654 0.111111
32690 15.940 -38.259 41.068 0.222222
32694 35.690 -38.706 39.861 0.888889
32695 36.395 -38.357 40.367 0.888889
32696 34.882 -38.764 39.936 0.888889
32697 34.145 -38.679 40.288 0.888889
32698 33.402 -38.439 39.849 0.888889
32699 32.679 -38.217 40.281 0.888889
32705 35.855 -38.684 38.996 0.888889
32706 36.427 -38.425 39.489 0.888889
32707 35.094 -38.696 39.148 0.888889
32708 34.166 -38.668 39.284 0.888889
32709 33.317 -38.502 39.060 0.888889
32710 32.668 -38.183 39.449 0.888889
32716 35.979 -38.516 38.267 0.888889
32717 36.679 -38.104 38.270 0.888889
32718 35.374 -38.662 38.467 0.888889
32719 34.626 -38.710 38.376 0.888889
32720 33.713 -38.569 38.384 0.888889
32724 36.206 -38.210 37.587 0.888889
32725 35.278 -38.526 37.660 0.888889
33372 32.858 -38.395 47.857 0.111111
33373 32.126 -38.182 47.549 0.222222
33374 31.025 -38.391 47.385 0.111111
33375 30.124 -38.467 47.446 0.111111
33376 29.619 -38.373 47.281 0.444444
33381 35.707 -37.767 46.841 0.222222
33382 34.918 -38.379 46.971 0.222222
33383 33.417 -38.690 47.319 0.222222
33384 31.912 -37.940 47.000 0.444444
33385 30.460 -38.066 47.016 0.444444
33386 29.448 -38.031 46.697 0.555556
33387 28.778 -38.307 46.863 0.666667
33392 37.215 -37.560 46.213 0.222222
33393 36.150 -37.354 46.357 0.333333
33394 35.563 -37.489 46.310 0.333333
33395 34.764 -37.862 46.448 0.333333
33396 32.559 -37.943 46.360 0.333333
33397 31.497 -38.018 46.098 0.444444
33398 29.922 -38.011 46.231 0.555556
33399 29.164 -37.806 45.949 0.555556
33400 28.515 -37.810 45.634 0.666667
33401 27.372 -38.163 45.906 0.888889
33402 26.470 -38.083 45.648 0.888889
33407 38.030 -36.939 45.415 0.222222
33408 37.388 -37.045 46.024 0.222222
33409 34.016 -37.704 45.370 0.555556
33410 34.933 -37.347 45.672 0.333333
33411 33.034 -37.807 45.546 0.444444
33412 30.395 -37.969 45.549 0.444444
33413 29.729 -37.752 44.800 0.666667
33414 28.975 -37.688 44.748 0.777778
33415 28.207 -37.568 44.905 0.777778
33416 25.912 -37.979 44.855 0.777778
33417 25.003 -37.974 44.857 0.777778
33418 24.218 -38.168 44.641 0.777778
33419 23.352 -38.256 44.549 0.888889
33425 39.518 -36.750 43.818 0.111111
33426 38.559 -36.972 44.819 0.333333
33427 34.696 -37.322 44.115 0.555556
33428 35.302 -37.000 43.849 0.555556
33429 35.314 -36.900 44.744 0.444444
33430 34.084 -37.807 44.402 0.555556
33431 33.161 -37.968 44.582 0.666667
33432 31.776 -38.448 43.639 0.555556
33433 30.424 -38.003 44.383 0.666667
33434 29.348 -37.813 43.944 0.777778
33435 28.369 -37.559 44.086 0.777778
33436 27.555 -37.318 44.273 0.888889
33437 26.971 -37.227 44.437 0.888889
33438 26.278 -37.334 44.186 0.777778
33439 24.774 -37.900 44.044 0.666667
33440 25.452 -37.507 43.500 0.666667
33441 23.946 -37.939 43.891 0.777778
33442 23.130 -37.929 43.763 0.777778
33443 22.354 -37.977 43.646 0.555556
33444 21.554 -38.074 43.492 0.666667
33451 35.870 -37.198 43.134 0.777778
33452 30.940 -38.296 43.615 0.666667
33453 30.133 -37.990 43.407 0.777778
33454 29.395 -37.823 43.034 0.777778
33455 28.636 -37.545 43.265 0.777778
33456 27.692 -37.198 43.380 0.888889
33457 24.526 -37.700 43.230 0.777778
33458 23.660 -37.770 43.087 0.777778
33459 22.847 -37.825 43.029 0.666667
33460 23.246 -37.620 42.325 0.555556
33461 22.094 -37.908 42.906 0.444444
33462 21.323 -37.985 42.684 0.444444
33463 20.510 -38.091 42.378 0.444444
33471 36.163 -37.752 42.204 0.888889
33472 36.864 -37.411 41.766 0.777778
33473 36.697 -36.976 42.656 0.777778
33474 31.019 -38.073 41.673 0.777778
33475 30.244 -37.699 41.630 0.777778
33476 29.490 -37.401 42.036 0.888889
33477 28.976 -37.378 42.526 0.888889
33478 22.554 -37.762 42.406 0.444444
33479 21.918 -37.824 42.129 0.444444
33480 22.606 -37.536 41.633 0.444444
33481 21.127 -37.840 41.859 0.444444
33482 20.274 -37.822 41.452 0.222222
33483 19.497 -38.000 41.183 0.222222
33489 36.959 -37.694 40.834 1.000000
33490 37.349 -36.834 41.306 0.666667
33491 30.894 -37.724 41.029 0.777778
33492 30.155 -37.351 40.715 0.777778
33493 29.427 -37.238 41.171 0.777778
33494 21.707 -37.567 41.334 0.444444
33495 20.972 -37.569 41.159 0.222222
33496 21.315 -37.316 40.402 0.222222
33497 19.818 -37.734 40.779 0.222222
33498 19.147 -37.901 40.491 0.222222
33499 17.691 -38.052 40.510 0.111111
33500 16.997 -37.312 40.153 0.111111
33501 16.225 -36.804 40.621 0.222222
33502 15.661 -37.209 41.054 0.111111
33505 43.023 -36.557 40.096 0.111111
33506 42.944 -36.526 40.529 0.111111
33507 37.014 -37.884 39.899 0.888889
33508 37.420 -37.080 40.328 0.777778
33509 32.009 -37.865 39.933 0.888889
33510 31.147 -37.590 39.622 0.888889
33511 30.210 -37.118 39.820 0.777778
33512 29.446 -36.942 40.355 0.777778
33513 20.434 -37.517 40.621 0.222222
33514 19.724 -37.515 40.084 0.222222
33515 18.780 -37.423 39.648 0.222222
33516 17.870 -37.515 39.922 0.222222
33517 17.351 -36.696 39.759 0.222222
33521 36.964 -38.001 39.022 0.888889
33522 37.486 -37.317 39.366 1.000000
33523 32.752 -38.091 38.538 0.888889
33524 31.947 -37.848 39.101 0.888889
33525 31.314 -37.431 38.743 0.888889
33526 30.659 -37.172 39.093 0.888889
33527 18.359 -36.716 39.141 0.222222
33528 17.979 -37.020 39.456 0.222222
33532 37.377 -37.460 38.346 1.000000
33533 34.223 -38.477 37.576 0.777778
33534 33.278 -38.066 37.640 0.888889
33535 32.367 -37.660 37.744 0.888889
33536 31.548 -37.288 37.964 0.888889
33537 30.672 -36.989 38.285 0.777778
33541 37.383 -37.165 37.313 0.888889
33542 35.752 -38.030 36.899 0.888889
33543 36.581 -37.703 37.008 0.888889
33544 34.799 -38.105 36.851 0.888889
33545 33.801 -37.931 36.855 0.777778
33546 32.760 -37.595 36.815 0.666667
33547 31.839 -37.246 37.136 0.888889
33553 36.216 -37.551 36.419 0.888889
33554 35.418 -37.485 36.197 0.777778
33555 34.375 -37.505 36.225 0.777778
33556 33.439 -37.382 36.186 0.333333
34261 36.737 -36.978 46.014 0.444444
34262 35.893 -37.106 45.779 0.333333
34268 37.460 -36.759 45.258 0.333333
34269 36.409 -36.737 45.098 0.333333
34275 39.689 -36.310 43.433 0.111111
34276 39.093 -36.600 43.981 0.444444
34277 38.392 -36.695 44.668 0.333333
34278 36.904 -36.358 44.378 0.333333
34279 37.745 -36.360 44.298 0.333333
34280 35.983 -36.566 44.087 0.666667
34281 26.927 -36.989 43.871 0.888889
34282 26.257 -37.133 43.367 0.777778
34291 40.178 -36.496 43.346 0.111111
34292 37.263 -36.387 43.088 0.444444
34293 37.912 -36.198 43.433 0.333333
34294 36.627 -36.489 43.512 0.555556
34295 28.195 -37.101 42.527 0.888889
34296 27.418 -36.988 42.461 0.777778
34297 26.303 -37.058 42.570 0.777778
34298 25.075 -37.252 42.673 0.777778
34299 24.194 -37.418 42.329 0.666667
34304 37.386 -36.714 42.267 0.666667
34305 38.021 -36.154 41.959 0.666667
34306 28.626 -37.039 41.677 0.777778
34307 27.772 -36.801 41.754 0.777778
34308 27.126 -36.739 41.767 0.777778
34309 24.889 -37.109 41.953 0.666667
34310 24.368 -37.023 41.590 0.666667
34311 23.555 -37.241 41.486 0.555556
34316 43.293 -36.053 40.820 0.111111
34318 37.754 -36.190 40.812 0.666667
34319 38.413 -35.540 41.309 0.666667
34320 28.693 -36.898 40.719 0.888889
34321 27.960 -36.692 40.993 0.777778
34322 27.332 -36.538 41.172 0.777778
34323 26.812 -36.530 41.317 0.777778
34324 26.124 -36.487 41.146 0.666667
34325 25.607 -36.401 40.450 0.555556
34326 24.177 -36.846 40.869 0.444444
34327 23.387 -36.993 40.591 0.444444
34328 22.252 -37.319 40.759 0.444444
34329 16.178 -35.788 40.854 0.111111
34333 37.893 -36.485 39.810 0.888889
34334 38.326 -35.729 40.287 0.777778
34335 28.794 -36.682 40.063 0.888889
34336 28.139 -36.538 40.189 0.888889
34337 27.468 -36.427 40.409 0.777778
34338 24.782 -36.503 40.263 0.555556
34339 23.906 -36.707 39.947 0.333333
34340 24.488 -36.305 39.331 0.444444
34341 23.043 -36.867 39.745 0.333333
34342 22.130 -37.022 39.780 0.333333
34343 21.189 -36.983 39.316 0.222222
34344 19.623 -37.042 39.323 0.222222
34346 16.723 -36.260 40.273 0.111111
34349 37.964 -36.711 38.846 1.000000
34350 38.408 -35.902 39.313 1.000000
34351 29.915 -36.909 38.944 0.888889
34352 29.037 -36.574 38.757 0.777778
34353 23.481 -36.432 38.876 0.333333
34354 21.785 -36.799 38.880 0.333333
34355 21.898 -36.463 38.100 0.222222
34356 20.251 -36.707 38.756 0.222222
34357 19.490 -36.575 38.734 0.222222
34358 18.942 -36.713 38.936 0.222222
34359 18.462 -36.004 38.766 0.111111
34360 17.801 -36.198 39.288 0.222222
34366 37.876 -36.801 38.005 1.000000
34367 38.408 -36.022 38.218 1.000000
34368 31.042 -36.930 37.424 0.555556
34369 30.349 -36.737 37.614 0.666667
34370 29.786 -36.349 37.318 0.333333
34371 21.185 -35.952 37.591 0.111111
34372 19.598 -36.185 38.240 0.111111
34373 19.093 -36.222 38.568 0.111111
34379 38.016 -36.424 37.312 1.000000
34380 36.943 -36.992 36.449 0.888889
34381 37.647 -36.601 36.721 1.000000
34382 32.062 -37.033 36.324 0.222222
34383 31.269 -36.818 36.602 0.555556
34384 30.496 -36.611 36.911 0.333333
34389 36.821 -36.468 35.860 0.666667
34390 37.572 -36.190 36.093 0.888889
34391 36.220 -37.003 35.941 0.777778
34392 34.849 -36.943 35.680 0.333333
34393 33.987 -36.985 35.574 0.222222
34394 33.115 -36.926 35.463 0.222222
34395 32.271 -36.852 35.504 0.222222
34396 31.473 -36.648 35.737 0.111111
34397 30.678 -36.430 36.065 0.222222
34398 29.931 -36.159 36.436 0.333333
34407 37.088 -35.832 35.513 0.555556
34408 36.187 -36.264 35.361 0.444444
34409 35.255 -36.463 35.124 0.333333
34410 33.694 -36.547 34.692 0.222222
34411 34.626 -36.131 34.573 0.333333
34412 32.659 -36.511 34.720 0.222222
34413 31.742 -36.361 34.878 0.111111
34414 30.893 -36.132 35.196 0.111111
34428 33.072 -35.969 34.044 0.222222
34429 32.148 -35.897 34.111 0.111111
35078 39.186 -36.223 43.411 0.444444
35079 38.551 -36.397 43.885 0.333333
35087 41.018 -34.826 42.548 0.333333
35088 39.133 -35.716 43.010 0.333333
35089 39.865 -35.675 43.139 0.222222
35090 38.396 -35.958 42.845 0.555556
35096 42.924 -35.012 41.660 0.111111
35097 42.237 -34.663 41.932 0.111111
35098 39.979 -34.546 42.229 0.555556
35099 38.772 -35.468 42.321 0.555556
35104 43.497 -35.456 41.120 0.111111
35105 39.137 -34.887 41.635 0.666667
35106 26.863 -36.378 40.723 0.555556
35107 26.318 -36.340 40.276 0.555556
35112 44.184 -35.493 40.090 0.111111
35113 44.577 -34.670 40.074 0.111111
35114 44.110 -35.065 40.658 0.111111
35115 38.817 -35.220 39.851 0.888889
35116 39.229 -34.695 40.514 0.888889
35117 27.652 -36.205 39.506 0.888889
35118 26.245 -36.142 39.564 0.555556
35119 25.451 -36.197 39.617 0.555556
35124 38.965 -35.305 38.906 0.888889
35125 39.350 -34.674 39.549 0.888889
35126 28.392 -36.460 39.409 0.888889
35127 27.570 -35.818 38.733 0.444444
35128 26.961 -35.564 38.555 0.444444
35129 25.937 -35.790 38.911 0.555556
35130 25.059 -35.792 38.778 0.555556
35131 24.199 -35.927 38.436 0.333333
35132 22.698 -36.282 37.932 0.333333
35133 18.684 -35.219 38.821 0.111111
35142 38.984 -35.191 37.913 1.000000
35143 39.398 -34.591 38.626 0.888889
35144 28.939 -36.078 37.871 0.444444
35145 28.030 -35.657 37.997 0.444444
35146 27.308 -35.394 37.975 0.444444
35147 26.635 -35.124 37.797 0.444444
35148 26.327 -35.384 38.352 0.444444
35149 25.528 -35.318 38.165 0.333333
35150 24.674 -35.368 37.966 0.333333
35151 22.736 -35.573 37.182 0.222222
35152 23.425 -35.110 37.193 0.333333
35153 21.975 -35.850 37.326 0.222222
35154 20.473 -35.172 37.524 0.111111
35155 19.694 -35.367 37.970 0.111111
35156 19.103 -35.640 38.426 0.111111
35161 38.100 -36.015 36.637 1.000000
35162 38.931 -34.999 37.007 1.000000
35163 28.625 -35.346 36.301 0.111111
35164 27.737 -35.162 37.325 0.222222
35165 22.676 -34.605 36.936 0.111111
35166 22.072 -35.080 36.980 0.111111
35167 21.337 -35.088 37.165 0.111111
35171 38.199 -35.528 36.104 0.777778
35172 38.737 -34.921 36.257 1.000000
35173 30.083 -35.959 35.546 0.111111
35174 29.318 -35.734 35.897 0.111111
35179 36.620 -35.444 34.879 0.444444
35180 37.474 -35.149 35.139 0.444444
35181 35.613 -35.715 34.573 0.333333
35205 37.096 -34.769 34.429 0.444444
35206 36.217 -34.984 34.174 0.444444
35207 34.752 -35.446 34.021 0.111111
35208 35.759 -34.576 33.412 0.333333
35209 33.961 -35.796 34.064 0.111111
35212 31.157 -35.611 34.293 0.111111
35219 34.772 -34.756 33.353 0.111111
35220 33.855 -34.674 33.181 0.111111
35919 41.660 -34.557 42.111 0.111111
35920 40.333 -35.036 42.754 0.222222
35925 42.921 -34.085 41.744 0.111111
35926 42.205 -34.118 41.810 0.111111
35927 41.352 -34.233 42.117 0.333333
35928 40.770 -34.404 42.413 0.444444
35929 41.064 -33.785 42.033 0.444444
35934 43.687 -34.610 41.348 0.111111
35935 44.455 -34.017 40.781 0.111111
35936 43.810 -33.757 41.491 0.111111
35937 40.378 -33.967 41.820 0.555556
35938 39.727 -34.284 41.237 0.777778
35944 39.831 -34.228 40.218 0.888889
35954 39.833 -33.987 39.275 0.888889
35955 19.948 -34.280 38.111 0.111111
35961 39.911 -33.560 37.852 0.888889
35962 27.086 -34.810 37.271 0.111111
35963 26.387 -34.368 37.123 0.222222
35964 24.986 -34.724 37.482 0.333333
35965 24.151 -34.819 37.321 0.333333
35966 20.830 -34.191 37.468 0.111111
35971 39.453 -34.374 37.606 1.000000
35972 39.714 -33.728 36.996 1.000000
35973 27.542 -34.596 36.624 0.111111
35974 26.930 -33.994 36.619 0.111111
35975 26.203 -33.360 36.534 0.111111
35976 25.766 -33.898 37.063 0.333333
35977 25.038 -33.758 37.135 0.222222
35978 23.503 -34.133 36.952 0.222222
35979 22.672 -33.671 36.979 0.111111
35980 21.798 -34.122 37.044 0.111111
35986 39.260 -34.352 36.621 1.000000
35987 38.987 -34.247 35.863 1.000000
35993 38.285 -34.851 35.555 0.555556
35994 38.592 -33.996 35.160 0.666667
36011 37.895 -34.455 34.765 0.555556
36012 36.696 -34.388 33.664 0.333333
36013 37.500 -34.066 34.046 0.444444
36021 37.165 -33.735 33.283 0.222222
36022 36.145 -33.853 32.894 0.222222
36023 34.374 -34.118 32.700 0.111111
36024 35.226 -34.159 32.818 0.111111
36025 33.477 -34.182 32.753 0.111111
36026 32.718 -34.165 32.750 0.111111
36749 42.573 -33.622 41.727 0.222222
36750 41.993 -33.791 41.773 0.111111
36751 41.617 -33.694 41.825 0.111111
36752 42.043 -33.131 41.722 0.111111
36769 44.323 -33.023 41.266 0.111111
36770 43.339 -33.102 41.676 0.222222
36771 41.305 -33.172 41.678 0.555556
36772 40.125 -33.699 40.928 0.777778
36773 40.671 -33.366 41.467 0.777778
36794 40.240 -33.636 40.033 0.777778
36795 40.571 -32.945 39.904 0.777778
36809 40.093 -33.406 38.689 0.888889
36810 40.491 -32.794 39.068 0.888889
36817 20.604 -33.378 38.292 0.111111
36818 21.209 -32.707 38.617 0.111111
36823 40.390 -32.794 38.078 0.888889
36829 21.339 -33.329 37.713 0.111111
36830 22.074 -33.145 37.347 0.111111
36831 21.766 -32.738 38.064 0.111111
36837 40.111 -33.165 37.306 0.888889
36838 39.924 -33.083 36.655 1.000000
36843 25.451 -33.219 36.821 0.111111
36844 24.789 -32.698 36.832 0.111111
36845 24.103 -33.293 36.937 0.111111
36846 22.846 -32.833 37.213 0.111111
36852 39.451 -33.648 36.259 1.000000
36853 39.621 -32.907 35.983 1.000000
36863 39.163 -33.455 35.550 0.777778
36864 38.806 -33.196 34.850 0.666667
36890 38.220 -33.686 34.429 0.555556
36891 38.471 -32.919 34.146 0.555556
36905 37.895 -33.370 33.683 0.111111
36906 36.852 -33.343 32.688 0.222222
37553 42.642 -33.069 41.685 0.222222
37573 44.849 -32.114 41.026 0.111111
37574 43.210 -32.309 41.652 0.222222
37575 42.531 -32.411 41.619 0.444444
37576 40.989 -32.509 40.636 0.666667
37577 41.635 -32.449 41.393 0.666667
37591 40.966 -32.145 39.758 0.888889
37601 40.790 -32.065 38.722 0.888889
37615 40.670 -31.929 37.786 0.888889
37622 22.390 -32.450 37.908 0.111111
37623 23.194 -31.983 37.726 0.111111
37630 40.366 -32.497 37.179 0.888889
37631 40.556 -31.590 36.908 0.888889
37636 24.290 -31.995 36.825 0.111111
37637 23.680 -32.519 37.042 0.111111
37640 40.079 -32.311 36.430 1.000000
37641 39.773 -32.253 35.795 1.000000
37649 25.046 -31.799 36.512 0.111111
37667 39.356 -32.589 35.267 0.666667
37668 39.394 -31.920 34.788 0.666667
37689 38.996 -32.433 34.534 0.666667
37690 38.772 -32.231 33.904 0.333333
38314 45.178 -30.832 40.685 0.111111
38315 44.568 -30.817 41.013 0.222222
38316 44.041 -30.913 41.239 0.333333
38317 43.619 -31.504 41.462 0.333333
38318 42.983 -31.060 41.349 0.444444
38319 42.276 -31.035 40.888 0.666667
38330 45.576 -30.707 40.116 0.333333
38343 41.210 -31.315 39.310 0.777778
38344 41.679 -30.476 39.612 0.777778
38351 24.226 -30.958 38.663 0.111111
38358 41.201 -30.481 38.766 0.888889
38359 40.913 -31.254 38.358 0.888889
38363 23.951 -31.634 37.179 0.111111
38364 24.465 -30.894 37.516 0.111111
38370 40.761 -30.716 37.161 1.000000
38375 24.625 -31.295 36.766 0.111111
38376 25.318 -31.030 36.312 0.111111
38377 25.003 -30.664 36.825 0.111111
38390 40.084 -31.536 35.967 1.000000
38391 40.512 -30.805 36.360 1.000000
38409 40.155 -30.639 35.506 1.000000
38410 39.699 -31.154 34.839 0.888889
38425 39.280 -31.606 34.093 0.666667
38426 39.581 -30.715 34.037 0.555556
38434 39.266 -30.359 33.300 0.444444
38435 38.850 -31.063 32.947 0.444444
38442 38.393 -31.020 32.097 0.111111
39074 44.771 -30.031 40.847 0.222222
39075 44.254 -30.377 41.077 0.333333
39076 43.571 -30.371 41.224 0.333333
39077 42.686 -30.288 41.053 0.444444
39078 43.189 -29.472 41.041 0.555556
39081 45.353 -30.061 40.317 0.333333
39082 42.438 -29.748 40.658 0.444444
39083 42.000 -29.739 39.984 0.555556
39090 45.747 -30.168 39.627 0.111111
39091 41.604 -29.757 39.134 0.777778
39104 41.219 -29.682 38.227 0.777778
39105 40.923 -29.980 37.404 0.888889
39109 26.233 -29.772 37.775 0.111111
39114 40.741 -30.197 36.751 1.000000
39120 25.783 -30.240 36.611 0.111111
39135 40.588 -30.007 36.085 1.000000
39143 40.249 -29.694 35.370 1.000000
39144 39.917 -30.223 34.699 1.000000
39155 39.672 -29.821 33.936 0.888889
39164 39.312 -29.413 33.213 0.555556
39165 38.852 -30.371 32.630 0.222222
39170 38.368 -29.550 31.705 0.222222
39897 45.213 -29.286 40.466 0.444444
39898 44.591 -29.140 40.781 0.444444
39899 44.085 -29.700 41.061 0.333333
39900 43.940 -28.898 40.931 0.333333
39904 45.712 -29.369 39.875 0.222222
39905 45.086 -28.521 40.491 0.555556
39906 42.494 -29.007 40.303 0.555556
39914 46.126 -29.469 39.156 0.333333
39915 46.092 -28.647 39.430 0.333333
39916 42.066 -28.421 39.552 0.555556
39917 41.684 -28.975 38.812 0.777778
39924 41.482 -28.793 37.928 0.888889
39930 41.180 -29.329 37.466 0.888889
39931 40.902 -29.442 36.736 1.000000
39947 40.533 -29.169 36.025 1.000000
39954 40.134 -28.788 35.369 1.000000
39955 39.884 -29.286 34.681 1.000000
39961 39.729 -28.846 33.890 1.000000
39976 39.271 -28.366 33.287 0.777778
39977 38.973 -28.850 32.778 0.666667
39982 38.606 -28.750 32.125 0.666667
39990 37.996 -28.768 31.425 0.222222
39992 37.282 -28.816 30.953 0.111111
40761 45.609 -28.604 40.027 0.555556
40762 45.922 -27.926 39.585 0.555556
40763 45.399 -27.903 40.101 0.555556
40764 44.944 -27.886 40.451 0.555556
40765 44.483 -28.342 40.681 0.555556
40766 43.769 -28.087 40.740 0.555556
40767 42.783 -27.975 40.335 0.555556
40773 46.464 -27.912 39.093 0.333333
40774 42.262 -27.568 39.453 0.555556
40778 46.678 -27.821 38.402 0.333333
40779 41.405 -27.988 37.573 1.000000
40784 41.244 -28.710 37.100 1.000000
40799 41.023 -27.923 36.674 1.000000
40800 40.515 -28.311 35.973 1.000000
40807 40.193 -27.910 35.287 1.000000
40808 39.918 -28.375 34.629 1.000000
40815 39.741 -27.912 33.826 1.000000
40826 39.029 -27.364 33.233 0.888889
40827 38.813 -28.007 32.667 0.777778
40836 38.190 -27.773 31.956 0.555556
40842 37.438 -28.051 31.191 0.333333
41531 45.634 -27.261 39.718 0.555556
41532 45.098 -27.293 40.202 0.555556
41533 44.420 -27.442 40.517 0.555556
41534 43.495 -27.314 40.439 0.555556
41535 44.064 -26.677 40.289 0.555556
41538 45.880 -26.543 39.487 0.444444
41539 43.308 -26.784 40.019 0.555556
41543 46.941 -26.974 38.318 0.333333
41544 42.030 -27.236 38.709 0.777778
41545 41.711 -27.306 37.952 1.000000
41550 41.353 -27.255 37.185 1.000000
41565 40.691 -27.382 35.889 1.000000
41579 40.298 -27.078 35.135 1.000000
41580 40.068 -27.542 34.480 1.000000
41588 39.712 -27.109 33.720 1.000000
41596 39.096 -26.530 33.235 0.888889
41597 38.034 -26.792 32.183 0.555556
41598 38.580 -26.575 32.717 0.666667
41599 38.022 -26.035 32.268 0.555556
41613 37.423 -27.169 31.583 0.444444
41614 37.334 -26.357 31.765 0.555556
41615 36.720 -26.791 31.198 0.333333
42284 44.785 -26.658 40.139 0.555556
42287 46.515 -25.658 38.837 0.444444
42288 45.955 -25.851 39.331 0.444444
42289 45.199 -25.987 39.740 0.444444
42290 44.555 -25.973 39.905 0.444444
42291 42.665 -26.677 39.205 0.666667
42292 43.648 -26.142 39.692 0.555556
42296 47.073 -25.983 38.302 0.444444
42297 43.146 -25.957 38.931 0.777778
42298 42.126 -26.688 38.207 0.888889
42299 42.633 -26.105 38.299 0.888889
42303 47.150 -25.871 37.291 0.333333
42304 42.115 -26.097 37.665 0.888889
42305 41.715 -25.994 37.087 1.000000
42310 46.541 -26.598 36.527 0.222222
42311 46.094 -26.014 35.840 0.222222
42312 41.047 -26.585 36.123 1.000000
42313 41.431 -25.911 36.394 1.000000
42328 41.037 -25.848 35.611 1.000000
42329 40.222 -26.774 34.315 1.000000
42330 40.537 -26.274 34.957 1.000000
42337 40.354 -25.977 34.194 1.000000
42338 39.813 -26.348 33.665 1.000000
42345 39.320 -25.817 33.242 1.000000
42346 38.653 -25.923 32.799 0.777778
42356 37.346 -25.864 31.705 0.555556
42357 36.673 -26.140 31.279 0.222222
42360 36.002 -26.198 30.867 0.111111
43116 46.267 -24.866 38.653 0.444444
43117 45.887 -25.358 39.032 0.444444
43118 45.248 -25.339 39.475 0.444444
43119 44.718 -25.331 39.611 0.666667
43120 45.098 -24.768 39.186 0.444444
43124 46.814 -25.062 38.327 0.444444
43125 44.470 -24.924 39.031 0.555556
43126 43.206 -25.521 38.285 0.777778
43127 43.833 -24.924 38.345 0.777778
43131 47.331 -25.006 37.079 0.222222
43132 43.170 -25.016 37.611 0.888889
43133 42.119 -25.597 37.259 0.888889
43134 42.452 -25.061 37.113 0.888889
43143 46.802 -25.574 36.424 0.333333
43144 46.845 -24.646 36.253 0.111111
43145 41.859 -25.340 36.737 0.888889
43146 41.503 -25.151 36.057 1.000000
43155 46.078 -25.195 35.588 0.111111
43156 45.491 -24.879 34.538 0.111111
43157 41.198 -24.602 34.904 1.000000
43158 40.808 -25.388 34.779 1.000000
43165 40.439 -25.333 33.925 1.000000
43170 39.013 -25.387 32.761 0.777778
43171 38.433 -25.639 32.376 0.666667
43172 38.549 -25.417 32.138 0.666667
43182 37.965 -25.595 31.919 0.666667
43183 37.471 -25.613 31.450 0.444444
43184 36.772 -25.692 31.047 0.222222
43191 35.433 -25.320 30.370 0.111111
43831 45.629 -24.784 38.904 0.444444
43840 46.716 -24.025 38.358 0.444444
43841 46.111 -24.141 38.657 0.555556
43842 45.523 -23.952 38.720 0.555556
43843 44.596 -24.272 38.489 0.444444
43844 44.956 -23.522 38.357 0.444444
43849 47.290 -23.561 37.920 0.333333
43850 47.365 -23.151 37.413 0.111111
43851 44.295 -23.660 37.710 0.777778
43852 42.983 -24.417 36.996 0.777778
43853 43.618 -23.790 36.950 0.777778
43863 47.483 -23.977 37.036 0.111111
43864 46.816 -23.718 36.007 0.111111
43865 42.843 -23.751 36.378 0.888889
43866 42.161 -24.533 36.386 1.000000
43875 46.151 -24.320 35.320 0.111111
43876 46.303 -23.504 34.911 0.111111
43877 42.198 -23.780 35.677 1.000000
43878 41.679 -23.941 34.959 1.000000
43885 45.851 -24.073 34.419 0.111111
43886 45.630 -24.280 33.576 0.111111
43887 41.209 -24.095 34.167 1.000000
43888 40.536 -24.693 33.486 1.000000
43891 46.163 -23.846 32.765 0.111111
43892 39.766 -24.821 32.855 1.000000
43900 49.286 -23.743 32.530 0.111111
43901 39.221 -24.945 32.212 0.777778
43902 37.863 -25.328 31.416 0.555556
43903 38.631 -25.117 31.659 0.666667
43904 37.231 -25.414 31.039 0.444444
43909 38.185 -24.994 31.125 0.777778
43910 37.331 -25.122 30.821 0.444444
43911 37.869 -24.756 30.546 0.555556
43912 36.433 -25.338 30.632 0.333333
43920 37.059 -24.827 30.154 0.444444
43921 36.239 -24.887 29.775 0.222222
43934 39.965 -24.325 28.634 0.555556
43935 39.782 -24.251 29.494 0.555556
43936 39.360 -24.457 28.879 0.555556
43937 38.940 -24.348 29.476 0.555556
43938 37.898 -24.665 28.671 0.333333
43939 38.402 -24.373 30.076 0.555556
43940 36.964 -24.807 28.959 0.333333
43941 35.981 -24.816 28.798 0.111111
43957 39.196 -24.313 28.191 0.444444
43958 39.840 -23.912 27.857 0.444444
43959 37.452 -24.615 27.975 0.333333
43960 36.551 -24.536 28.118 0.222222
43968 38.837 -23.791 27.490 0.333333
43969 37.846 -24.005 27.529 0.333333
43970 37.030 -24.030 27.597 0.333333
44558 46.881 -23.216 38.373 0.333333
44559 46.306 -23.316 38.593 0.555556
44560 45.607 -23.076 38.492 0.555556
44561 46.142 -22.755 38.445 0.222222
44573 47.116 -22.262 37.114 0.222222
44574 47.122 -22.716 37.988 0.222222
44575 45.435 -22.363 37.971 0.444444
44576 44.609 -22.383 37.477 0.555556
44583 47.247 -23.018 36.640 0.111111
44584 47.258 -22.105 36.190 0.111111
44585 44.022 -22.922 37.125 0.666667
44586 42.985 -22.928 35.658 0.888889
44587 43.652 -22.612 36.368 0.666667
44594 46.881 -22.820 35.535 0.111111
44595 42.192 -23.252 34.951 1.000000
44596 42.603 -22.523 34.740 0.888889
44602 46.032 -23.465 33.737 0.111111
44603 46.549 -22.727 34.315 0.111111
44604 42.063 -22.923 34.211 1.000000
44605 40.925 -23.867 33.246 1.000000
44606 41.506 -23.346 33.741 1.000000
44611 46.595 -22.900 33.223 0.111111
44612 47.542 -22.407 32.996 0.111111
44613 46.933 -22.009 33.898 0.111111
44614 40.837 -23.280 32.009 1.000000
44615 41.268 -23.156 32.823 1.000000
44616 40.597 -23.738 32.453 1.000000
44625 48.779 -22.723 32.742 0.111111
44626 40.216 -23.738 31.782 0.888889
44627 40.545 -23.435 31.471 1.000000
44628 39.495 -24.414 31.636 0.777778
44635 40.001 -23.743 31.251 1.000000
44636 39.395 -24.258 30.961 0.666667
44637 38.676 -24.582 30.751 0.666667
44643 40.706 -23.628 30.051 0.777778
44644 41.615 -23.672 29.416 0.888889
44645 41.479 -23.341 30.387 1.000000
44646 39.924 -23.763 30.458 0.777778
44647 39.148 -24.124 30.251 0.555556
44669 41.915 -23.528 28.701 0.666667
44670 42.635 -23.002 28.709 1.000000
44671 42.378 -23.399 29.235 1.000000
44672 40.654 -24.097 29.179 0.555556
44673 33.336 -22.684 28.872 0.111111
44679 41.918 -23.012 28.123 0.666667
44680 41.286 -23.521 28.116 0.666667
44681 40.613 -23.917 28.326 0.555556
44682 35.438 -23.625 27.800 0.111111
44683 34.842 -23.314 27.884 0.111111
44684 34.645 -22.587 27.873 0.111111
44690 41.213 -22.908 27.602 0.666667
44691 39.698 -23.209 27.303 0.222222
44692 38.805 -22.724 27.195 0.222222
44693 38.006 -23.152 27.246 0.333333
44694 36.623 -23.241 27.417 0.111111
44695 35.325 -22.849 27.651 0.111111
45334 46.630 -22.861 38.388 0.222222
45349 46.960 -21.472 36.937 0.333333
45350 46.780 -21.942 37.378 0.222222
45351 46.419 -22.272 37.917 0.222222
45352 45.646 -21.682 37.510 0.444444
45353 44.949 -21.279 36.996 0.444444
45368 47.219 -21.391 36.562 0.333333
45369 44.240 -21.993 36.849 0.555556
45370 44.405 -21.554 36.232 0.555556
45376 47.013 -21.930 34.991 0.111111
45377 47.412 -21.263 35.823 0.111111
45378 43.701 -21.985 35.825 0.666667
45379 43.119 -22.113 35.151 0.888889
45380 43.530 -21.498 35.042 0.777778
45387 47.503 -21.249 34.628 0.111111
45388 43.024 -21.842 34.463 0.888889
45389 41.925 -22.718 33.430 1.000000
45390 42.480 -22.280 33.945 1.000000
45397 48.307 -21.734 33.088 0.111111
45398 48.091 -21.047 33.894 0.222222
45399 41.922 -22.577 32.562 1.000000
45400 42.515 -22.203 33.083 1.000000
45410 41.984 -22.519 31.634 1.000000
45411 42.592 -22.099 32.121 1.000000
45412 41.259 -23.030 31.321 1.000000
45417 42.694 -22.079 31.090 1.000000
45418 43.717 -22.161 30.704 1.000000
45419 43.404 -21.815 31.677 1.000000
45420 42.134 -22.791 30.754 1.000000
45440 43.824 -22.501 29.966 1.000000
45441 44.346 -21.907 29.618 1.000000
45442 44.598 -21.939 30.392 1.000000
45443 43.079 -22.782 30.243 1.000000
45444 42.387 -23.292 29.883 1.000000
45446 32.935 -22.078 29.622 0.111111
45453 43.025 -22.950 29.501 1.000000
45454 43.548 -22.384 29.267 1.000000
45460 43.116 -22.202 28.465 0.888889
45461 42.430 -22.438 28.089 0.666667
45467 41.824 -22.291 27.653 0.444444
45468 41.052 -22.019 27.333 0.111111
45469 40.380 -22.627 27.257 0.333333
45470 39.559 -22.228 27.010 0.222222
45472 37.154 -22.550 27.208 0.111111
45473 36.072 -22.403 27.406 0.111111
45474 35.149 -22.049 27.542 0.111111
46150 46.831 -21.211 36.878 0.333333
46151 46.409 -21.560 37.230 0.333333
46152 45.824 -21.211 37.044 0.444444
46153 46.454 -20.818 36.700 0.444444
46164 47.111 -20.807 36.503 0.333333
46165 46.935 -20.653 36.559 0.333333
46166 45.648 -20.796 36.537 0.666667
46167 44.990 -21.136 36.001 0.555556
46175 47.761 -20.567 35.650 0.333333
46176 44.161 -21.289 35.551 0.666667
46177 44.675 -20.771 35.288 0.777778
46184 48.765 -20.398 34.461 0.222222
46185 44.033 -21.031 34.925 0.777778
46186 43.041 -21.710 33.603 1.000000
46195 43.172 -21.733 32.664 1.000000
46196 43.658 -21.146 33.162 0.888889
46203 43.947 -21.383 32.225 0.888889
46204 44.781 -21.091 31.808 1.000000
46210 45.264 -21.616 31.059 1.000000
46211 45.786 -20.979 30.784 1.000000
46212 45.674 -20.870 31.522 0.888889
46213 44.369 -21.733 31.280 1.000000
46233 45.204 -21.431 30.327 1.000000
46240 44.304 -21.227 29.153 1.000000
46241 43.744 -21.623 28.867 1.000000
46247 43.201 -21.123 28.205 0.777778
46248 42.427 -21.552 27.730 0.666667
46254 41.806 -20.745 27.309 0.444444
46255 41.000 -21.091 27.104 0.222222
46256 40.265 -21.652 26.938 0.111111
46257 39.418 -21.270 26.742 0.111111
46258 37.935 -21.357 26.785 0.111111
46906 47.504 -20.171 36.051 0.444444
46907 47.164 -20.319 36.270 0.555556
46908 46.816 -20.187 36.340 0.555556
46909 45.406 -20.365 35.847 0.666667
46910 46.107 -20.129 36.281 0.555556
46918 48.202 -19.982 35.567 0.333333
46919 47.987 -19.401 35.744 0.555556
46920 45.115 -20.176 34.985 0.777778
46921 45.801 -19.741 35.598 0.666667
46926 49.425 -19.977 34.452 0.111111
46927 44.892 -20.053 34.061 0.777778
46928 45.572 -19.595 34.640 0.777778
46929 44.426 -20.622 34.488 0.777778
46938 50.483 -19.203 34.067 0.111111
46939 44.798 -20.050 33.158 0.777778
46940 45.453 -19.653 33.701 0.777778
46941 44.363 -20.704 32.710 0.888889
46949 46.772 -19.873 31.633 0.888889
46950 46.197 -20.186 32.197 0.888889
46951 45.191 -20.438 32.357 0.888889
46957 46.350 -20.399 31.189 1.000000
46973 46.161 -20.168 30.503 1.000000
46974 45.491 -20.680 30.115 1.000000
46980 44.993 -20.285 29.633 1.000000
46981 44.438 -20.435 29.184 1.000000
46982 43.817 -20.702 28.694 1.000000
46988 43.204 -20.047 28.237 0.888889
46989 42.562 -20.441 27.688 0.333333
46994 41.904 -19.801 27.307 0.333333
46995 41.061 -20.128 27.074 0.333333
47639 47.338 -19.736 35.961 0.555556
47640 46.603 -19.632 35.931 0.555556
47644 48.818 -19.424 35.283 0.222222
47645 49.134 -18.545 35.285 0.333333
47646 48.455 -18.809 35.520 0.444444
47647 48.075 -18.693 35.556 0.555556
47648 47.685 -19.126 35.723 0.555556
47649 47.106 -19.138 35.619 0.666667
47653 49.824 -18.539 34.603 0.111111
47654 50.636 -18.160 34.425 0.111111
47655 49.539 -17.842 34.866 0.333333
47656 46.091 -19.118 34.275 0.777778
47657 46.848 -18.822 34.889 0.555556
47663 46.906 -18.985 33.794 0.777778
47664 47.496 -18.456 34.550 0.555556
47665 46.204 -19.558 33.231 0.777778
47673 47.037 -19.513 32.578 0.666667
47674 47.762 -18.839 33.297 0.666667
47687 47.263 -19.309 31.602 0.888889
47688 46.719 -19.660 30.960 0.888889
47701 46.311 -19.153 30.463 1.000000
47702 45.431 -19.520 29.970 1.000000
47703 44.784 -18.454 29.635 1.000000
47710 44.578 -19.473 29.348 1.000000
47711 43.834 -19.684 28.818 0.888889
47719 43.262 -19.031 28.299 0.777778
47720 42.617 -19.423 27.722 0.444444
47725 42.028 -18.945 27.214 0.222222
47726 41.277 -19.300 26.900 0.333333
47727 40.416 -19.583 26.626 0.111111
47728 40.685 -18.824 26.392 0.222222
48407 48.684 -18.049 35.235 0.333333
48408 47.571 -18.673 35.354 0.555556
48412 50.169 -17.338 34.602 0.222222
48413 49.246 -17.333 34.748 0.222222
48414 48.077 -18.153 35.114 0.555556
48415 48.684 -17.572 34.822 0.555556
48421 48.109 -17.996 34.195 0.555556
48422 49.148 -16.897 33.246 0.444444
48427 48.406 -18.486 32.745 0.555556
48428 48.753 -17.700 32.499 0.555556
48444 48.183 -17.483 31.628 0.777778
48445 47.252 -17.833 31.088 0.888889
48446 47.022 -18.809 31.002 0.888889
48454 46.424 -18.094 30.608 0.888889
48455 45.584 -18.282 30.137 1.000000
48456 45.053 -17.543 29.818 1.000000
48463 44.007 -18.566 28.884 1.000000
48464 44.492 -17.683 29.149 1.000000
48472 43.874 -17.635 28.515 0.888889
48473 43.388 -18.214 28.276 0.888889
48484 42.716 -18.413 27.673 0.444444
48485 42.085 -18.271 27.068 0.222222
48486 41.480 -18.566 26.692 0.222222
48487 41.736 -17.907 26.500 0.222222
48494 40.921 -18.094 26.161 0.222222
48495 40.130 -18.304 25.870 0.111111
49170 50.728 -16.845 34.470 0.111111
49171 49.910 -16.614 34.372 0.222222
49172 49.254 -16.986 34.363 0.333333
49173 49.562 -16.238 33.885 0.333333
49191 49.262 -16.035 32.987 0.444444
49192 48.818 -16.741 32.240 0.555556
49199 48.156 -16.287 31.561 0.666667
49200 47.194 -16.668 31.045 0.888889
49201 46.563 -17.247 30.735 0.888889
49207 45.898 -17.232 30.213 1.000000
49208 45.445 -16.779 29.643 1.000000
49209 39.410 -16.559 31.355 0.111111
49211 39.048 -16.466 30.933 0.111111
49214 44.876 -17.069 29.281 1.000000
49215 44.407 -16.996 28.711 0.888889
49221 43.787 -16.984 28.097 0.777778
49222 43.294 -17.018 27.340 0.666667
49231 42.542 -17.622 27.043 0.444444
49232 42.018 -17.271 26.202 0.333333
49241 40.376 -17.568 25.677 0.222222
49242 41.210 -17.436 25.899 0.333333
49243 39.706 -17.707 25.676 0.222222
49244 39.027 -17.299 25.721 0.111111
49256 40.657 -16.769 25.439 0.222222
49257 39.758 -17.016 25.495 0.222222
49278 57.502 -17.870 20.279 0.111111
49279 56.941 -18.019 20.637 0.111111
49280 56.556 -18.018 19.785 0.111111
49936 51.269 -15.699 33.655 0.111111
49937 50.985 -16.304 34.157 0.111111
49938 50.611 -16.113 34.176 0.222222
49939 50.101 -15.792 34.105 0.222222
49949 49.777 -15.498 33.648 0.444444
49960 49.524 -15.202 32.777 0.444444
49961 48.847 -15.762 32.111 0.444444
49966 48.319 -15.441 31.499 0.555556
49967 47.553 -15.616 31.075 0.777778
49968 46.662 -15.762 30.522 1.000000
49970 40.558 -16.056 31.715 0.111111
49976 45.981 -16.273 30.105 1.000000
49977 46.184 -15.556 29.883 1.000000
49979 39.991 -16.305 31.223 0.111111
49984 45.796 -16.076 29.443 1.000000
49985 45.114 -16.451 28.877 0.888889
49986 39.219 -15.897 30.547 0.111111
49987 38.506 -16.095 30.325 0.111111
49997 43.916 -16.614 27.585 0.777778
49998 44.458 -16.504 28.154 0.888889
50006 43.682 -16.539 26.727 0.666667
50007 44.508 -16.189 27.357 0.777778
50008 42.805 -16.948 26.471 0.555556
50015 43.117 -16.580 25.757 0.555556
50016 43.568 -16.275 25.110 0.222222
50017 42.246 -16.749 25.652 0.444444
50018 38.218 -15.784 26.030 0.111111
50019 37.552 -16.283 26.403 0.111111
50025 54.566 -16.643 25.225 0.111111
50029 42.610 -16.265 24.904 0.222222
50030 43.286 -15.886 24.562 0.222222
50031 41.495 -16.298 25.096 0.222222
50032 40.543 -15.880 25.130 0.222222
50033 39.763 -16.132 25.391 0.222222
50034 38.957 -16.413 25.584 0.222222
50036 54.785 -17.283 24.250 0.111111
50037 55.128 -17.012 24.629 0.111111
50041 42.678 -15.497 24.374 0.222222
50042 41.885 -15.665 24.611 0.222222
50044 55.989 -16.454 22.975 0.111111
50045 55.503 -16.746 23.645 0.111111
50046 55.023 -17.455 23.378 0.111111
50047 54.099 -17.262 23.678 0.111111
50052 56.068 -17.507 22.201 0.111111
50053 56.459 -17.187 22.337 0.111111
50063 56.619 -17.659 21.625 0.111111
50064 57.288 -17.554 21.016 0.111111
50065 55.981 -17.667 21.909 0.111111
50072 57.586 -17.079 20.334 0.111111
50073 56.035 -17.844 20.460 0.111111
50074 54.909 -17.060 20.647 0.111111
50777 50.933 -15.125 33.813 0.333333
50778 50.650 -15.475 33.943 0.333333
50790 50.640 -14.904 33.655 0.333333
50791 50.113 -14.821 33.465 0.333333
50797 52.439 -14.953 31.718 0.111111
50798 52.371 -14.032 32.103 0.111111
50799 51.758 -14.348 32.699 0.222222
50800 49.849 -14.283 32.801 0.444444
50801 49.047 -14.801 31.860 0.444444
50806 52.760 -14.136 31.506 0.111111
50807 48.128 -14.891 31.068 0.777778
50808 47.325 -14.986 30.573 0.777778
50813 53.071 -14.355 30.763 0.111111
50814 46.692 -15.015 30.083 1.000000
50822 45.741 -15.805 28.725 1.000000
50823 46.391 -15.033 29.450 1.000000
50825 38.054 -15.032 28.729 0.111111
50832 45.743 -15.421 28.045 0.888889
50833 46.390 -14.859 28.028 1.000000
50834 45.095 -15.946 28.098 0.888889
50835 37.539 -15.219 27.618 0.111111
50836 38.315 -14.568 27.728 0.111111
50841 45.922 -15.192 27.209 1.000000
50842 45.236 -15.689 27.303 0.888889
50843 37.622 -15.588 26.703 0.111111
50844 38.126 -15.048 26.763 0.111111
50851 54.328 -15.823 25.781 0.111111
50853 45.105 -15.536 25.699 0.666667
50854 45.694 -15.261 26.230 0.777778
50855 44.401 -15.926 25.587 0.555556
50856 38.560 -15.003 26.034 0.111111
50860 54.672 -15.503 24.903 0.111111
50861 44.826 -15.552 24.943 0.333333
50862 45.579 -15.310 25.244 0.444444
50863 44.026 -15.810 24.644 0.222222
50864 41.133 -15.586 24.803 0.222222
50865 40.528 -15.008 25.023 0.222222
50866 39.765 -15.218 25.387 0.222222
50867 39.011 -15.478 25.631 0.222222
50869 55.246 -15.943 24.166 0.111111
50870 55.752 -15.614 23.680 0.111111
50871 55.568 -14.568 24.379 0.111111
50872 44.454 -15.230 24.080 0.111111
50873 43.453 -15.240 24.105 0.222222
50874 42.749 -14.724 24.059 0.111111
50875 42.105 -15.083 24.324 0.222222
50876 41.370 -14.867 24.631 0.222222
50878 55.836 -15.152 22.977 0.111111
50879 44.510 -14.601 23.384 0.111111
50880 43.752 -14.661 23.633 0.111111
50883 56.560 -16.037 22.324 0.111111
50887 57.228 -16.517 21.119 0.111111
50888 57.116 -17.003 21.828 0.111111
50894 57.086 -15.734 20.261 0.111111
50898 57.446 -16.300 19.556 0.111111
51562 51.039 -14.402 33.251 0.333333
51563 50.431 -14.214 33.187 0.444444
51566 52.061 -13.500 32.194 0.222222
51567 51.417 -13.778 32.679 0.333333
51568 50.264 -13.742 32.777 0.444444
51572 52.707 -13.206 31.820 0.222222
51573 47.905 -14.359 30.554 0.888889
51574 48.815 -14.363 31.129 0.666667
51578 53.373 -13.426 30.732 0.111111
51579 47.806 -14.002 30.027 0.888889
51580 48.650 -13.896 30.398 0.777778
51581 47.298 -14.465 30.056 1.000000
51588 54.185 -12.648 29.768 0.333333
51590 47.451 -14.101 29.301 1.000000
51591 48.301 -13.711 29.511 1.000000
51592 46.765 -14.619 28.824 1.000000
51599 54.496 -13.593 28.863 0.111111
51600 47.403 -14.238 28.253 1.000000
51601 48.140 -13.810 28.618 1.000000
51602 46.999 -14.553 27.662 1.000000
51609 54.913 -14.035 26.929 0.111111
51610 55.161 -13.231 27.667 0.111111
51611 47.646 -14.354 27.346 1.000000
51612 48.392 -14.154 27.056 0.888889
51613 47.129 -14.691 26.886 0.888889
51614 46.461 -14.939 26.541 0.666667
51616 38.855 -14.411 26.746 0.111111
51621 55.103 -13.392 26.148 0.111111
51622 49.096 -13.948 26.910 0.777778
51623 47.896 -14.621 26.507 0.666667
51624 47.175 -14.827 26.005 0.555556
51625 46.350 -14.986 25.575 0.555556
51626 39.977 -14.455 25.638 0.222222
51629 39.184 -14.692 25.825 0.111111
51631 55.059 -13.949 25.201 0.111111
51632 48.700 -14.569 25.132 0.666667
51633 49.389 -14.038 25.442 0.666667
51634 48.007 -14.775 25.589 0.555556
51635 47.168 -14.870 24.924 0.555556
51636 46.094 -15.047 24.490 0.444444
51638 55.710 -13.081 23.902 0.222222
51639 48.441 -14.522 24.259 0.666667
51640 49.194 -14.109 24.503 0.666667
51641 47.634 -14.709 24.098 0.444444
51642 46.803 -14.801 23.909 0.333333
51643 46.023 -14.830 23.502 0.333333
51644 43.206 -14.029 23.664 0.111111
51645 42.560 -14.028 24.136 0.111111
51646 42.049 -14.383 24.375 0.111111
51648 55.872 -13.621 22.994 0.111111
51649 48.825 -14.084 23.602 0.666667
51650 48.011 -14.398 23.456 0.444444
51651 48.279 -13.968 22.802 0.555556
51652 46.705 -14.244 22.669 0.333333
51653 46.023 -14.426 22.778 0.111111
51654 45.312 -14.508 23.116 0.111111
51655 44.543 -13.795 22.933 0.111111
51656 43.907 -14.102 23.309 0.111111
51659 56.000 -14.410 22.247 0.222222
51660 47.481 -14.132 22.729 0.333333
51661 46.130 -13.802 22.257 0.111111
51662 45.428 -13.894 22.582 0.111111
51664 56.552 -14.986 20.961 0.111111
51665 56.428 -15.063 21.766 0.111111
51667 56.580 -14.304 20.031 0.111111
51669 56.689 -13.904 19.237 0.111111
52333 51.455 -13.194 32.314 0.222222
52334 50.514 -13.409 32.418 0.555556
52339 52.422 -12.848 31.872 0.222222
52340 51.917 -12.765 31.834 0.222222
52341 50.956 -12.973 31.873 0.333333
52342 50.117 -13.358 31.669 0.555556
52346 52.984 -12.644 31.368 0.222222
52347 52.532 -12.444 31.369 0.222222
52348 50.293 -13.083 30.286 0.777778
52349 51.426 -12.687 31.053 0.222222
52350 49.253 -13.448 29.793 0.777778
52357 54.722 -12.369 29.003 0.222222
52358 53.438 -12.542 30.527 0.222222
52359 49.967 -13.041 29.279 0.777778
52360 51.160 -12.725 29.883 0.666667
52361 48.964 -13.347 28.889 1.000000
52366 55.112 -12.272 28.229 0.333333
52367 49.786 -13.236 28.271 0.888889
52368 50.795 -12.749 28.756 0.777778
52369 48.936 -13.849 27.837 1.000000
52374 55.188 -12.210 27.367 0.222222
52375 49.688 -13.492 27.284 0.777778
52376 50.516 -12.941 27.687 1.000000
52384 55.278 -12.183 26.489 0.222222
52385 49.604 -13.691 26.334 0.777778
52389 55.267 -12.406 25.470 0.222222
52390 49.882 -13.494 24.825 0.777778
52391 50.494 -12.816 25.231 0.666667
52395 55.505 -11.601 23.778 0.333333
52396 55.326 -12.080 24.543 0.222222
52397 49.733 -13.545 23.766 0.666667
52398 50.472 -12.888 24.338 0.666667
52403 56.129 -12.079 23.107 0.333333
52404 49.815 -13.139 22.830 0.444444
52405 50.440 -12.805 23.456 0.555556
52406 49.107 -13.696 22.833 0.555556
52407 44.297 -12.638 23.035 0.111111
52408 43.742 -13.378 23.326 0.111111
52411 56.232 -12.681 22.180 0.333333
52412 50.102 -12.901 22.030 0.444444
52413 49.297 -13.324 22.048 0.444444
52414 49.459 -12.873 21.306 0.444444
52415 47.697 -13.709 22.109 0.222222
52416 46.909 -13.706 22.133 0.222222
52417 46.348 -13.002 21.818 0.111111
52418 44.953 -13.212 22.581 0.111111
52421 56.393 -12.651 21.270 0.222222
52422 48.582 -13.176 21.372 0.444444
52423 47.724 -12.743 20.978 0.222222
52424 47.200 -13.199 21.559 0.222222
52426 56.730 -12.924 19.849 0.222222
52427 56.460 -13.396 20.649 0.222222
52429 56.785 -12.711 19.125 0.333333
52440 56.512 -12.841 16.757 0.222222
53125 53.020 -12.102 30.759 0.222222
53126 52.330 -12.203 30.539 0.333333
53133 52.952 -11.794 30.024 0.555556
53134 51.987 -12.289 29.423 0.777778
53139 54.417 -11.505 28.459 0.333333
53140 53.465 -11.325 28.754 0.555556
53141 52.730 -11.857 29.064 0.777778
53142 51.679 -12.372 28.211 0.777778
53148 54.863 -11.564 27.741 0.333333
53149 52.028 -12.008 27.405 0.666667
53150 52.944 -11.243 27.744 0.555556
53151 51.122 -12.697 27.059 0.666667
53159 54.969 -11.202 26.877 0.222222
53160 52.437 -11.514 26.777 0.666667
53161 51.524 -12.215 26.484 0.666667
53167 55.166 -11.288 25.898 0.333333
53168 51.059 -12.101 24.836 0.666667
53169 51.838 -11.433 25.352 0.666667
53176 55.071 -11.108 24.392 0.333333
53177 50.984 -12.046 23.961 0.555556
53178 51.769 -11.296 24.440 0.666667
53182 55.788 -10.897 23.117 0.333333
53183 50.940 -12.083 23.089 0.444444
53184 51.637 -11.270 23.501 0.555556
53185 45.052 -12.436 22.578 0.111111
53188 56.137 -11.309 22.433 0.444444
53189 50.763 -12.216 22.218 0.666667
53194 55.839 -10.902 21.836 0.333333
53195 49.522 -12.266 20.622 0.444444
53196 50.332 -12.379 21.361 0.444444
53197 48.617 -12.585 20.722 0.444444
53199 46.942 -12.457 21.299 0.111111
53202 56.692 -11.953 19.721 0.444444
53203 56.546 -12.057 20.572 0.333333
53204 48.659 -11.897 20.210 0.444444
53208 56.602 -12.048 19.009 0.444444
53209 56.286 -11.269 19.636 0.444444
53211 56.539 -12.458 17.975 0.333333
53212 56.183 -11.678 17.894 0.333333
53223 56.363 -12.020 17.049 0.222222
53231 56.428 -12.440 16.059 0.111111
53236 56.465 -12.168 15.176 0.222222
53928 53.748 -10.959 27.992 0.555556
53935 54.334 -10.985 27.522 0.444444
53936 53.483 -10.808 27.039 0.555556
53943 54.327 -10.758 26.737 0.333333
53944 53.783 -10.775 25.979 0.666667
53945 52.700 -11.022 26.060 0.666667
53950 54.633 -10.896 25.949 0.333333
53951 54.113 -10.730 25.042 0.444444
53952 52.925 -10.760 25.016 0.666667
53958 54.593 -10.835 24.080 0.333333
53959 54.213 -10.751 24.143 0.444444
53960 52.605 -10.692 23.906 0.666667
53961 53.619 -10.580 24.121 0.555556
53966 55.159 -10.285 23.136 0.555556
53967 55.111 -10.669 23.686 0.333333
53968 52.290 -10.524 23.015 0.555556
53969 53.245 -10.265 23.324 0.555556
53973 55.576 -10.573 22.595 0.444444
53974 52.077 -10.886 22.189 0.555556
53975 52.992 -10.324 22.707 0.555556
53976 51.176 -11.586 21.585 0.555556
53979 55.475 -11.014 21.157 0.444444
53980 55.134 -10.816 22.248 0.444444
53981 54.722 -11.065 21.426 0.444444
53982 54.486 -10.757 22.159 0.444444
53983 53.879 -11.047 21.514 0.444444
53984 53.814 -10.496 22.420 0.555556
53985 51.240 -11.580 20.731 0.555556
53989 56.394 -11.365 20.213 0.444444
53990 55.968 -10.932 20.370 0.444444
53991 54.816 -10.877 20.660 0.444444
53992 53.906 -10.624 20.151 0.555556
53993 51.917 -11.445 20.184 0.555556
53994 50.800 -11.564 19.937 0.444444
53995 48.707 -11.311 19.812 0.444444
53996 48.428 -10.665 19.768 0.111111
53999 55.661 -10.956 19.232 0.444444
54000 52.735 -11.047 19.814 0.444444
54001 51.478 -11.120 19.421 0.444444
54002 50.306 -11.087 19.307 0.444444
54003 49.263 -10.920 19.429 0.444444
54006 55.665 -11.061 18.279 0.444444
54015 55.454 -10.733 17.569 0.444444
54021 55.477 -10.723 15.976 0.222222
54024 56.817 -11.767 14.234 0.111111
54025 56.112 -11.264 15.147 0.222222
54028 56.790 -11.459 13.409 0.111111
54029 56.422 -10.800 14.144 0.111111
54729 54.552 -10.459 23.535 0.333333
54730 54.054 -10.368 23.481 0.555556
54732 47.452 -9.922 24.221 0.111111
54735 54.570 -10.223 23.118 0.555556
54736 53.907 -10.218 23.004 0.555556
54738 47.354 -9.934 23.159 0.111111
54742 55.046 -10.301 22.825 0.555556
54743 54.557 -10.364 22.754 0.444444
54745 47.292 -10.043 22.084 0.111111
54747 47.316 -10.176 21.065 0.111111
54748 55.397 -10.800 20.350 0.444444
54749 54.688 -10.548 19.988 0.555556
54751 47.767 -10.413 20.324 0.111111
54753 55.145 -10.617 19.723 0.555556
54754 54.333 -10.000 19.311 0.555556
54755 54.076 -10.029 19.513 0.555556
54756 53.286 -10.323 19.430 0.444444
54757 52.158 -10.584 19.036 0.444444
54758 52.706 -9.747 18.807 0.333333
54759 50.981 -10.509 18.736 0.444444
54760 49.898 -10.395 19.049 0.333333
54761 49.607 -9.547 19.012 0.111111
54762 48.992 -10.087 19.366 0.111111
54765 54.577 -9.704 18.694 0.444444
54766 55.002 -10.471 18.814 0.444444
54767 51.902 -9.258 18.317 0.111111
54768 51.029 -9.627 18.393 0.111111
54769 50.340 -9.839 18.693 0.333333
54775 55.004 -10.049 17.935 0.333333
54788 55.064 -9.737 15.990 0.222222
54794 55.722 -10.274 15.099 0.222222
54799 56.264 -10.918 13.015 0.111111
54805 56.472 -10.019 12.550 0.111111
54806 56.303 -10.183 13.519 0.111111
54828 55.654 -10.795 11.274 0.111111
54829 55.677 -9.819 11.212 0.111111
55517 53.915 -9.028 19.055 0.333333
55518 53.695 -9.352 19.189 0.222222
55519 49.516 -8.796 19.125 0.111111
55520 48.901 -9.288 19.516 0.111111
55523 54.171 -8.895 18.806 0.333333
55524 54.200 -8.076 18.617 0.222222
55525 53.111 -8.811 18.640 0.111111
55526 51.911 -8.296 18.162 0.111111
55527 51.152 -8.918 18.280 0.111111
55528 50.298 -9.030 18.554 0.111111
55531 54.724 -9.062 18.074 0.333333
55544 54.839 -8.170 17.451 0.111111
55551 55.418 -9.195 15.114 0.222222
55556 56.100 -9.760 14.283 0.222222
55557 56.452 -9.354 13.478 0.111111
55558 56.183 -8.850 14.371 0.111111
55574 56.664 -8.988 12.592 0.111111
55585 56.316 -9.428 11.713 0.111111
55586 55.016 -8.829 11.582 0.111111
55593 56.048 -8.979 11.250 0.111111
55594 55.595 -8.946 11.273 0.111111
56292 54.560 -7.790 18.329 0.111111
56293 55.229 -6.911 18.265 0.111111
56294 54.676 -7.173 18.320 0.111111
56295 54.252 -7.679 18.504 0.111111
56296 53.204 -7.908 18.397 0.111111
56297 50.845 -8.321 18.388 0.111111
56311 55.594 -7.675 16.074 0.111111
56325 55.767 -8.266 15.272 0.111111
56345 56.763 -8.133 12.678 0.111111
56355 56.382 -8.550 11.811 0.111111
56364 55.969 -8.248 11.410 0.111111
57096 55.731 -6.569 18.198 0.111111
57097 55.173 -6.512 18.477 0.111111
57098 54.642 -6.856 18.385 0.111111
57099 53.436 -7.014 18.025 0.111111
57100 52.184 -7.249 17.912 0.111111
57105 56.023 -7.055 17.702 0.111111
57106 56.476 -6.722 17.076 0.111111
57108 56.183 -7.257 16.666 0.111111
57109 56.295 -6.956 16.011 0.111111
57127 57.165 -7.038 13.665 0.111111
57903 55.788 -5.712 18.319 0.111111
57904 55.281 -5.940 18.654 0.111111
57905 54.823 -6.023 18.544 0.111111
57906 53.744 -6.072 18.055 0.111111
57907 52.296 -6.164 17.816 0.111111
57909 56.186 -6.216 17.852 0.111111
57919 56.378 -6.392 15.927 0.111111
57920 56.513 -6.003 16.881 0.111111
57930 56.539 -6.029 14.844 0.111111
57938 56.969 -6.292 13.765 0.111111
58687 55.742 -4.909 18.079 0.111111
58688 55.356 -5.200 18.599 0.111111
58689 54.923 -5.264 18.638 0.111111
58698 56.250 -5.330 17.493 0.111111
58704 56.343 -5.667 15.777 0.111111
58705 56.337 -5.302 16.566 0.111111
58711 56.423 -5.278 14.716 0.111111
58712 56.128 -4.798 15.671 0.111111
58720 56.754 -4.948 13.588 0.111111
58739 56.558 -5.173 11.624 0.111111
59448 55.431 -4.321 18.636 0.111111
59456 56.061 -3.776 17.113 0.111111
59462 55.868 -4.010 16.076 0.111111
59468 56.291 -4.493 14.491 0.111111
59469 55.894 -4.097 15.209 0.111111
59473 56.561 -4.139 13.386 0.111111
59474 56.071 -3.724 14.370 0.111111
59482 56.768 -4.668 12.383 0.111111
59490 56.377 -4.395 11.341 0.111111
60233 56.353 -3.350 13.317 0.111111
60237 56.548 -3.823 12.266 0.111111
89137 47.198 -25.296 37.812 0.333333
89161 28.442 -35.496 37.208 0.333333
89256 47.008 -26.636 37.527 0.333333
89294 38.717 -38.046 44.546 0.222222
89370 19.402 -42.226 49.887 0.111111
89388 56.306 -11.683 21.548 0.333333
89422 44.756 -22.944 37.927 0.555556
89425 18.193 -42.834 49.662 0.111111
89432 31.405 -37.834 40.456 0.777778
89444 30.781 -38.139 42.301 0.777778
89517 29.274 -36.794 39.574 0.888889
89585 41.703 -26.645 37.490 0.888889
89925 42.621 -25.587 37.666 0.888889
90074 26.465 -41.180 44.542 0.111111
90155 38.485 -35.696 37.249 1.000000
90250 56.103 -11.228 20.930 0.444444
90257 30.017 -37.866 42.551 0.777778
90370 31.807 -38.047 45.073 0.444444
90387 43.779 -24.385 37.619 0.777778
90425 34.009 -38.351 46.826 0.222222
90481 8.695 -45.369 57.798 0.333333
90511 24.313 -42.031 45.293 0.111111
90546 25.555 -41.650 45.674 0.111111
90565 31.354 -38.325 44.366 0.555556
90584 31.249 -37.900 46.875 0.333333
90615 43.860 -25.466 39.120 0.666667
90623 32.284 -37.908 45.619 0.444444
90706 45.017 -15.692 26.447 0.666667
90818 42.089 -30.362 40.466 0.666667
90868 46.673 -26.483 39.042 0.444444
90911 41.751 -28.025 38.583 1.000000
90926 43.399 -23.210 36.481 0.888889
90994 38.915 -24.765 31.269 0.777778
91074 39.931 -24.303 32.250 1.000000
91115 25.448 -41.717 46.507 0.111111
91223 27.805 -37.822 45.437 0.777778
91341 38.646 -15.282 29.773 0.111111
91356 11.869 -45.198 57.514 0.111111
91511 41.618 -24.479 35.589 1.000000
91514 16.457 -41.090 53.226 0.333333
91623 42.830 -27.228 39.975 0.555556
91636 30.742 -37.549 40.317 0.777778
91899 18.397 -40.129 46.452 0.555556
92146 19.185 -39.922 46.617 0.666667
92175 56.222 -4.603 16.794 0.111111
92296 30.717 -38.005 46.509 0.444444
92497 26.756 -41.396 46.728 0.111111
92523 23.461 -35.904 37.820 0.333333
92566 28.178 -38.092 46.093 0.666667
92575 56.558 -6.810 14.860 0.111111
92645 46.998 -24.155 32.403 0.111111
92704 42.311 -31.707 41.367 0.666667
92828 9.181 -43.617 48.362 0.222222
92831 50.293 -15.286 33.853 0.333333
92871 34.609 -37.339 44.870 0.444444
92908 55.244 -17.288 23.745 0.111111
93038 25.062 -36.627 41.230 0.666667
93106 34.747 -38.726 41.574 0.888889
93253 37.704 -24.656 29.671 0.555556
93400 37.790 -36.220 42.758 0.555556
93401 27.908 -41.229 46.818 0.111111
93428 22.461 -38.806 45.473 0.777778
93450 25.840 -34.729 37.546 0.333333
93504 18.497 -40.093 49.149 0.666667
93506 29.485 -37.768 45.438 0.555556
93515 40.547 -23.436 27.637 0.555556
93596 32.580 -38.419 41.073 0.777778
93627 27.407 -37.512 44.869 0.888889
93662 32.720 -37.156 36.076 0.222222
93681 32.494 -37.906 45.020 0.444444
93744 46.287 -27.218 39.274 0.444444
93782 44.369 -16.091 26.507 0.666667
93812 16.769 -40.706 51.405 0.555556
93813 9.813 -43.339 55.750 0.555556
93850 40.726 -26.642 35.536 1.000000
93859 25.490 -37.779 44.268 0.777778
93875 29.773 -36.629 38.136 0.666667
93899 55.233 -17.254 19.691 0.111111
93972 17.633 -40.111 48.661 0.666667
94071 34.482 -36.664 35.070 0.222222
94088 19.911 -40.607 49.337 0.444444
94175 54.985 -8.445 16.190 0.111111
94234 26.420 -38.858 47.127 0.666667
94289 35.612 -36.881 35.624 0.555556
94292 36.396 -38.417 38.800 0.888889
94382 26.500 -36.792 41.818 0.777778
94387 15.463 -40.534 54.022 0.444444
94393 41.939 -29.173 39.545 0.666667
94432 10.738 -51.954 51.497 0.111111
94456 21.115 -36.573 38.367 0.222222
94457 29.188 -35.843 36.852 0.111111
94463 49.704 -13.523 30.708 0.555556
94516 46.572 -14.844 27.273 1.000000
94561 33.438 -35.302 33.548 0.111111
94590 55.621 -6.256 18.420 0.111111
94618 24.488 -41.590 47.486 0.111111
94629 23.819 -31.390 37.929 0.111111
94637 43.992 -32.197 41.527 0.111111
94743 51.485 -11.378 22.596 0.555556
94783 17.600 -40.350 46.254 0.555556
94808 56.190 -13.847 21.457 0.111111
94880 24.360 -34.128 37.100 0.222222
94882 56.185 -11.575 18.722 0.444444
94884 55.214 -10.259 16.857 0.444444
94890 10.241 -45.414 57.689 0.111111
95053 22.510 -36.666 38.897 0.333333
95078 9.814 -44.267 53.404 0.444444
95114 6.990 -46.099 55.656 0.555556
95129 38.325 -24.463 27.920 0.333333
95154 8.289 -55.258 51.102 0.111111
95218 6.112 -53.717 49.894 0.111111
95318 7.301 -54.206 51.950 0.111111
95339 40.571 -23.407 30.894 0.888889
95357 12.342 -42.171 47.272 0.666667
95386 38.692 -24.522 28.708 0.444444
95404 55.189 -11.376 25.131 0.333333
95535 54.001 -11.142 20.800 0.555556
95552 53.531 -11.969 30.063 0.333333
95566 21.929 -39.785 48.060 0.444444
95706 7.878 -51.818 54.949 0.222222
95744 56.923 -15.053 19.546 0.111111
95858 10.358 -45.991 57.016 0.111111
95912 7.092 -48.311 57.866 0.444444
95923 9.444 -47.601 56.858 0.111111
95943 36.860 -37.769 37.673 0.888889
95944 56.082 -17.774 21.277 0.111111
95969 39.547 -35.121 42.679 0.666667
96092 49.966 -13.341 25.678 0.777778
96176 28.381 -39.817 48.564 0.111111
96224 11.057 -43.441 52.371 0.555556
96243 35.376 -33.587 32.406 0.111111
96289 50.766 -13.732 32.797 0.333333
96376 55.756 -14.435 23.649 0.111111
96455 13.543 -41.170 53.897 0.444444
96464 44.894 -21.824 37.437 0.444444
96480 53.045 -13.395 31.368 0.222222
96497 36.729 -24.989 30.241 0.222222
96532 42.434 -37.130 40.234 0.111111
96588 41.446 -22.918 32.103 1.000000
96615 26.669 -35.825 39.002 0.555556
96639 51.180 -12.192 25.667 0.666667
96675 20.523 -40.823 49.068 0.333333
96683 45.501 -19.918 32.911 0.777778
96708 46.138 -15.155 28.754 1.000000
96719 44.253 -20.569 33.604 0.777778
96744 6.404 -49.117 53.466 0.222222
96760 55.206 -13.042 26.949 0.222222
96792 54.840 -9.270 17.066 0.222222
96839 38.717 -35.143 40.717 0.777778
96978 20.439 -37.199 39.752 0.222222
96994 47.841 -18.531 31.683 0.777778
97016 20.468 -39.711 47.342 0.666667
97018 50.463 -11.894 20.651 0.444444
97025 38.592 -27.228 32.559 0.666667
97180 46.401 -16.611 30.550 1.000000
97192 21.129 -38.684 44.756 0.666667
97239 15.107 -40.776 49.433 0.555556
97322 40.951 -30.534 37.936 0.888889
97382 40.920 -24.865 34.239 1.000000
97514 5.656 -54.552 51.285 0.111111
97520 40.852 -28.712 36.495 1.000000
97535 41.646 -21.536 27.387 0.555556
97536 46.293 -19.228 35.213 0.666667
97570 48.069 -14.005 27.793 1.000000
97601 47.224 -14.550 23.317 0.333333
97641 12.625 -44.338 57.778 0.222222
97724 55.933 -11.329 17.318 0.444444
97731 17.376 -39.832 43.757 0.555556
97763 9.677 -51.965 52.455 0.111111
97770 47.240 -24.495 37.798 0.333333
97806 9.205 -42.975 47.822 0.111111
97912 38.714 -21.774 26.888 0.111111
97936 23.789 -38.457 45.158 0.777778
97993 20.326 -36.127 37.863 0.111111
98019 53.863 -8.374 18.788 0.222222
98064 40.514 -33.100 40.733 0.666667
98079 36.821 -38.031 46.574 0.222222
98109 6.984 -47.537 57.842 0.444444
98123 55.325 -13.216 24.680 0.111111
98143 52.565 -11.755 28.255 0.777778
98260 16.969 -40.272 48.408 0.666667
98426 36.218 -23.832 27.729 0.111111
98428 44.966 -25.562 39.796 0.555556
98430 16.701 -40.920 52.874 0.333333
98443 15.279 -40.801 54.702 0.444444
98460 48.198 -23.255 32.593 0.111111
98624 17.451 -43.192 49.635 0.111111
98766 28.865 -37.697 45.323 0.555556
98928 39.725 -33.966 38.433 0.888889
98942 36.648 -21.597 27.151 0.111111
98993 56.635 -8.505 13.530 0.111111
99051 3.909 -52.948 51.298 0.111111
99052 33.678 -37.888 46.284 0.555556
99078 55.072 -4.662 18.856 0.111111
99091 18.449 -37.899 40.348 0.222222
99095 37.251 -36.195 43.773 0.333333
99112 55.668 -7.649 17.081 0.111111
99251 26.709 -37.671 44.876 0.888889
99268 25.299 -38.675 46.448 0.444444
99271 39.779 -25.258 33.312 1.000000
99320 32.208 -38.240 44.402 0.555556
99332 13.089 -41.153 45.267 0.333333
99375 25.684 -36.996 42.010 0.777778
99388 15.778 -35.995 41.319 0.111111
99402 40.630 -35.583 42.824 0.111111
99404 54.594 -14.668 25.873 0.111111
99489 48.961 -21.178 33.334 0.111111
99690 8.387 -46.073 51.387 0.444444
99810 14.869 -40.623 53.455 0.444444
99812 16.774 -40.512 46.026 0.666667
99837 15.415 -40.501 45.007 0.666667
100068 25.730 -37.173 42.843 0.666667
100157 35.645 -38.669 40.798 0.888889
100221 22.865 -39.094 47.152 0.555556
100301 23.337 -33.292 36.980 0.111111
100342 43.225 -17.597 27.863 0.777778
100368 11.186 -39.396 45.394 0.111111
100376 47.138 -23.387 32.605 0.111111
100424 56.053 -11.576 16.222 0.222222
100442 45.280 -15.289 24.504 0.444444
100467 48.492 -13.614 22.087 0.555556
100504 36.870 -27.576 31.027 0.222222
100531 38.811 -31.730 33.430 0.111111
100532 39.697 -31.804 35.340 0.888889
100540 43.787 -35.713 40.559 0.111111
100543 48.777 -17.585 33.623 0.555556
100556 7.594 -45.719 57.608 0.555556
100649 56.114 -4.533 17.548 0.111111
100723 6.220 -47.286 56.888 0.555556
100735 6.915 -55.063 51.168 0.111111
100767 46.714 -27.257 38.927 0.333333
100843 41.366 -26.575 36.821 1.000000
100858 41.258 -23.816 28.739 0.666667
100908 44.351 -31.440 41.274 0.222222
100909 31.595 -38.606 47.620 0.111111
100924 41.517 -16.905 25.658 0.333333
100951 50.432 -12.676 22.718 0.444444
100956 54.782 -10.890 25.009 0.333333
101038 38.869 -29.581 32.464 0.333333
101042 49.421 -13.892 31.164 0.555556
101096 16.435 -40.390 45.016 0.666667
101185 34.221 -38.818 47.183 0.111111
101189 34.151 -35.186 33.631 0.111111
101199 16.726 -41.872 52.819 0.111111
101254 28.222 -40.801 47.407 0.111111
101328 44.903 -21.191 29.658 1.000000
101407 22.652 -38.141 44.235 0.888889
101442 14.804 -40.850 50.181 0.555556
101484 42.955 -31.777 41.585 0.555556
101664 54.114 -11.703 29.442 0.222222
101692 52.918 -10.873 21.815 0.444444
101745 45.292 -14.987 23.815 0.111111
101762 11.881 -42.079 46.649 0.444444
101887 49.607 -19.285 34.621 0.111111
101940 50.809 -15.689 33.987 0.222222
101956 27.664 -39.267 47.846 0.222222
101980 28.293 -36.076 38.673 0.777778
102155 9.188 -50.513 54.309 0.222222
102165 20.528 -38.673 44.455 0.777778
102173 27.157 -35.901 39.081 0.444444
102196 39.949 -25.721 33.649 1.000000
102235 21.375 -41.252 48.784 0.222222
102299 26.840 -36.974 42.312 0.888889
102317 26.934 -36.213 39.769 0.555556
102321 29.463 -37.658 42.544 0.888889
102342 12.486 -41.259 45.373 0.333333
102406 20.019 -41.374 49.291 0.111111
102484 5.974 -49.486 53.582 0.333333
102610 36.567 -37.481 46.437 0.222222
102653 37.981 -15.599 29.539 0.111111
102658 31.478 -38.043 47.025 0.333333
102672 43.816 -16.290 25.929 0.555556
102719 50.217 -13.123 26.746 0.777778
102753 17.712 -39.580 42.992 0.333333
102813 40.785 -31.201 37.617 0.888889
102856 5.799 -49.624 57.506 0.444444
102881 47.406 -20.748 36.260 0.333333
102898 51.868 -11.634 26.061 0.666667
102929 33.071 -38.665 42.413 0.777778
103156 51.506 -16.502 33.622 0.111111
103157 31.304 -38.360 42.901 0.777778
103183 26.768 -39.176 47.810 0.666667
103410 8.861 -44.644 49.693 0.111111
103461 38.549 -30.211 32.033 0.222222
103481 28.563 -40.248 48.391 0.111111
103494 56.821 -5.632 13.915 0.111111
103567 38.333 -24.537 29.322 0.555556
103579 24.847 -41.956 45.915 0.111111
103637 43.664 -21.168 34.190 0.888889
103649 56.979 -16.033 21.727 0.111111
103732 48.056 -20.600 34.818 0.222222
103749 52.155 -14.817 32.341 0.111111
103756 43.246 -28.661 40.779 0.555556
103777 48.807 -14.432 26.143 0.777778
103786 27.156 -37.869 45.326 0.888889
103804 23.991 -39.602 48.051 0.555556
103819 26.889 -37.105 42.998 0.777778
103832 39.576 -16.353 30.974 0.111111
103912 24.703 -41.786 44.612 0.111111
103938 55.277 -7.409 17.865 0.111111
103953 19.814 -40.268 48.918 0.666667
103963 18.191 -41.011 50.803 0.333333
104058 40.956 -32.861 41.235 0.555556
104108 49.684 -13.881 32.056 0.444444
104191 45.279 -26.718 39.864 0.444444
104201 24.303 -41.287 47.967 0.111111
104264 41.188 -25.047 35.421 1.000000
104282 47.744 -19.062 32.340 0.666667
104287 46.087 -15.511 29.279 1.000000
104321 55.013 -13.200 28.404 0.333333
104489 30.836 -38.844 47.606 0.111111
104497 37.762 -35.532 35.671 0.555556
104570 12.481 -42.095 52.931 0.444444
104621 39.229 -31.116 33.529 0.555556
104634 15.826 -40.915 54.426 0.444444
104647 6.309 -47.714 55.893 0.555556
104673 47.915 -13.358 21.548 0.333333
104822 24.836 -40.310 48.314 0.444444
104868 46.904 -14.634 29.560 1.000000
104870 17.294 -42.418 51.520 0.111111
104887 16.188 -40.624 52.859 0.555556
104921 18.221 -38.756 41.576 0.111111
104933 55.630 -10.935 16.789 0.444444
104963 11.196 -42.955 48.562 0.555556
105009 38.649 -36.141 43.281 0.444444
105031 53.820 -8.849 18.993 0.222222
105171 11.507 -43.434 57.822 0.444444
105335 53.000 -11.242 20.721 0.555556
105336 50.622 -12.833 26.112 0.666667
105366 19.871 -39.741 46.738 0.666667
105374 33.042 -38.526 43.123 0.888889
105445 28.821 -37.928 46.254 0.666667
105450 23.991 -35.451 37.727 0.333333
105494 50.440 -13.057 31.169 0.666667
105526 15.139 -40.547 45.717 0.666667
105539 41.779 -31.124 40.130 0.666667
105627 15.845 -42.032 54.700 0.111111
105662 22.926 -37.277 40.975 0.444444
105845 14.509 -41.653 55.822 0.222222
105853 51.980 -11.238 21.200 0.555556
105938 4.150 -48.937 53.697 0.111111
105954 38.931 -36.775 44.388 0.222222
105955 45.568 -13.173 22.221 0.111111
105965 32.957 -38.249 46.832 0.333333
105996 49.623 -11.666 19.860 0.444444
106005 53.444 -11.623 29.554 0.666667
106039 40.243 -36.063 43.177 0.111111
106222 18.903 -40.466 49.801 0.555556
106225 55.293 -10.599 18.176 0.444444
106275 31.082 -38.235 45.111 0.444444
106282 32.076 -38.072 40.609 0.777778
106296 15.467 -40.686 50.617 0.666667
106321 51.730 -10.009 18.547 0.222222
106335 35.394 -35.063 33.937 0.222222
106375 34.326 -37.966 43.701 0.666667
106392 38.228 -25.394 31.794 0.666667
106412 45.491 -15.469 26.821 0.888889
106444 50.058 -13.231 26.197 0.777778
106486 10.775 -43.476 54.350 0.444444
106505 19.276 -38.824 42.643 0.444444
106609 27.965 -36.077 39.097 0.555556
106633 10.512 -44.230 57.815 0.222222
106673 43.281 -14.672 23.818 0.111111
106680 37.342 -23.432 27.339 0.333333
106743 34.359 -37.617 45.978 0.555556
106752 46.570 -14.628 23.195 0.333333
106766 7.991 -45.188 54.858 0.555556
106873 39.899 -31.253 35.400 0.888889
107139 35.935 -23.173 27.567 0.111111
107155 41.443 -31.618 39.956 0.777778
107161 44.863 -21.709 29.957 1.000000
107172 10.099 -42.313 47.127 0.111111
107181 9.715 -51.430 52.572 0.111111
107207 46.886 -14.548 28.206 1.000000
107262 34.985 -21.241 27.708 0.111111
107266 4.219 -51.078 55.641 0.555556
107370 30.634 -38.142 42.952 0.777778
107418 53.387 -11.002 20.354 0.555556
107432 56.159 -6.655 17.784 0.111111
107437 40.375 -24.285 32.829 1.000000
107513 20.906 -39.469 46.914 0.666667
107527 8.475 -54.888 51.385 0.111111
107536 40.235 -33.363 39.370 0.888889
107622 43.597 -30.976 41.282 0.444444
107630 51.334 -14.920 33.364 0.111111
107637 3.705 -52.107 53.179 0.222222
107678 56.726 -12.612 18.638 0.111111
107714 44.801 -15.929 26.919 0.777778
107804 22.757 -37.121 40.379 0.444444
107884 55.796 -10.791 19.937 0.444444
107891 43.143 -22.719 28.960 1.000000
107920 24.197 -32.621 36.908 0.111111
107921 40.246 -23.925 29.767 0.555556
107925 41.584 -31.762 40.667 0.666667
107980 35.286 -38.784 40.325 0.888889
107981 15.281 -38.881 41.731 0.222222
107986 31.997 -37.640 38.417 0.888889
108003 39.093 -29.941 32.907 0.333333
108054 8.875 -48.949 57.070 0.222222
108176 41.713 -23.491 34.422 1.000000
108277 41.062 -27.138 36.550 1.000000
108289 38.511 -35.430 36.614 1.000000
108312 35.218 -38.774 41.218 0.888889
108422 14.205 -40.216 43.626 0.222222
108477 24.147 -41.092 48.174 0.222222
108550 25.924 -36.314 39.967 0.555556
108589 47.588 -21.645 33.668 0.111111
108592 16.548 -41.227 52.949 0.333333
108602 48.388 -18.158 32.059 0.666667
108657 17.909 -39.665 43.669 0.666667
108677 44.208 -25.703 39.656 0.666667
108855 48.019 -14.755 24.797 0.666667
108873 22.533 -39.309 47.405 0.666667
108901 9.309 -42.519 47.524 0.111111
109124 28.097 -35.013 36.695 0.111111
