#!ascii label  , from subject OAS1_0001-3 vox2ras=TkReg 
1635
26712 14.385 -45.572 49.248 0.000000
26714 14.349 -46.100 48.409 0.000000
26716 14.887 -46.046 47.015 0.000000
26717 14.670 -45.754 47.660 0.000000
26720 15.410 -45.663 45.929 0.000000
26749 17.138 -45.667 42.636 0.000000
27354 14.737 -45.358 48.356 0.000000
27356 15.009 -45.137 47.716 0.000000
27358 15.123 -45.282 46.986 0.000000
27360 15.397 -45.131 46.154 0.000000
27362 15.592 -45.183 45.422 0.000000
27364 16.115 -44.901 44.211 0.000000
27365 15.909 -44.484 44.822 0.000000
27371 16.744 -44.923 42.938 0.000000
27381 17.313 -45.350 41.876 0.000000
27382 17.030 -44.823 42.267 0.000000
27404 35.760 -45.220 39.410 0.000000
27405 36.253 -44.930 39.879 0.000000
27406 35.604 -44.908 39.859 0.000000
27415 36.500 -45.236 39.159 0.000000
27416 37.203 -45.048 38.828 0.000000
27417 36.920 -44.835 39.518 0.000000
27418 35.506 -45.214 39.095 0.000000
27419 35.360 -44.930 39.414 0.000000
27420 35.234 -44.963 38.946 0.000000
27427 36.745 -45.284 38.584 0.000000
27428 36.027 -45.404 38.809 0.000000
27429 36.506 -45.258 38.134 0.000000
27430 35.559 -45.127 38.426 0.000000
27958 14.797 -44.730 49.728 0.000000
27959 15.358 -44.070 50.249 0.000000
27966 15.757 -44.146 48.956 0.000000
27967 16.070 -43.848 49.715 0.000000
27972 15.456 -44.575 47.463 0.000000
27973 15.990 -44.004 48.185 0.000000
27975 15.624 -44.527 46.612 0.000000
27976 16.220 -44.018 47.298 0.000000
27978 15.757 -44.494 45.745 0.000000
27979 16.419 -43.829 46.346 0.000000
27984 35.895 -43.712 42.397 0.000000
27985 36.197 -43.633 42.719 0.000000
27986 35.985 -43.534 42.933 0.000000
27987 35.562 -43.461 42.741 0.000000
27988 35.076 -43.293 42.624 0.000000
27989 16.635 -44.353 43.301 0.000000
27990 16.910 -44.234 42.738 0.000000
27991 16.934 -43.806 43.338 0.000000
27993 36.257 -43.856 42.028 0.000000
27994 36.808 -43.640 41.883 0.000000
27995 36.692 -43.584 42.699 0.000000
27996 35.842 -43.982 41.556 0.000000
27997 35.588 -43.651 42.041 0.000000
27998 35.209 -43.524 41.715 0.000000
27999 17.129 -44.129 42.074 0.000000
28004 36.519 -44.386 40.504 0.000000
28005 36.934 -43.867 40.940 0.000000
28006 35.822 -44.500 40.579 0.000000
28007 35.517 -44.042 41.078 0.000000
28008 35.027 -43.848 40.840 0.000000
28019 37.112 -44.285 40.041 0.000000
28020 35.310 -44.556 40.138 0.000000
28021 34.788 -44.041 39.976 0.000000
28023 17.666 -43.975 40.890 0.000000
28034 37.368 -44.466 39.204 0.000000
28035 34.540 -44.119 39.105 0.000000
28036 34.198 -44.178 38.388 0.000000
28043 37.361 -45.170 38.154 0.000000
28044 37.670 -44.669 38.386 0.000000
28045 34.809 -44.734 38.352 0.000000
28046 33.986 -44.281 38.045 0.000000
28054 37.878 -44.636 37.759 0.000000
28055 38.274 -44.027 37.359 0.000000
28056 37.096 -44.790 37.499 0.000000
28057 35.969 -44.824 37.642 0.000000
28058 34.396 -44.411 37.678 0.000000
28059 33.450 -44.075 37.425 0.000000
28060 32.455 -44.109 36.977 0.000000
28061 32.458 -43.961 37.235 0.000000
28062 31.795 -44.167 36.937 0.000000
28063 31.589 -43.887 37.170 0.000000
28064 30.511 -44.131 36.580 0.000000
28065 30.910 -43.918 36.915 0.000000
28068 37.829 -44.133 37.154 0.000000
28069 36.356 -44.183 37.007 0.000000
28070 35.192 -44.239 37.166 0.000000
28071 34.037 -44.045 37.047 0.000000
28072 33.039 -43.954 36.797 0.000000
28073 31.563 -44.223 36.562 0.000000
28074 30.796 -44.307 36.322 0.000000
28075 29.614 -44.351 35.919 0.000000
28076 29.752 -44.058 36.341 0.000000
28077 28.964 -44.041 35.718 0.000000
28082 32.195 -44.082 36.282 0.000000
28083 31.170 -44.274 35.911 0.000000
28084 29.700 -44.283 35.473 0.000000
28085 30.398 -44.166 35.427 0.000000
28086 29.079 -44.225 35.382 0.000000
28087 28.562 -44.078 35.235 0.000000
28088 28.331 -43.847 35.242 0.000000
28089 28.066 -43.984 34.859 0.000000
28093 29.825 -44.069 35.036 0.000000
28094 29.188 -44.179 34.924 0.000000
28095 28.570 -44.124 34.870 0.000000
28096 27.482 -43.769 34.302 0.000000
28099 27.870 -43.725 33.824 0.000000
28687 19.448 -42.533 48.827 0.000000
28688 19.021 -42.353 49.637 0.000000
28689 17.601 -43.202 48.894 0.000000
28690 16.668 -43.616 49.084 0.000000
28697 19.776 -42.644 48.038 0.000000
28698 20.503 -42.423 47.884 0.000000
28699 20.149 -42.302 48.663 0.000000
28700 18.901 -42.976 47.954 0.000000
28701 17.899 -43.308 48.048 0.000000
28702 16.910 -43.614 48.111 0.000000
28707 20.374 -42.689 46.631 0.000000
28708 21.192 -42.375 46.893 0.000000
28709 21.283 -42.154 47.621 0.000000
28710 19.611 -43.018 46.801 0.000000
28711 18.899 -43.050 47.070 0.000000
28712 18.124 -43.249 47.255 0.000000
28713 17.173 -43.540 47.264 0.000000
28715 20.265 -42.400 45.728 0.000000
28716 20.960 -42.106 46.138 0.000000
28717 19.634 -42.808 46.053 0.000000
28718 18.863 -42.780 45.566 0.000000
28719 18.008 -43.069 45.814 0.000000
28720 16.951 -43.397 45.631 0.000000
28724 35.836 -42.940 43.743 0.000000
28725 36.110 -42.749 44.294 0.000000
28726 35.666 -42.528 44.392 0.000000
28727 35.150 -42.721 44.197 0.000000
28728 35.201 -41.899 44.769 0.000000
28729 34.202 -42.482 44.280 0.000000
28730 34.579 -42.010 44.807 0.000000
28731 33.653 -42.000 45.071 0.000000
28732 19.588 -42.539 45.260 0.000000
28733 20.533 -42.106 44.442 0.000000
28734 18.843 -42.606 44.786 0.000000
28735 17.426 -43.177 44.927 0.000000
28736 16.597 -43.740 44.781 0.000000
28738 36.342 -43.278 43.764 0.000000
28739 37.118 -43.468 43.945 0.000000
28740 36.684 -42.933 44.305 0.000000
28741 36.069 -43.415 43.299 0.000000
28742 35.553 -43.256 43.305 0.000000
28743 34.743 -42.924 43.558 0.000000
28744 33.832 -42.572 43.707 0.000000
28745 33.485 -42.356 44.371 0.000000
28746 33.007 -42.414 44.077 0.000000
28747 19.628 -42.360 44.399 0.000000
28748 18.805 -42.659 44.096 0.000000
28749 19.107 -42.369 43.544 0.000000
28750 18.039 -43.012 44.244 0.000000
28751 17.087 -43.493 44.082 0.000000
28753 36.489 -43.525 43.243 0.000000
28754 37.262 -43.294 43.291 0.000000
28755 34.543 -42.965 43.179 0.000000
28756 33.831 -42.520 43.134 0.000000
28757 33.247 -42.400 43.671 0.000000
28758 18.297 -42.845 43.502 0.000000
28759 17.568 -43.309 43.420 0.000000
28760 17.916 -43.065 42.888 0.000000
28762 37.374 -42.982 42.483 0.000000
28763 34.820 -43.075 42.202 0.000000
28764 34.173 -42.643 42.242 0.000000
28765 17.529 -43.628 41.569 0.000000
28766 17.973 -43.034 42.146 0.000000
28768 37.363 -43.204 41.499 0.000000
28769 34.699 -43.156 41.505 0.000000
28770 17.937 -43.337 40.791 0.000000
28772 37.556 -43.695 39.779 0.000000
28773 18.247 -43.131 40.187 0.000000
28783 37.671 -43.849 38.797 0.000000
28784 34.365 -43.251 39.430 0.000000
28785 34.056 -43.594 38.501 0.000000
28787 18.645 -43.522 39.571 0.000000
28798 38.205 -44.018 37.886 0.000000
28799 37.820 -42.967 38.401 0.000000
28800 33.423 -43.911 37.773 0.000000
28801 33.370 -43.064 38.065 0.000000
28802 32.500 -43.546 37.562 0.000000
28808 38.735 -43.520 37.103 0.000000
28809 39.504 -43.082 36.832 0.000000
28810 38.603 -43.302 37.481 0.000000
28811 30.992 -43.307 37.152 0.000000
28812 30.439 -43.652 36.748 0.000000
28818 39.254 -43.420 36.456 0.000000
28819 38.488 -43.730 36.718 0.000000
28820 36.850 -43.569 36.375 0.000000
28821 35.797 -43.486 36.458 0.000000
28822 34.722 -43.454 36.535 0.000000
28823 33.725 -43.542 36.475 0.000000
28824 29.882 -43.126 36.444 0.000000
28825 29.134 -43.482 36.040 0.000000
28826 28.611 -43.614 35.589 0.000000
28830 38.566 -43.494 35.903 0.000000
28831 37.486 -43.235 35.757 0.000000
28832 36.337 -42.754 35.747 0.000000
28833 35.244 -42.670 35.918 0.000000
28834 34.323 -42.707 36.008 0.000000
28835 32.615 -43.482 35.846 0.000000
28836 31.825 -43.758 35.640 0.000000
28837 31.051 -43.814 35.422 0.000000
28838 31.446 -42.847 35.173 0.000000
28839 28.122 -43.375 35.279 0.000000
28840 27.793 -43.705 34.777 0.000000
28845 30.415 -43.494 34.848 0.000000
28846 29.508 -43.681 34.509 0.000000
28847 28.658 -43.848 34.288 0.000000
28848 29.181 -43.265 33.827 0.000000
28849 26.693 -43.592 33.816 0.000000
28850 27.107 -43.564 34.341 0.000000
28851 25.966 -43.403 33.431 0.000000
28852 26.397 -43.329 34.026 0.000000
28856 28.514 -43.459 33.655 0.000000
28857 28.061 -43.169 33.275 0.000000
28858 27.049 -43.631 33.586 0.000000
28859 27.440 -43.439 33.258 0.000000
28860 26.210 -43.463 33.142 0.000000
28861 24.883 -43.570 32.646 0.000000
28862 25.099 -43.284 33.229 0.000000
28863 23.985 -43.427 32.621 0.000000
28864 23.570 -42.987 33.099 0.000000
28865 23.051 -43.292 32.865 0.000000
28866 22.725 -42.672 33.405 0.000000
28868 26.866 -43.362 32.919 0.000000
28869 26.250 -43.204 32.474 0.000000
28870 24.926 -43.584 32.128 0.000000
28871 25.504 -43.465 32.425 0.000000
28872 24.286 -43.588 32.186 0.000000
28873 23.322 -43.695 32.302 0.000000
28879 25.077 -43.247 31.711 0.000000
28880 23.652 -43.595 31.716 0.000000
29470 22.218 -41.247 48.242 0.000000
29471 23.007 -41.000 48.276 0.000000
29473 20.335 -41.810 48.860 0.000000
29475 19.768 -42.118 49.289 0.000000
29480 29.673 -40.748 47.552 0.000000
29485 27.560 -41.010 47.117 0.000000
29486 27.276 -40.696 47.616 0.000000
29487 26.684 -41.111 47.331 0.000000
29488 26.271 -40.823 47.898 0.000000
29489 25.783 -41.263 47.631 0.000000
29490 25.441 -40.989 48.032 0.000000
29491 25.000 -41.269 47.811 0.000000
29492 24.729 -41.029 48.090 0.000000
29493 23.733 -41.542 47.719 0.000000
29494 23.681 -41.187 48.124 0.000000
29495 23.001 -41.325 47.946 0.000000
29496 22.160 -41.705 47.750 0.000000
29504 32.791 -41.375 46.371 0.000000
29505 33.513 -41.270 46.215 0.000000
29506 33.074 -41.075 46.804 0.000000
29507 31.931 -41.085 46.789 0.000000
29508 31.808 -40.680 47.235 0.000000
29509 30.377 -40.896 47.288 0.000000
29510 31.115 -40.679 47.305 0.000000
29511 30.093 -41.203 47.017 0.000000
29512 29.177 -41.202 47.113 0.000000
29513 28.280 -41.130 47.038 0.000000
29514 27.236 -41.271 46.983 0.000000
29515 26.218 -41.504 47.052 0.000000
29516 25.276 -41.570 47.277 0.000000
29517 23.846 -41.919 46.923 0.000000
29518 22.928 -41.937 47.220 0.000000
29519 22.000 -42.217 47.083 0.000000
29527 35.312 -41.501 45.215 0.000000
29528 34.748 -41.456 45.332 0.000000
29529 34.127 -41.590 45.508 0.000000
29530 34.133 -41.133 45.978 0.000000
29531 32.859 -41.667 45.597 0.000000
29532 32.097 -41.563 46.167 0.000000
29533 31.099 -41.158 46.725 0.000000
29534 30.530 -41.591 46.223 0.000000
29535 29.557 -41.436 46.345 0.000000
29536 28.687 -41.257 46.716 0.000000
29537 27.282 -41.250 46.659 0.000000
29538 27.722 -41.039 46.034 0.000000
29539 26.190 -41.509 46.246 0.000000
29540 24.662 -41.861 46.700 0.000000
29541 24.058 -42.189 46.063 0.000000
29542 22.484 -42.175 46.539 0.000000
29543 21.766 -42.155 46.371 0.000000
29546 35.876 -42.228 44.991 0.000000
29547 32.932 -42.011 44.768 0.000000
29548 32.257 -41.686 45.299 0.000000
29549 31.426 -41.626 45.894 0.000000
29550 30.743 -41.230 44.963 0.000000
29551 30.182 -41.528 45.661 0.000000
29552 26.879 -41.211 46.058 0.000000
29553 26.290 -41.342 45.404 0.000000
29554 24.996 -41.813 45.240 0.000000
29555 25.564 -41.480 44.749 0.000000
29556 23.386 -42.152 45.333 0.000000
29557 22.581 -42.039 44.799 0.000000
29558 21.775 -41.991 45.008 0.000000
29559 20.889 -42.010 45.229 0.000000
29563 37.876 -42.738 43.814 0.000000
29564 37.434 -42.589 44.432 0.000000
29565 32.553 -42.173 43.743 0.000000
29566 31.794 -41.825 44.019 0.000000
29567 31.206 -41.355 44.288 0.000000
29568 23.898 -41.928 44.611 0.000000
29569 24.288 -41.685 43.945 0.000000
29570 22.771 -41.906 44.029 0.000000
29571 21.916 -41.981 44.150 0.000000
29572 21.086 -42.054 43.861 0.000000
29573 20.158 -42.127 43.552 0.000000
29575 37.852 -42.419 43.079 0.000000
29576 38.137 -41.474 42.719 0.000000
29577 38.199 -41.783 43.428 0.000000
29578 33.130 -42.221 43.351 0.000000
29579 32.547 -41.834 43.058 0.000000
29580 31.817 -41.669 43.330 0.000000
29581 31.173 -41.354 43.593 0.000000
29582 23.522 -41.788 43.945 0.000000
29583 23.088 -41.837 43.314 0.000000
29584 22.319 -41.971 43.377 0.000000
29585 22.636 -41.788 42.746 0.000000
29586 20.992 -42.131 43.052 0.000000
29587 19.410 -42.164 42.769 0.000000
29588 18.510 -42.571 42.793 0.000000
29589 37.713 -42.215 41.859 0.000000
29590 38.200 -41.393 42.094 0.000000
29591 33.332 -42.074 42.571 0.000000
29592 32.578 -41.679 42.261 0.000000
29593 31.855 -41.438 42.491 0.000000
29594 21.777 -41.912 42.693 0.000000
29595 20.787 -41.822 42.166 0.000000
29596 19.762 -41.971 42.049 0.000000
29597 20.101 -41.705 41.454 0.000000
29598 18.752 -42.446 41.849 0.000000
29601 37.837 -42.639 40.953 0.000000
29602 38.225 -41.609 41.407 0.000000
29603 34.241 -42.552 41.407 0.000000
29604 33.820 -41.960 40.893 0.000000
29605 33.072 -41.769 41.634 0.000000
29606 19.325 -41.985 41.171 0.000000
29607 18.518 -42.594 40.738 0.000000
29608 19.274 -42.066 40.259 0.000000
29610 37.945 -41.796 40.526 0.000000
29611 33.940 -42.297 39.816 0.000000
29612 18.821 -42.687 39.847 0.000000
29614 37.747 -42.773 40.094 0.000000
29615 37.535 -42.011 39.399 0.000000
29616 33.854 -42.600 38.845 0.000000
29617 19.405 -42.163 39.349 0.000000
29626 38.042 -42.385 37.785 0.000000
29627 33.209 -42.208 38.557 0.000000
29628 31.724 -42.946 37.564 0.000000
29629 32.606 -42.457 37.976 0.000000
29630 31.853 -41.617 37.944 0.000000
29631 20.105 -41.697 37.908 0.000000
29637 38.830 -42.512 37.291 0.000000
29638 31.133 -42.131 37.357 0.000000
29639 30.489 -42.672 36.874 0.000000
29644 41.323 -42.142 35.834 0.000000
29645 41.418 -42.083 36.020 0.000000
29646 40.613 -42.444 36.084 0.000000
29647 40.546 -42.326 36.323 0.000000
29648 29.990 -42.150 36.593 0.000000
29649 29.419 -42.405 36.081 0.000000
29650 28.639 -42.900 35.714 0.000000
29651 22.198 -41.417 35.422 0.000000
29655 41.350 -42.030 35.447 0.000000
29656 41.788 -41.919 35.752 0.000000
29657 40.756 -42.299 35.523 0.000000
29658 39.480 -43.250 35.843 0.000000
29659 38.041 -42.829 35.360 0.000000
29660 37.039 -42.483 35.272 0.000000
29661 35.497 -41.989 35.261 0.000000
29662 34.757 -41.963 35.335 0.000000
29663 33.975 -42.091 35.403 0.000000
29664 33.077 -42.427 35.459 0.000000
29665 32.311 -42.881 35.458 0.000000
29666 28.078 -42.398 35.284 0.000000
29667 27.514 -43.093 34.847 0.000000
29670 40.908 -41.932 34.927 0.000000
29671 40.137 -42.265 35.119 0.000000
29672 38.528 -42.342 35.118 0.000000
29673 37.505 -42.074 34.954 0.000000
29674 36.480 -41.765 34.859 0.000000
29675 34.984 -41.418 34.699 0.000000
29676 34.396 -41.407 34.750 0.000000
29677 33.593 -41.511 34.892 0.000000
29678 32.462 -41.826 35.024 0.000000
29679 30.752 -42.357 34.541 0.000000
29680 29.915 -42.831 34.213 0.000000
29681 30.255 -41.847 33.990 0.000000
29682 26.219 -42.459 34.092 0.000000
29683 25.683 -42.894 33.668 0.000000
29687 29.511 -42.327 33.676 0.000000
29688 28.744 -42.726 33.456 0.000000
29689 28.256 -42.207 33.080 0.000000
29690 24.867 -42.202 33.411 0.000000
29691 24.205 -42.703 33.225 0.000000
29692 23.296 -42.154 33.435 0.000000
29693 27.492 -42.769 32.817 0.000000
29694 26.810 -42.847 32.539 0.000000
29695 26.384 -42.387 32.214 0.000000
29699 25.693 -42.779 31.809 0.000000
29700 25.041 -42.535 31.422 0.000000
29702 24.495 -42.771 31.261 0.000000
30280 30.303 -40.283 47.872 0.000000
30291 24.857 -40.621 48.260 0.000000
30293 23.875 -40.806 48.339 0.000000
30294 23.743 -41.249 48.407 0.000000
30304 31.800 -40.345 47.630 0.000000
30305 31.041 -40.426 47.715 0.000000
30313 33.657 -40.956 46.698 0.000000
30316 33.258 -40.660 47.135 0.000000
30323 35.319 -41.148 45.776 0.000000
30324 34.763 -41.146 45.859 0.000000
30325 28.651 -41.136 45.851 0.000000
30336 29.879 -41.090 44.896 0.000000
30337 28.917 -41.077 44.760 0.000000
30338 27.970 -41.069 45.021 0.000000
30339 27.104 -41.136 45.207 0.000000
30347 38.143 -41.952 44.173 0.000000
30349 37.578 -41.764 44.814 0.000000
30350 30.415 -41.011 44.112 0.000000
30351 28.938 -40.965 43.796 0.000000
30352 28.146 -41.047 44.095 0.000000
30353 25.861 -41.159 43.885 0.000000
30354 25.091 -41.570 43.940 0.000000
30357 29.962 -41.011 42.781 0.000000
30358 29.118 -40.978 42.979 0.000000
30359 28.310 -41.014 43.239 0.000000
30360 26.915 -40.959 42.891 0.000000
30361 26.091 -41.015 43.055 0.000000
30362 24.654 -41.197 42.730 0.000000
30365 38.632 -40.725 42.231 0.000000
30366 32.108 -41.397 41.486 0.000000
30367 31.188 -41.094 41.800 0.000000
30368 30.277 -40.909 41.998 0.000000
30369 29.366 -40.917 42.161 0.000000
30370 28.513 -40.886 42.405 0.000000
30371 27.842 -40.679 41.787 0.000000
30372 26.337 -40.700 42.202 0.000000
30373 24.752 -40.872 41.923 0.000000
30374 23.837 -41.175 42.221 0.000000
30375 22.948 -41.380 42.170 0.000000
30378 38.731 -40.851 41.646 0.000000
30379 32.821 -41.530 40.764 0.000000
30380 31.376 -41.083 40.877 0.000000
30381 30.532 -40.894 41.103 0.000000
30382 29.642 -40.775 41.317 0.000000
30383 28.781 -40.760 41.554 0.000000
30384 27.537 -40.551 40.916 0.000000
30385 26.960 -40.590 41.556 0.000000
30386 26.247 -40.593 41.388 0.000000
30387 24.922 -40.631 41.107 0.000000
30388 25.725 -40.512 40.806 0.000000
30389 24.093 -40.822 41.315 0.000000
30390 23.217 -40.986 41.464 0.000000
30391 21.741 -41.114 41.003 0.000000
30392 20.838 -41.445 41.112 0.000000
30393 19.937 -41.620 40.687 0.000000
30395 38.679 -41.089 40.990 0.000000
30396 33.336 -41.707 40.097 0.000000
30397 32.611 -41.273 39.797 0.000000
30398 31.687 -40.957 40.014 0.000000
30399 30.879 -40.699 40.261 0.000000
30400 29.981 -40.461 40.446 0.000000
30401 24.307 -40.506 40.543 0.000000
30402 23.483 -40.681 40.677 0.000000
30403 22.562 -40.828 40.729 0.000000
30404 20.614 -41.086 39.481 0.000000
30405 21.479 -40.735 39.670 0.000000
30406 19.885 -41.575 39.808 0.000000
30408 38.195 -41.168 40.018 0.000000
30409 33.358 -41.792 39.246 0.000000
30410 32.636 -41.398 38.690 0.000000
30411 32.075 -40.831 39.235 0.000000
30412 20.545 -41.042 38.456 0.000000
30413 21.162 -40.703 38.962 0.000000
30414 19.905 -41.586 38.837 0.000000
30423 37.828 -41.234 39.053 0.000000
30424 37.602 -41.745 38.323 0.000000
30433 39.824 -42.522 36.804 0.000000
30434 38.615 -41.323 36.985 0.000000
30435 37.922 -41.475 37.620 0.000000
30436 31.186 -41.104 37.638 0.000000
30437 30.487 -41.360 37.050 0.000000
30438 30.040 -40.415 37.188 0.000000
30439 21.353 -40.761 37.206 0.000000
30443 41.863 -41.858 35.774 0.000000
30444 40.788 -41.694 36.306 0.000000
30445 39.884 -41.652 36.643 0.000000
30446 29.677 -41.099 36.447 0.000000
30447 28.843 -41.524 35.679 0.000000
30448 22.347 -40.461 35.933 0.000000
30449 21.873 -40.590 36.662 0.000000
30453 42.136 -41.378 35.294 0.000000
30454 42.062 -41.416 35.386 0.000000
30455 28.086 -41.367 35.236 0.000000
30456 27.400 -41.923 34.813 0.000000
30460 42.460 -41.249 34.642 0.000000
30461 43.067 -40.941 34.455 0.000000
30462 41.699 -41.654 34.957 0.000000
30463 41.115 -41.541 34.321 0.000000
30464 40.192 -41.464 34.375 0.000000
30465 39.156 -41.724 34.774 0.000000
30466 37.963 -41.492 34.674 0.000000
30467 36.896 -41.291 34.608 0.000000
30468 36.037 -41.194 34.577 0.000000
30469 34.655 -40.926 34.188 0.000000
30470 35.406 -40.908 34.218 0.000000
30471 34.046 -40.837 34.252 0.000000
30472 33.141 -40.816 34.448 0.000000
30473 32.090 -40.952 34.447 0.000000
30474 31.090 -41.324 34.291 0.000000
30475 26.921 -40.959 34.564 0.000000
30476 26.230 -41.296 34.145 0.000000
30477 25.549 -41.713 33.711 0.000000
30481 42.619 -40.802 33.918 0.000000
30482 41.784 -41.130 33.999 0.000000
30483 40.768 -40.936 33.756 0.000000
30484 34.885 -40.688 33.794 0.000000
30485 34.274 -40.372 33.549 0.000000
30486 33.556 -40.295 33.686 0.000000
30487 32.661 -40.235 33.815 0.000000
30488 29.821 -41.245 33.536 0.000000
30489 29.010 -41.686 33.329 0.000000
30490 29.387 -40.472 33.024 0.000000
30491 24.726 -41.023 33.673 0.000000
30492 23.972 -41.567 33.472 0.000000
30494 28.548 -41.114 32.842 0.000000
30495 27.830 -41.619 32.622 0.000000
30496 27.064 -41.958 32.467 0.000000
30497 27.409 -40.759 32.237 0.000000
30499 26.565 -41.329 32.073 0.000000
31090 24.145 -40.650 48.325 0.000000
31145 38.612 -40.355 42.687 0.000000
31149 39.275 -40.273 41.632 0.000000
31150 39.238 -40.080 42.036 0.000000
31153 39.765 -39.839 41.184 0.000000
31156 39.286 -40.473 41.221 0.000000
31157 26.664 -40.487 40.698 0.000000
31159 40.119 -39.612 40.791 0.000000
31160 39.010 -40.565 40.504 0.000000
31161 31.263 -40.489 39.268 0.000000
31162 29.786 -40.184 39.657 0.000000
31163 29.034 -40.196 39.796 0.000000
31164 27.541 -40.194 39.571 0.000000
31165 26.797 -40.293 39.847 0.000000
31166 26.060 -40.346 40.113 0.000000
31167 25.071 -40.324 40.399 0.000000
31168 23.682 -40.387 39.923 0.000000
31169 22.271 -40.602 39.843 0.000000
31171 38.397 -40.597 39.407 0.000000
31172 31.815 -40.826 38.584 0.000000
31173 31.163 -40.553 38.327 0.000000
31174 29.391 -40.065 38.896 0.000000
31175 28.380 -40.072 39.106 0.000000
31176 26.967 -40.078 39.087 0.000000
31177 26.219 -40.094 39.361 0.000000
31178 25.405 -40.139 39.702 0.000000
31179 23.896 -40.151 39.139 0.000000
31180 22.892 -40.253 39.246 0.000000
31181 21.892 -40.372 39.020 0.000000
31184 38.331 -40.061 38.600 0.000000
31185 37.737 -40.820 38.331 0.000000
31186 37.916 -40.477 37.582 0.000000
31187 30.574 -40.466 37.752 0.000000
31188 28.909 -39.818 38.108 0.000000
31189 28.370 -39.623 37.440 0.000000
31190 28.011 -39.785 38.258 0.000000
31191 27.216 -39.788 38.362 0.000000
31192 26.438 -39.814 38.559 0.000000
31193 25.626 -39.895 38.800 0.000000
31194 24.133 -39.876 38.325 0.000000
31195 22.473 -40.077 38.210 0.000000
31196 23.405 -39.773 37.643 0.000000
31207 38.335 -40.220 37.041 0.000000
31208 29.293 -39.953 37.055 0.000000
31209 22.665 -39.942 37.381 0.000000
31210 21.971 -40.238 37.393 0.000000
31211 22.399 -40.054 36.724 0.000000
31216 41.587 -41.646 35.993 0.000000
31217 40.617 -40.796 36.113 0.000000
31218 39.287 -39.773 36.117 0.000000
31219 38.948 -40.488 36.594 0.000000
31220 28.322 -40.355 35.631 0.000000
31221 28.497 -39.773 36.546 0.000000
31222 27.751 -39.513 36.191 0.000000
31223 22.763 -39.809 36.155 0.000000
31225 43.333 -40.881 34.892 0.000000
31226 43.819 -40.416 34.919 0.000000
31227 43.457 -40.456 35.226 0.000000
31228 42.551 -40.671 35.387 0.000000
31229 41.451 -40.586 35.611 0.000000
31230 27.613 -40.681 35.012 0.000000
31231 27.603 -39.850 35.451 0.000000
31232 27.027 -39.906 34.947 0.000000
31233 23.115 -40.548 34.492 0.000000
31234 23.052 -39.962 35.396 0.000000
31237 43.674 -40.516 34.412 0.000000
31238 44.319 -39.969 34.607 0.000000
31239 39.204 -40.810 34.159 0.000000
31240 37.302 -40.549 34.349 0.000000
31241 36.173 -40.707 34.286 0.000000
31242 26.253 -40.198 34.493 0.000000
31243 24.731 -40.124 34.022 0.000000
31244 23.891 -40.476 33.947 0.000000
31245 24.307 -39.735 34.617 0.000000
31248 43.262 -40.414 33.753 0.000000
31249 42.088 -40.457 33.453 0.000000
31250 41.310 -40.313 33.344 0.000000
31251 40.307 -39.984 33.327 0.000000
31252 39.339 -40.031 33.731 0.000000
31253 38.278 -40.001 34.052 0.000000
31254 37.143 -39.672 33.908 0.000000
31255 35.482 -40.357 33.646 0.000000
31256 34.706 -40.093 33.251 0.000000
31257 33.670 -39.864 33.120 0.000000
31258 33.977 -39.664 32.747 0.000000
31259 33.011 -39.783 33.135 0.000000
31260 32.148 -39.750 33.110 0.000000
31261 31.042 -39.798 33.130 0.000000
31262 30.171 -40.316 33.340 0.000000
31265 33.277 -39.542 32.458 0.000000
31266 32.602 -39.518 32.299 0.000000
31267 31.809 -39.435 32.256 0.000000
31268 30.199 -39.667 32.706 0.000000
31269 28.735 -40.111 32.484 0.000000
31270 28.127 -40.683 32.459 0.000000
31271 28.121 -39.920 32.085 0.000000
31273 26.785 -40.317 31.695 0.000000
31275 26.239 -39.905 31.091 0.000000
31277 25.728 -39.737 30.466 0.000000
31279 25.563 -39.387 29.847 0.000000
31910 40.951 -38.725 40.234 0.000000
31911 40.352 -39.332 39.841 0.000000
31912 40.757 -38.826 39.628 0.000000
31914 40.033 -39.008 38.800 0.000000
31915 38.326 -39.640 37.707 0.000000
31916 38.864 -38.912 37.742 0.000000
31917 27.538 -39.522 37.609 0.000000
31918 26.709 -39.491 37.752 0.000000
31919 25.253 -39.307 37.364 0.000000
31920 24.385 -39.496 37.494 0.000000
31926 38.545 -39.494 36.841 0.000000
31927 39.031 -38.600 36.652 0.000000
31928 27.865 -39.400 36.944 0.000000
31929 27.040 -39.218 36.837 0.000000
31930 26.097 -39.223 37.159 0.000000
31931 24.724 -39.187 36.694 0.000000
31932 23.871 -39.441 36.781 0.000000
31933 23.073 -39.699 36.802 0.000000
31944 39.448 -38.899 35.811 0.000000
31945 26.967 -39.432 35.841 0.000000
31946 26.165 -39.227 36.294 0.000000
31947 24.240 -39.179 35.991 0.000000
31948 23.426 -39.466 36.066 0.000000
31951 44.102 -40.056 35.197 0.000000
31952 44.511 -39.510 35.198 0.000000
31953 43.805 -39.473 35.263 0.000000
31954 42.803 -39.743 35.335 0.000000
31955 40.855 -39.338 35.261 0.000000
31956 40.140 -39.635 35.617 0.000000
31957 26.176 -39.453 35.318 0.000000
31958 25.264 -39.586 34.692 0.000000
31959 23.845 -39.517 35.340 0.000000
31962 44.832 -39.658 34.091 0.000000
31964 44.061 -39.871 33.695 0.000000
31965 43.307 -39.614 33.022 0.000000
31966 43.930 -39.181 32.965 0.000000
31967 41.880 -39.723 32.906 0.000000
31968 41.042 -39.484 32.781 0.000000
31969 39.512 -39.206 33.336 0.000000
31970 38.745 -39.320 33.689 0.000000
31971 37.901 -39.031 33.757 0.000000
31972 36.896 -38.924 33.461 0.000000
31973 35.301 -39.620 33.100 0.000000
31974 35.948 -38.824 32.978 0.000000
31977 43.309 -38.672 32.387 0.000000
31978 41.632 -38.857 32.339 0.000000
31979 40.301 -38.979 32.870 0.000000
31980 34.590 -39.425 32.670 0.000000
31981 33.415 -39.305 31.958 0.000000
31982 32.819 -39.275 31.788 0.000000
31983 32.169 -39.170 31.698 0.000000
31984 30.762 -38.815 31.417 0.000000
31985 29.802 -38.952 31.557 0.000000
31986 28.940 -39.363 31.805 0.000000
31988 32.968 -38.929 31.473 0.000000
31989 32.348 -38.790 31.340 0.000000
31990 31.651 -38.721 31.257 0.000000
31991 30.087 -38.346 31.040 0.000000
31992 29.215 -38.733 31.145 0.000000
31993 28.213 -39.219 31.325 0.000000
31994 27.182 -39.397 31.108 0.000000
31996 31.009 -38.335 30.749 0.000000
31998 28.634 -38.626 30.627 0.000000
31999 27.305 -38.891 30.408 0.000000
32001 26.427 -39.208 30.322 0.000000
32703 41.261 -38.371 39.784 0.000000
32713 41.355 -38.066 39.313 0.000000
32714 39.693 -38.296 37.890 0.000000
32715 40.686 -37.699 38.265 0.000000
32723 39.748 -37.688 36.935 0.000000
32737 39.525 -38.092 35.849 0.000000
32744 45.019 -39.423 34.742 0.000000
32745 45.515 -38.122 35.239 0.000000
32746 45.015 -38.891 35.259 0.000000
32747 44.476 -38.977 35.262 0.000000
32748 42.803 -38.696 34.972 0.000000
32749 43.864 -38.506 35.079 0.000000
32750 41.626 -38.819 34.997 0.000000
32751 40.609 -38.471 35.036 0.000000
32752 39.976 -38.664 35.372 0.000000
32756 45.344 -39.233 34.135 0.000000
32757 46.217 -38.053 34.754 0.000000
32758 42.872 -37.749 34.594 0.000000
32759 41.833 -37.807 34.571 0.000000
32760 40.877 -37.792 34.769 0.000000
32763 44.771 -39.065 33.478 0.000000
32764 45.793 -38.734 33.928 0.000000
32765 38.690 -38.502 33.292 0.000000
32766 37.596 -38.316 33.237 0.000000
32769 45.117 -38.119 33.046 0.000000
32770 44.131 -38.447 32.588 0.000000
32771 42.498 -39.011 32.468 0.000000
32772 41.986 -38.275 31.601 0.000000
32773 41.246 -38.201 31.835 0.000000
32774 40.353 -38.057 32.387 0.000000
32775 39.261 -37.826 32.644 0.000000
32776 38.189 -37.701 32.781 0.000000
32777 36.238 -37.909 32.591 0.000000
32778 35.415 -38.306 32.368 0.000000
32779 34.681 -38.766 32.130 0.000000
32780 33.502 -38.949 31.621 0.000000
32782 42.663 -38.145 31.583 0.000000
32783 34.901 -37.943 31.758 0.000000
32784 34.055 -38.449 31.533 0.000000
32785 32.551 -38.432 31.057 0.000000
32786 33.616 -37.849 31.086 0.000000
32787 31.856 -38.392 30.859 0.000000
32789 32.855 -38.002 30.822 0.000000
32790 32.098 -38.073 30.618 0.000000
32791 31.410 -38.036 30.468 0.000000
32792 30.263 -38.018 30.437 0.000000
32793 30.848 -37.951 30.325 0.000000
32801 29.570 -37.891 29.854 0.000000
33539 41.539 -37.110 38.316 0.000000
33540 40.645 -37.055 37.179 0.000000
33552 40.174 -37.278 35.904 0.000000
33568 46.074 -37.352 35.285 0.000000
33569 44.779 -38.303 35.306 0.000000
33570 45.173 -37.495 35.338 0.000000
33571 40.436 -37.127 34.993 0.000000
33577 46.577 -37.125 35.008 0.000000
33578 46.935 -36.490 34.976 0.000000
33579 46.633 -36.512 35.144 0.000000
33580 43.985 -37.590 34.901 0.000000
33581 42.899 -36.859 34.408 0.000000
33582 42.054 -37.091 34.366 0.000000
33583 41.168 -36.893 34.502 0.000000
33587 46.386 -37.435 34.255 0.000000
33590 45.714 -37.378 33.244 0.000000
33591 44.288 -37.746 32.281 0.000000
33592 42.672 -37.410 31.020 0.000000
33593 39.885 -37.303 31.874 0.000000
33594 38.741 -37.191 32.075 0.000000
33595 37.645 -37.090 32.232 0.000000
33596 36.595 -37.172 32.180 0.000000
33597 35.700 -37.486 31.994 0.000000
33599 42.087 -37.622 30.918 0.000000
33600 41.485 -37.695 31.119 0.000000
33601 41.039 -37.398 30.734 0.000000
33602 40.436 -36.994 31.058 0.000000
33603 39.432 -36.572 31.248 0.000000
33604 38.176 -36.556 31.594 0.000000
33605 37.040 -36.563 31.655 0.000000
33606 36.068 -36.776 31.557 0.000000
33607 35.144 -37.053 31.411 0.000000
33608 35.650 -36.448 31.108 0.000000
33609 34.001 -37.245 30.901 0.000000
33611 42.077 -37.060 30.288 0.000000
33612 41.429 -37.260 30.240 0.000000
33613 34.994 -36.452 30.907 0.000000
33614 33.284 -37.235 30.619 0.000000
33617 31.010 -37.705 30.054 0.000000
33620 31.220 -37.221 29.759 0.000000
34377 40.627 -36.372 36.133 0.000000
34387 40.649 -36.402 35.058 0.000000
34388 41.016 -35.732 35.493 0.000000
34406 41.300 -35.993 34.649 0.000000
34423 47.169 -36.126 34.462 0.000000
34424 47.264 -35.963 35.067 0.000000
34425 45.620 -36.675 35.207 0.000000
34426 42.755 -35.944 34.171 0.000000
34427 41.925 -36.338 34.321 0.000000
34432 46.721 -36.789 34.576 0.000000
34435 46.303 -36.656 33.558 0.000000
34436 45.470 -36.780 32.608 0.000000
34437 44.049 -37.145 31.782 0.000000
34438 44.642 -36.439 31.970 0.000000
34441 43.973 -35.830 31.444 0.000000
34442 42.646 -36.727 30.593 0.000000
34443 43.267 -36.266 30.972 0.000000
34444 40.799 -37.068 30.178 0.000000
34445 37.645 -36.026 31.033 0.000000
34446 36.500 -36.070 31.000 0.000000
34448 42.655 -35.972 30.425 0.000000
34449 41.420 -36.656 29.612 0.000000
34450 41.985 -36.360 29.984 0.000000
34451 40.975 -36.796 29.447 0.000000
34452 40.433 -36.577 29.627 0.000000
34453 40.035 -36.254 29.031 0.000000
34454 39.536 -36.155 30.183 0.000000
34455 38.447 -35.717 30.317 0.000000
34456 37.366 -35.584 30.379 0.000000
34457 35.624 -35.926 30.694 0.000000
34458 34.815 -35.800 30.473 0.000000
34460 33.986 -35.670 30.237 0.000000
34463 41.434 -36.122 29.172 0.000000
34464 41.117 -36.053 28.412 0.000000
34465 40.598 -36.396 28.765 0.000000
34466 40.240 -36.056 28.129 0.000000
34476 40.651 -36.014 28.028 0.000000
34477 40.551 -36.157 28.174 0.000000
34478 40.247 -35.902 27.628 0.000000
35178 41.523 -35.258 34.902 0.000000
35195 47.716 -35.390 34.638 0.000000
35196 48.032 -34.843 34.633 0.000000
35197 47.603 -35.254 34.939 0.000000
35198 47.001 -35.509 35.143 0.000000
35199 46.079 -35.784 34.986 0.000000
35200 44.662 -35.747 34.511 0.000000
35201 42.716 -35.077 33.842 0.000000
35202 42.870 -34.260 33.663 0.000000
35203 42.159 -34.500 33.897 0.000000
35204 41.964 -35.390 34.212 0.000000
35217 47.536 -35.386 33.791 0.000000
35218 48.143 -34.875 34.139 0.000000
35226 46.519 -35.765 33.269 0.000000
35227 45.589 -36.059 32.527 0.000000
35228 45.688 -35.266 32.393 0.000000
35231 44.751 -35.483 32.032 0.000000
35232 44.163 -34.847 31.483 0.000000
35233 43.297 -35.446 30.980 0.000000
35236 42.709 -35.237 30.459 0.000000
35237 41.981 -35.545 29.814 0.000000
35238 39.174 -35.743 29.430 0.000000
35239 38.164 -35.355 29.655 0.000000
35240 37.145 -35.181 29.706 0.000000
35241 35.513 -35.368 30.105 0.000000
35243 41.754 -34.875 29.515 0.000000
35244 41.300 -35.533 28.854 0.000000
35245 39.691 -35.887 28.626 0.000000
35246 38.896 -35.438 28.697 0.000000
35247 37.896 -35.073 29.115 0.000000
35248 36.246 -35.034 29.628 0.000000
35249 34.724 -35.177 29.876 0.000000
35250 33.924 -34.998 29.656 0.000000
35252 33.118 -34.858 29.176 0.000000
35256 40.786 -35.722 28.065 0.000000
35257 39.980 -35.839 27.196 0.000000
35258 39.249 -35.400 27.589 0.000000
35259 38.190 -34.913 28.334 0.000000
35279 40.370 -35.715 27.450 0.000000
35280 40.101 -35.722 26.833 0.000000
35281 40.337 -35.444 26.659 0.000000
35282 39.889 -35.701 26.331 0.000000
35283 39.211 -35.482 25.860 0.000000
35297 40.150 -35.295 25.340 0.000000
35298 40.406 -35.061 25.852 0.000000
35299 39.859 -35.535 25.471 0.000000
35300 39.192 -35.385 25.084 0.000000
35308 39.786 -35.207 24.922 0.000000
35309 38.900 -34.897 24.600 0.000000
35991 41.807 -34.759 34.413 0.000000
35992 41.905 -33.994 34.445 0.000000
36004 48.386 -34.435 34.313 0.000000
36005 48.197 -34.093 34.584 0.000000
36006 47.107 -34.675 35.002 0.000000
36007 46.037 -34.769 34.733 0.000000
36008 44.864 -34.881 34.258 0.000000
36009 44.927 -33.949 34.144 0.000000
36010 42.349 -33.717 33.849 0.000000
36019 48.465 -34.259 33.810 0.000000
36020 43.854 -34.100 33.754 0.000000
36031 47.728 -34.600 33.153 0.000000
36032 46.675 -34.996 32.785 0.000000
36033 46.612 -34.278 32.434 0.000000
36039 45.761 -34.492 32.164 0.000000
36040 44.989 -34.152 31.617 0.000000
36041 44.255 -33.849 31.184 0.000000
36044 42.885 -33.774 30.467 0.000000
36045 42.402 -34.564 30.150 0.000000
36048 41.258 -34.648 29.037 0.000000
36049 37.095 -34.673 29.003 0.000000
36050 35.619 -34.324 28.829 0.000000
36051 34.682 -34.546 29.161 0.000000
36052 33.847 -34.516 29.085 0.000000
36054 40.595 -35.186 27.624 0.000000
36055 40.839 -34.445 28.388 0.000000
36056 37.488 -34.387 28.074 0.000000
36058 35.016 -33.826 28.424 0.000000
36059 34.115 -34.032 28.558 0.000000
36060 32.590 -34.369 28.384 0.000000
36072 40.458 -34.960 26.810 0.000000
36073 38.380 -35.017 26.436 0.000000
36074 37.623 -34.360 27.148 0.000000
36077 35.336 -33.358 27.532 0.000000
36097 40.083 -34.712 25.096 0.000000
36098 38.410 -35.139 25.536 0.000000
36099 37.509 -34.407 26.131 0.000000
36862 42.316 -33.215 34.452 0.000000
36882 48.668 -33.817 34.267 0.000000
36883 48.839 -32.916 34.222 0.000000
36884 48.538 -33.234 34.426 0.000000
36885 48.035 -33.347 34.718 0.000000
36886 47.310 -33.782 34.768 0.000000
36887 46.063 -33.828 34.558 0.000000
36888 46.120 -32.897 34.320 0.000000
36889 42.622 -33.078 33.971 0.000000
36901 48.757 -33.368 33.605 0.000000
36902 45.016 -33.054 33.906 0.000000
36903 44.032 -33.241 33.681 0.000000
36904 43.081 -33.364 33.685 0.000000
36913 47.135 -33.705 32.449 0.000000
36921 45.875 -33.627 31.881 0.000000
36922 44.441 -32.849 31.149 0.000000
36925 43.120 -32.890 30.543 0.000000
36926 42.401 -33.287 30.209 0.000000
36929 41.690 -32.806 29.828 0.000000
36930 41.116 -33.637 29.215 0.000000
36933 40.642 -33.386 28.489 0.000000
36934 40.481 -34.292 27.616 0.000000
36948 40.073 -34.157 26.756 0.000000
36949 39.725 -33.120 27.074 0.000000
37666 42.684 -32.462 34.507 0.000000
37682 49.098 -32.220 34.202 0.000000
37683 48.904 -32.337 34.305 0.000000
37684 48.190 -32.594 34.621 0.000000
37685 47.258 -32.752 34.611 0.000000
37686 43.014 -32.564 33.870 0.000000
37687 43.491 -31.874 33.718 0.000000
37688 43.015 -31.956 34.084 0.000000
37697 49.524 -31.812 34.028 0.000000
37698 46.218 -32.004 34.076 0.000000
37699 45.113 -32.150 33.740 0.000000
37700 44.147 -32.376 33.571 0.000000
37706 49.178 -32.491 33.818 0.000000
37707 48.899 -32.515 32.880 0.000000
37708 48.056 -31.960 32.164 0.000000
37714 46.991 -32.086 31.814 0.000000
37715 46.133 -32.155 31.512 0.000000
37716 45.478 -31.732 31.283 0.000000
37717 44.848 -32.113 31.205 0.000000
37722 44.160 -31.987 31.007 0.000000
37723 43.337 -32.021 30.736 0.000000
37724 42.508 -32.349 30.354 0.000000
37726 41.894 -31.859 30.058 0.000000
37727 40.959 -32.487 29.315 0.000000
37730 40.146 -33.263 27.674 0.000000
37731 40.233 -32.245 28.469 0.000000
37732 39.661 -32.353 27.572 0.000000
38407 42.971 -31.618 34.988 0.000000
38419 49.342 -31.704 34.138 0.000000
38420 49.825 -31.209 34.146 0.000000
38421 49.103 -31.619 34.243 0.000000
38422 48.342 -31.734 34.449 0.000000
38423 47.333 -31.846 34.435 0.000000
38430 49.937 -31.350 33.650 0.000000
38431 46.441 -31.185 33.758 0.000000
38432 45.325 -31.316 33.575 0.000000
38433 44.233 -31.354 33.527 0.000000
38439 49.044 -31.726 32.505 0.000000
38440 49.267 -30.959 32.341 0.000000
38445 48.309 -31.161 31.886 0.000000
38446 47.256 -31.238 31.606 0.000000
38447 46.288 -31.392 31.400 0.000000
38448 45.595 -30.870 31.081 0.000000
38456 43.852 -31.088 30.812 0.000000
38457 43.232 -30.565 30.533 0.000000
38458 42.699 -31.322 30.492 0.000000
38463 41.862 -31.024 30.118 0.000000
38464 41.197 -30.826 29.711 0.000000
38465 40.755 -31.496 29.213 0.000000
38481 40.169 -31.149 28.616 0.000000
39149 49.950 -30.611 34.071 0.000000
39150 49.565 -31.149 34.177 0.000000
39151 48.652 -30.913 34.196 0.000000
39152 49.272 -30.345 34.045 0.000000
39153 47.536 -31.004 34.199 0.000000
39158 50.317 -30.164 33.557 0.000000
39159 48.431 -30.111 34.011 0.000000
39160 47.772 -30.332 34.029 0.000000
39161 46.661 -30.255 33.650 0.000000
39163 44.084 -30.324 33.657 0.000000
39168 50.159 -30.771 33.026 0.000000
39169 50.436 -29.864 32.764 0.000000
39173 49.688 -30.167 32.081 0.000000
39174 48.578 -30.424 31.631 0.000000
39175 47.612 -30.515 31.370 0.000000
39176 47.954 -29.993 31.142 0.000000
39182 47.206 -29.910 30.889 0.000000
39183 44.877 -30.383 30.676 0.000000
39184 43.958 -30.091 30.552 0.000000
39185 43.194 -29.919 30.287 0.000000
39186 42.533 -30.465 30.273 0.000000
39205 41.794 -30.099 29.927 0.000000
39206 41.018 -30.065 29.612 0.000000
39207 40.630 -30.572 29.193 0.000000
39212 40.201 -30.233 28.467 0.000000
39966 50.648 -29.251 33.258 0.000000
39967 50.706 -28.461 33.082 0.000000
39968 50.127 -28.712 33.442 0.000000
39969 48.757 -29.486 33.893 0.000000
39970 47.520 -29.557 33.639 0.000000
39971 46.151 -29.395 33.149 0.000000
39972 46.749 -28.730 32.896 0.000000
39973 44.879 -29.123 33.067 0.000000
39980 50.565 -29.060 32.550 0.000000
39981 45.668 -28.695 32.781 0.000000
39986 50.211 -29.527 32.037 0.000000
39987 49.508 -29.431 31.645 0.000000
39988 48.678 -29.700 31.402 0.000000
39989 48.725 -28.900 31.190 0.000000
39997 47.789 -29.331 30.764 0.000000
39998 46.882 -29.256 30.480 0.000000
39999 46.051 -29.195 30.359 0.000000
40000 44.679 -29.497 30.275 0.000000
40001 43.875 -29.348 30.109 0.000000
40013 45.315 -28.933 30.020 0.000000
40014 44.532 -28.692 29.639 0.000000
40015 43.102 -29.259 29.898 0.000000
40016 41.355 -29.207 29.389 0.000000
40017 40.620 -29.696 29.061 0.000000
40027 40.753 -28.854 28.707 0.000000
40821 49.207 -28.746 33.662 0.000000
40822 48.022 -28.723 33.402 0.000000
40823 48.524 -28.033 33.090 0.000000
40824 44.403 -27.755 33.020 0.000000
40832 50.805 -27.952 32.557 0.000000
40833 47.178 -27.849 32.610 0.000000
40834 45.908 -28.009 32.503 0.000000
40835 44.913 -28.238 32.738 0.000000
40840 50.568 -27.906 31.582 0.000000
40841 50.939 -27.537 31.929 0.000000
40847 50.779 -27.176 31.067 0.000000
40848 49.945 -27.734 30.935 0.000000
40849 47.970 -28.483 30.413 0.000000
40850 48.951 -28.110 30.751 0.000000
40851 46.620 -28.564 30.049 0.000000
40859 48.178 -27.627 29.971 0.000000
40860 47.253 -27.980 29.710 0.000000
40861 45.969 -28.458 29.744 0.000000
40862 46.476 -27.906 29.401 0.000000
40863 44.767 -27.891 28.862 0.000000
40864 43.958 -28.237 29.024 0.000000
40865 42.986 -28.454 29.325 0.000000
40866 41.460 -28.399 28.880 0.000000
40879 46.240 -27.345 28.711 0.000000
40880 45.560 -27.561 28.683 0.000000
40881 44.197 -27.660 28.287 0.000000
40882 43.328 -27.788 28.588 0.000000
40883 42.296 -27.896 28.739 0.000000
40884 41.074 -28.160 28.273 0.000000
41593 50.328 -28.004 33.233 0.000000
41594 49.561 -28.048 33.336 0.000000
41595 44.579 -27.088 33.027 0.000000
41604 51.129 -27.235 32.025 0.000000
41605 51.505 -26.444 31.452 0.000000
41606 51.311 -26.709 32.074 0.000000
41607 50.862 -27.369 32.490 0.000000
41608 49.803 -27.322 33.131 0.000000
41609 48.890 -27.345 32.941 0.000000
41610 47.040 -26.826 32.370 0.000000
41611 46.095 -27.172 32.280 0.000000
41612 45.125 -27.361 32.626 0.000000
41618 51.212 -26.948 31.524 0.000000
41627 49.117 -27.291 30.256 0.000000
41628 50.057 -27.120 30.350 0.000000
41631 49.532 -26.596 29.652 0.000000
41632 47.625 -27.097 29.164 0.000000
41633 46.861 -27.198 28.934 0.000000
41643 48.111 -26.543 28.596 0.000000
41644 47.335 -26.703 28.262 0.000000
41645 45.954 -27.043 27.876 0.000000
41646 46.646 -26.853 28.011 0.000000
41647 45.067 -27.342 27.862 0.000000
41648 43.608 -27.446 27.899 0.000000
41649 42.771 -27.368 28.011 0.000000
41652 45.654 -26.985 26.995 0.000000
41653 46.373 -26.685 27.072 0.000000
41654 45.000 -27.226 26.947 0.000000
41655 44.305 -27.359 27.399 0.000000
41661 45.898 -26.748 26.341 0.000000
41662 45.333 -27.031 26.259 0.000000
41663 44.483 -27.107 26.370 0.000000
41664 43.679 -26.869 26.145 0.000000
41671 45.556 -26.791 25.727 0.000000
41672 45.052 -27.030 25.551 0.000000
42349 51.903 -25.659 31.338 0.000000
42350 51.373 -25.999 32.015 0.000000
42351 50.710 -26.467 32.536 0.000000
42352 50.011 -26.523 32.931 0.000000
42353 48.250 -25.790 32.437 0.000000
42354 47.030 -25.789 32.275 0.000000
42355 46.102 -26.276 32.284 0.000000
42366 51.403 -26.332 30.762 0.000000
42367 50.506 -26.474 30.209 0.000000
42370 50.824 -25.743 29.863 0.000000
42371 49.547 -26.037 28.918 0.000000
42372 50.340 -25.674 28.907 0.000000
42386 49.438 -25.634 28.457 0.000000
42387 47.863 -26.256 27.768 0.000000
42388 48.604 -25.721 27.894 0.000000
42389 47.070 -26.500 27.439 0.000000
42390 47.800 -25.773 27.425 0.000000
42391 46.818 -26.357 26.859 0.000000
42392 47.197 -25.964 26.880 0.000000
42394 46.520 -26.200 26.404 0.000000
42395 46.001 -26.550 25.997 0.000000
42396 43.297 -26.646 25.472 0.000000
42399 46.029 -26.248 25.745 0.000000
42400 45.264 -26.804 25.060 0.000000
42401 45.619 -26.285 24.954 0.000000
42402 44.029 -26.745 24.685 0.000000
42403 42.719 -26.492 24.754 0.000000
42407 45.064 -26.394 23.393 0.000000
42408 45.343 -26.041 23.542 0.000000
42409 44.321 -26.615 23.872 0.000000
42410 43.139 -26.450 23.880 0.000000
42418 45.305 -25.917 22.718 0.000000
43176 51.935 -24.742 31.319 0.000000
43177 51.271 -25.105 31.752 0.000000
43178 50.686 -25.391 32.278 0.000000
43179 49.341 -24.818 32.444 0.000000
43180 47.546 -24.942 32.291 0.000000
43181 46.492 -24.772 32.420 0.000000
43188 52.002 -25.126 30.609 0.000000
43198 51.488 -25.457 30.196 0.000000
43204 51.514 -24.836 29.728 0.000000
43205 51.063 -25.247 29.198 0.000000
43216 50.193 -25.106 28.467 0.000000
43217 49.230 -24.659 28.353 0.000000
43218 48.373 -25.056 27.863 0.000000
43220 47.336 -25.261 27.314 0.000000
43221 46.808 -25.699 26.707 0.000000
43223 46.291 -25.739 26.217 0.000000
43224 45.781 -25.611 25.481 0.000000
43226 45.418 -25.398 24.652 0.000000
43228 45.348 -25.264 23.779 0.000000
43896 52.093 -23.860 31.370 0.000000
43897 51.295 -24.102 31.846 0.000000
43898 50.612 -24.000 32.261 0.000000
43899 50.164 -24.544 32.506 0.000000
43900 49.286 -23.743 32.530 0.000000
43907 52.287 -24.376 30.903 0.000000
43908 52.513 -23.601 31.020 0.000000
43918 52.236 -23.597 30.657 0.000000
43919 51.817 -24.305 30.264 0.000000
43932 51.306 -24.160 29.675 0.000000
43933 50.965 -24.604 28.948 0.000000
43953 50.092 -24.304 28.614 0.000000
43954 49.184 -24.026 28.646 0.000000
43955 47.682 -24.508 27.979 0.000000
43956 48.435 -24.307 28.385 0.000000
43965 46.861 -24.404 27.582 0.000000
43966 46.395 -24.986 26.810 0.000000
43967 45.988 -24.007 27.166 0.000000
43972 45.233 -24.741 25.789 0.000000
43973 45.438 -24.421 26.501 0.000000
43974 44.617 -23.874 26.095 0.000000
43976 44.817 -24.430 25.169 0.000000
43984 45.055 -24.494 24.240 0.000000
44621 51.765 -23.233 31.893 0.000000
44622 51.611 -22.554 32.293 0.000000
44623 50.938 -23.223 32.332 0.000000
44624 49.668 -23.026 32.686 0.000000
44633 52.667 -22.943 30.897 0.000000
44634 52.390 -23.102 31.373 0.000000
44641 52.254 -22.836 30.560 0.000000
44642 51.692 -23.581 30.217 0.000000
44662 51.204 -23.569 29.910 0.000000
44663 50.704 -23.812 29.235 0.000000
44664 49.867 -23.767 28.836 0.000000
44665 49.215 -23.533 29.002 0.000000
44666 48.460 -23.685 28.762 0.000000
44667 48.565 -23.175 29.274 0.000000
44668 47.679 -23.201 29.035 0.000000
44677 47.746 -23.873 28.485 0.000000
44678 47.013 -23.448 28.575 0.000000
44687 45.079 -23.619 26.812 0.000000
44688 45.524 -23.126 27.409 0.000000
44689 44.759 -22.796 26.945 0.000000
44697 44.320 -22.777 26.143 0.000000
45396 50.256 -22.696 32.684 0.000000
45409 50.941 -22.317 32.620 0.000000
45416 52.666 -22.093 30.903 0.000000
45433 51.636 -22.928 30.239 0.000000
45434 52.152 -22.162 30.555 0.000000
45435 50.842 -23.063 29.980 0.000000
45436 50.789 -22.126 30.279 0.000000
45437 49.905 -22.757 30.043 0.000000
45438 49.725 -21.838 30.341 0.000000
45439 48.854 -22.468 29.907 0.000000
45451 46.903 -22.819 28.909 0.000000
45452 46.437 -22.055 28.778 0.000000
45458 46.358 -22.790 28.420 0.000000
45459 45.770 -22.044 28.238 0.000000
45465 45.072 -22.156 27.580 0.000000
45466 44.421 -21.964 26.764 0.000000
45476 43.994 -21.861 25.960 0.000000
45483 44.072 -22.457 25.385 0.000000
45484 43.969 -21.829 25.089 0.000000
45486 44.001 -22.505 24.501 0.000000
46229 51.684 -21.478 30.630 0.000000
46230 50.682 -21.155 30.545 0.000000
46231 49.588 -20.753 30.376 0.000000
46232 48.740 -21.393 30.221 0.000000
46237 47.982 -21.816 29.858 0.000000
46238 47.422 -21.061 29.488 0.000000
46239 46.706 -21.116 28.928 0.000000
46246 46.070 -21.218 28.349 0.000000
46252 45.498 -21.305 27.739 0.000000
46253 44.835 -21.225 27.125 0.000000
46262 44.160 -21.132 25.530 0.000000
46263 44.380 -21.135 26.350 0.000000
46268 44.057 -21.137 24.727 0.000000
46970 50.597 -20.092 30.648 0.000000
46971 49.356 -19.780 30.288 0.000000
46972 48.591 -20.411 30.149 0.000000
46978 47.854 -20.208 29.558 0.000000
46979 47.230 -20.186 28.820 0.000000
46987 46.612 -20.380 28.145 0.000000
46992 45.532 -20.598 27.203 0.000000
46993 46.329 -20.156 27.287 0.000000
47009 45.795 -20.053 26.585 0.000000
47010 44.958 -20.472 26.558 0.000000
47011 45.254 -19.937 25.868 0.000000
47014 44.592 -20.438 25.770 0.000000
47699 49.116 -18.953 30.120 0.000000
47700 49.877 -18.384 30.211 0.000000
47708 48.565 -18.982 29.220 0.000000
47709 47.941 -19.557 28.970 0.000000
47716 48.175 -18.987 28.225 0.000000
47717 47.151 -19.733 27.500 0.000000
47718 47.757 -19.284 27.580 0.000000
47723 46.756 -19.554 26.577 0.000000
47724 47.644 -19.187 26.893 0.000000
47734 46.052 -19.667 25.959 0.000000
47740 45.703 -19.395 25.189 0.000000
47741 46.605 -19.143 25.654 0.000000
47742 44.818 -19.837 24.906 0.000000
47749 46.273 -18.782 24.730 0.000000
47750 45.352 -19.133 24.165 0.000000
48451 51.538 -18.128 30.976 0.000000
48452 50.615 -17.765 30.410 0.000000
48453 49.793 -17.649 29.688 0.000000
48461 48.713 -18.483 28.673 0.000000
48462 49.126 -17.737 28.676 0.000000
48470 48.648 -18.240 27.754 0.000000
48471 48.193 -18.821 27.245 0.000000
48482 48.180 -18.620 26.509 0.000000
48483 48.664 -18.285 26.779 0.000000
48491 48.190 -18.377 25.852 0.000000
48492 48.787 -18.211 26.177 0.000000
48493 47.462 -18.860 26.156 0.000000
48502 48.209 -18.040 25.222 0.000000
48503 48.926 -17.985 25.703 0.000000
48504 47.299 -18.505 25.233 0.000000
48510 47.475 -17.850 24.530 0.000000
48511 46.029 -18.321 23.774 0.000000
48512 46.812 -17.796 23.793 0.000000
48515 46.475 -18.012 23.099 0.000000
48520 47.517 -18.034 20.824 0.000000
49198 52.042 -17.577 31.149 0.000000
49205 51.378 -17.224 30.675 0.000000
49206 50.572 -16.822 29.853 0.000000
49213 49.756 -16.995 29.019 0.000000
49219 49.139 -17.686 27.081 0.000000
49220 49.416 -16.925 27.986 0.000000
49228 49.720 -17.650 26.368 0.000000
49229 49.728 -17.127 27.044 0.000000
49230 49.144 -17.981 26.356 0.000000
49236 51.084 -17.339 25.900 0.000000
49237 51.983 -16.964 25.833 0.000000
49238 51.345 -16.954 26.340 0.000000
49239 50.233 -17.659 25.918 0.000000
49240 49.430 -17.938 26.009 0.000000
49252 50.837 -17.238 24.822 0.000000
49253 51.491 -17.291 25.333 0.000000
49254 50.003 -17.531 25.268 0.000000
49255 49.315 -17.710 25.384 0.000000
49260 49.950 -17.240 24.463 0.000000
49261 50.491 -16.907 24.032 0.000000
49262 49.248 -17.468 24.722 0.000000
49263 48.309 -17.532 24.420 0.000000
49265 49.576 -16.885 23.682 0.000000
49266 48.732 -16.828 22.967 0.000000
49267 47.209 -17.623 22.937 0.000000
49974 51.455 -16.484 30.326 0.000000
49975 52.065 -15.833 30.422 0.000000
49982 51.221 -15.982 29.620 0.000000
49983 51.185 -15.675 28.953 0.000000
49993 51.005 -15.866 28.151 0.000000
49994 51.810 -15.742 27.669 0.000000
49995 51.807 -15.449 28.651 0.000000
49996 50.264 -16.513 27.551 0.000000
50003 51.931 -16.306 26.675 0.000000
50004 52.877 -16.215 26.242 0.000000
50005 51.146 -16.449 27.106 0.000000
50028 52.407 -17.251 25.179 0.000000
50039 51.989 -16.762 24.037 0.000000
50040 51.255 -16.944 24.269 0.000000
50048 52.974 -16.912 23.817 0.000000
50049 51.114 -16.493 23.595 0.000000
50050 49.478 -16.596 22.882 0.000000
50056 53.273 -16.626 22.969 0.000000
50057 51.995 -16.220 23.098 0.000000
50058 50.332 -16.060 21.678 0.000000
50059 51.356 -15.854 21.996 0.000000
50060 49.126 -16.713 22.144 0.000000
50068 49.982 -16.166 20.745 0.000000
50069 50.892 -15.872 21.007 0.000000
50070 49.528 -16.496 21.426 0.000000
50812 52.626 -15.056 30.122 0.000000
50819 52.655 -15.056 29.223 0.000000
50821 51.939 -15.473 29.482 0.000000
89248 44.944 -37.295 32.340 0.000000
89281 39.735 -35.747 28.027 0.000000
89288 32.527 -33.958 27.559 0.000000
89333 45.671 -26.596 25.513 0.000000
89343 46.303 -26.497 26.495 0.000000
89365 23.914 -41.582 43.168 0.000000
89390 47.342 -26.200 27.214 0.000000
89425 18.193 -42.834 49.662 0.000000
89552 48.898 -17.199 23.892 0.000000
89584 50.781 -16.136 22.689 0.000000
89642 48.814 -17.768 25.168 0.000000
89685 21.153 -41.050 40.326 0.000000
90039 26.687 -41.058 43.700 0.000000
90074 26.465 -41.180 44.542 0.000000
90117 45.789 -22.720 27.962 0.000000
90171 48.149 -33.878 33.062 0.000000
90237 36.356 -35.515 30.285 0.000000
90347 22.404 -42.143 45.716 0.000000
90354 21.232 -41.975 44.539 0.000000
90428 46.524 -32.857 31.894 0.000000
90511 24.313 -42.031 45.293 0.000000
90546 25.555 -41.650 45.674 0.000000
90622 39.197 -39.487 38.766 0.000000
90624 21.647 -41.511 41.821 0.000000
90655 24.528 -40.197 39.815 0.000000
90795 50.408 -27.330 32.963 0.000000
90797 40.690 -38.443 38.986 0.000000
90811 23.199 -42.197 46.288 0.000000
90827 45.444 -32.678 31.445 0.000000
90886 25.450 -40.921 42.467 0.000000
90944 21.532 -42.002 45.697 0.000000
90999 44.890 -26.846 24.464 0.000000
91015 29.003 -40.469 36.204 0.000000
91040 27.705 -40.891 42.689 0.000000
91058 41.340 -36.397 37.460 0.000000
91064 27.510 -41.037 43.489 0.000000
91115 25.448 -41.717 46.507 0.000000
91385 52.596 -15.635 27.249 0.000000
91435 23.226 -41.982 44.546 0.000000
91543 36.137 -39.644 33.474 0.000000
91564 21.631 -42.037 43.420 0.000000
91792 34.984 -44.598 39.513 0.000000
91836 42.815 -41.109 35.156 0.000000
91837 46.392 -23.539 27.939 0.000000
91838 50.205 -23.565 32.539 0.000000
91910 30.451 -41.094 43.316 0.000000
91975 50.131 -19.167 30.470 0.000000
92040 20.118 -42.839 47.320 0.000000
92093 37.421 -43.536 40.579 0.000000
92102 22.399 -41.191 41.590 0.000000
92131 26.025 -40.872 31.564 0.000000
92229 43.450 -37.822 31.763 0.000000
92327 50.103 -25.601 32.648 0.000000
92418 46.460 -29.813 30.739 0.000000
92474 34.153 -36.540 30.612 0.000000
92497 26.756 -41.396 46.728 0.000000
92590 27.315 -41.089 44.333 0.000000
92724 49.298 -25.745 32.585 0.000000
92911 47.249 -28.720 30.312 0.000000
92943 29.711 -40.976 43.518 0.000000
92949 44.783 -31.360 31.026 0.000000
93042 23.353 -40.020 38.521 0.000000
93098 46.711 -18.186 24.429 0.000000
93141 25.569 -40.679 41.657 0.000000
93191 39.934 -40.709 33.726 0.000000
93243 51.808 -17.171 24.725 0.000000
93264 45.187 -26.537 24.257 0.000000
93320 47.512 -17.527 23.810 0.000000
93328 33.700 -42.225 41.761 0.000000
93401 27.908 -41.229 46.818 0.000000
93413 16.240 -43.951 45.433 0.000000
93449 15.405 -44.278 49.505 0.000000
93704 47.547 -19.595 28.213 0.000000
93713 27.339 -40.389 40.250 0.000000
93746 35.176 -39.032 32.630 0.000000
93855 47.936 -27.333 32.681 0.000000
93907 18.048 -42.983 41.370 0.000000
93950 17.355 -43.567 42.583 0.000000
94000 42.303 -29.232 29.725 0.000000
94155 45.309 -24.354 23.489 0.000000
94182 45.513 -26.673 32.561 0.000000
94275 43.500 -32.683 33.680 0.000000
94312 31.591 -41.525 44.950 0.000000
94377 36.382 -40.186 33.926 0.000000
94448 48.040 -26.611 32.558 0.000000
94452 46.025 -25.444 32.445 0.000000
94573 17.480 -43.328 46.494 0.000000
94618 24.488 -41.590 47.486 0.000000
94630 51.439 -20.640 30.846 0.000000
94656 24.777 -40.034 38.991 0.000000
94689 25.500 -40.569 33.992 0.000000
94702 49.110 -26.582 32.756 0.000000
94799 34.772 -44.575 38.840 0.000000
94812 30.285 -44.415 35.897 0.000000
94864 36.162 -44.178 41.192 0.000000
94930 32.465 -41.013 46.878 0.000000
94952 33.237 -38.475 31.255 0.000000
94988 44.106 -36.574 34.658 0.000000
95002 24.391 -43.318 32.991 0.000000
95060 48.143 -24.178 32.366 0.000000
95063 30.943 -39.286 32.168 0.000000
95089 48.060 -17.288 23.400 0.000000
95157 31.596 -40.371 33.843 0.000000
95298 30.149 -44.323 36.252 0.000000
95327 43.709 -28.772 29.620 0.000000
95371 15.303 -44.627 48.268 0.000000
95458 48.481 -19.593 29.796 0.000000
95519 22.903 -43.976 31.836 0.000000
95741 35.468 -34.844 29.463 0.000000
95792 49.885 -16.398 22.332 0.000000
95836 37.188 -37.702 32.696 0.000000
95840 45.353 -29.600 30.419 0.000000
95881 25.482 -39.148 36.684 0.000000
95905 49.489 -31.938 33.291 0.000000
96061 38.676 -36.100 30.930 0.000000
96196 25.528 -43.518 32.964 0.000000
96223 33.448 -42.974 35.982 0.000000
96241 50.026 -23.352 29.367 0.000000
96255 50.744 -24.632 32.126 0.000000
96310 33.155 -43.947 37.463 0.000000
96316 30.959 -41.220 42.774 0.000000
96386 45.527 -30.530 33.493 0.000000
96395 35.143 -44.757 37.832 0.000000
96597 38.862 -42.992 35.470 0.000000
96707 24.566 -39.316 35.300 0.000000
96794 47.947 -17.278 22.472 0.000000
96799 45.497 -26.044 24.174 0.000000
96868 18.511 -42.805 48.848 0.000000
96876 39.622 -40.084 40.860 0.000000
96891 43.268 -36.988 31.239 0.000000
97135 49.802 -29.626 33.748 0.000000
97183 15.170 -45.695 46.465 0.000000
97265 29.536 -39.552 32.273 0.000000
97302 37.581 -43.066 39.301 0.000000
97342 22.289 -41.573 42.219 0.000000
97357 34.023 -39.136 32.029 0.000000
97381 35.950 -33.766 28.109 0.000000
97391 36.524 -34.249 28.520 0.000000
97441 21.381 -40.490 38.132 0.000000
97490 41.885 -39.875 35.375 0.000000
97597 48.514 -26.892 29.457 0.000000
97616 16.416 -44.180 43.990 0.000000
97644 51.073 -19.353 30.920 0.000000
97752 27.147 -40.703 42.244 0.000000
97978 45.607 -38.812 34.780 0.000000
97982 47.211 -22.168 29.361 0.000000
98009 29.041 -40.510 40.655 0.000000
98153 50.728 -28.275 32.302 0.000000
98189 39.872 -40.904 36.358 0.000000
98284 39.628 -38.494 32.942 0.000000
98297 41.357 -31.638 29.689 0.000000
98315 34.464 -42.925 42.760 0.000000
98395 40.124 -42.846 35.711 0.000000
98400 35.103 -43.272 43.092 0.000000
98515 33.377 -41.528 45.772 0.000000
98559 27.617 -40.023 38.878 0.000000
98593 42.643 -40.060 33.243 0.000000
98607 37.801 -43.721 36.424 0.000000
98624 17.451 -43.192 49.635 0.000000
98743 36.500 -43.981 41.296 0.000000
98774 45.792 -30.059 30.759 0.000000
98785 30.371 -40.183 38.797 0.000000
98849 40.922 -38.698 32.392 0.000000
99004 31.641 -37.646 30.257 0.000000
99159 40.181 -36.626 30.490 0.000000
99171 25.002 -39.682 38.170 0.000000
99213 29.547 -40.969 44.212 0.000000
99274 30.629 -40.801 33.744 0.000000
99275 31.538 -41.848 34.724 0.000000
99311 51.865 -25.867 30.837 0.000000
99448 44.974 -33.416 31.422 0.000000
99500 26.826 -42.888 34.475 0.000000
99687 50.194 -16.492 23.232 0.000000
99834 47.761 -34.640 34.841 0.000000
99889 18.915 -43.023 46.319 0.000000
99911 29.809 -40.008 37.948 0.000000
100089 32.370 -42.018 44.415 0.000000
100334 37.836 -42.032 42.476 0.000000
100351 51.500 -22.366 30.330 0.000000
100420 33.405 -34.283 28.658 0.000000
100465 14.233 -45.323 50.178 0.000000
100469 40.789 -37.600 31.495 0.000000
100484 45.974 -20.682 27.773 0.000000
100509 50.340 -16.203 28.767 0.000000
100613 48.027 -22.626 29.526 0.000000
100637 38.452 -35.086 24.957 0.000000
100646 29.433 -41.279 45.512 0.000000
100660 39.692 -33.402 26.337 0.000000
100802 52.749 -17.190 24.575 0.000000
100851 45.547 -29.843 33.356 0.000000
100900 21.947 -41.180 36.117 0.000000
100912 24.427 -43.378 31.702 0.000000
100942 42.072 -28.536 29.296 0.000000
100992 40.031 -37.842 35.120 0.000000
100999 35.594 -41.449 34.736 0.000000
101026 31.182 -44.160 36.753 0.000000
101127 49.593 -17.771 25.723 0.000000
101186 50.195 -30.845 33.845 0.000000
101254 28.222 -40.801 47.407 0.000000
101334 38.392 -34.861 27.393 0.000000
101574 40.167 -35.521 25.967 0.000000
101612 25.851 -39.566 37.958 0.000000
101638 28.087 -43.920 34.470 0.000000
101643 41.828 -33.972 29.746 0.000000
101672 50.036 -28.701 31.554 0.000000
101698 25.301 -41.212 43.240 0.000000
101707 22.982 -40.585 40.075 0.000000
101741 49.182 -25.234 28.171 0.000000
101938 25.229 -39.132 35.823 0.000000
101954 15.085 -44.805 49.000 0.000000
101976 27.528 -39.858 31.737 0.000000
101988 28.161 -40.348 40.198 0.000000
101991 34.530 -36.959 31.025 0.000000
102049 23.615 -39.987 34.731 0.000000
102069 43.704 -34.943 33.880 0.000000
102214 18.305 -43.155 46.595 0.000000
102216 47.123 -19.946 28.164 0.000000
102222 49.725 -31.429 32.929 0.000000
102263 47.853 -32.966 32.478 0.000000
102491 23.293 -41.594 42.724 0.000000
102508 41.009 -36.405 28.654 0.000000
102540 24.652 -41.451 43.399 0.000000
102544 39.932 -43.023 36.296 0.000000
102657 20.701 -42.572 47.256 0.000000
102720 43.659 -33.435 30.797 0.000000
102809 38.361 -40.889 34.416 0.000000
102839 32.077 -41.250 40.603 0.000000
102842 42.863 -41.206 34.938 0.000000
102891 19.473 -42.933 47.441 0.000000
102907 21.452 -41.789 47.967 0.000000
102945 21.844 -40.845 40.320 0.000000
103001 39.200 -35.423 26.702 0.000000
103070 25.977 -41.792 31.835 0.000000
103091 44.921 -26.666 23.898 0.000000
103182 45.801 -25.148 26.188 0.000000
103321 46.551 -30.505 31.165 0.000000
103380 36.753 -38.314 33.018 0.000000
103408 37.220 -44.018 36.939 0.000000
103423 36.164 -34.603 29.130 0.000000
103467 30.245 -39.248 31.960 0.000000
103470 46.057 -38.057 33.798 0.000000
103579 24.847 -41.956 45.915 0.000000
103587 48.523 -25.092 32.343 0.000000
103626 50.754 -17.422 25.490 0.000000
103679 50.766 -28.603 32.880 0.000000
103694 35.041 -41.075 34.266 0.000000
103778 48.753 -26.104 28.330 0.000000
103912 24.703 -41.786 44.612 0.000000
103915 20.198 -42.317 45.013 0.000000
104117 43.313 -34.470 30.817 0.000000
104149 31.524 -39.097 31.675 0.000000
104201 24.303 -41.287 47.967 0.000000
104279 34.362 -37.549 31.307 0.000000
104304 42.573 -29.813 30.051 0.000000
104401 20.472 -41.324 40.285 0.000000
104733 49.134 -18.351 29.532 0.000000
104820 43.805 -36.523 31.456 0.000000
104891 34.714 -41.622 45.019 0.000000
104974 34.458 -43.016 40.573 0.000000
105019 44.695 -30.678 33.492 0.000000
105143 39.440 -42.700 35.326 0.000000
105404 36.175 -42.073 35.146 0.000000
105444 48.049 -20.960 29.941 0.000000
105499 44.358 -26.932 25.488 0.000000
105643 40.939 -35.227 28.345 0.000000
105744 45.364 -28.242 29.369 0.000000
105786 50.555 -17.207 26.521 0.000000
105850 30.460 -40.355 39.703 0.000000
106048 49.305 -23.094 29.506 0.000000
106120 50.701 -27.902 32.899 0.000000
106138 40.108 -34.307 25.785 0.000000
106289 49.021 -17.648 27.854 0.000000
106386 44.848 -26.997 24.982 0.000000
106476 40.133 -42.719 36.491 0.000000
106482 43.543 -35.630 34.157 0.000000
106675 50.227 -26.106 29.446 0.000000
106682 25.560 -40.327 40.270 0.000000
106725 43.764 -32.614 30.826 0.000000
106845 39.405 -39.882 39.985 0.000000
106899 45.349 -25.047 25.233 0.000000
107036 51.566 -26.240 31.711 0.000000
107043 44.646 -23.249 26.504 0.000000
107146 46.901 -36.023 35.189 0.000000
107219 45.935 -27.884 29.216 0.000000
107248 52.194 -25.044 31.028 0.000000
107299 37.662 -43.222 40.358 0.000000
107322 47.137 -24.021 28.197 0.000000
107396 47.365 -17.854 21.346 0.000000
107483 48.836 -26.351 29.015 0.000000
107507 39.780 -35.697 26.861 0.000000
107705 42.372 -33.913 30.171 0.000000
107710 41.473 -32.170 29.706 0.000000
107754 18.191 -42.806 45.077 0.000000
108004 36.735 -44.638 39.963 0.000000
108056 44.965 -34.810 32.038 0.000000
108154 28.270 -40.618 41.016 0.000000
108320 31.532 -40.963 38.087 0.000000
108340 29.460 -40.297 40.157 0.000000
108380 40.460 -36.786 35.492 0.000000
108477 24.147 -41.092 48.174 0.000000
108608 49.430 -17.221 24.194 0.000000
108628 32.932 -43.711 36.301 0.000000
108672 28.264 -41.147 46.431 0.000000
108701 26.717 -41.940 34.417 0.000000
108801 30.902 -41.553 45.638 0.000000
108827 41.598 -27.957 28.522 0.000000
108885 20.254 -42.062 42.731 0.000000
109128 30.506 -40.427 47.706 0.000000
