#!ascii label  , from subject OAS1_0001-3 vox2ras=TkReg 
1915
22559 5.043 -50.802 56.632 0.111111
22560 4.607 -51.324 55.909 0.111111
22561 4.642 -50.774 56.068 0.111111
22566 4.074 -51.434 55.402 0.111111
23401 5.480 -50.215 57.098 0.111111
23402 5.387 -49.514 57.155 0.111111
23405 5.047 -50.201 56.678 0.111111
23409 4.243 -50.826 55.486 0.111111
23410 4.802 -50.311 55.916 0.111111
23411 3.839 -51.052 55.187 0.111111
23413 3.853 -50.583 54.726 0.111111
23414 4.831 -50.294 54.734 0.111111
23419 4.238 -50.084 54.226 0.444444
23420 2.683 -50.125 53.626 0.222222
23433 2.181 -49.919 52.214 0.222222
23445 1.910 -50.346 51.178 0.111111
24279 5.272 -49.637 56.458 0.111111
24281 5.403 -49.870 55.240 0.111111
24282 5.710 -49.107 55.904 0.111111
24286 5.668 -49.825 54.191 0.444444
24287 6.211 -49.424 54.393 0.222222
24294 5.288 -49.697 53.673 0.444444
24295 4.273 -49.512 53.833 0.444444
24296 3.413 -49.997 53.990 0.111111
24297 2.575 -49.246 53.741 0.222222
24298 2.063 -49.452 53.115 0.111111
24309 1.976 -49.160 52.178 0.222222
24318 2.291 -49.549 50.678 0.111111
25101 5.435 -48.786 57.009 0.111111
25117 6.715 -48.730 53.988 0.111111
25118 2.585 -48.480 54.035 0.555556
25119 2.559 -47.819 54.405 0.555556
25120 1.965 -47.936 54.048 0.555556
25128 5.932 -49.111 52.918 0.444444
25129 6.627 -48.561 53.072 0.333333
25130 5.109 -49.102 53.249 0.444444
25131 3.310 -49.065 53.924 0.333333
25132 1.707 -47.859 53.298 0.444444
25138 6.217 -48.117 52.537 0.555556
25139 1.823 -48.344 51.663 0.222222
25146 2.489 -48.519 50.739 0.111111
25855 7.056 -47.916 53.579 0.222222
25856 7.195 -46.877 54.397 0.111111
25857 3.457 -48.270 54.087 0.444444
25858 4.059 -47.570 54.025 0.666667
25859 3.213 -47.652 54.561 0.555556
25860 2.553 -47.233 54.921 0.444444
25861 1.940 -47.330 54.528 0.444444
25864 7.511 -47.244 53.068 0.333333
25865 5.534 -48.329 52.792 0.555556
25866 5.013 -47.254 53.114 0.555556
25867 1.609 -47.329 53.930 0.555556
25868 1.359 -46.681 53.758 0.111111
25873 6.903 -47.790 52.631 0.444444
25874 7.259 -47.135 52.112 0.555556
25875 6.444 -47.289 52.121 0.555556
25876 5.783 -47.362 52.392 0.555556
25877 1.385 -47.708 52.314 0.222222
25878 1.110 -46.870 52.317 0.111111
25887 6.717 -46.657 51.577 0.555556
26679 2.682 -46.517 55.296 0.333333
26680 2.828 -45.841 55.646 0.111111
26681 2.131 -45.940 55.491 0.222222
26683 7.860 -46.361 53.623 0.111111
26684 4.410 -46.629 54.093 0.666667
26685 3.485 -47.031 54.830 0.555556
26686 1.826 -46.611 55.013 0.444444
26689 7.973 -46.665 52.530 0.222222
26690 8.423 -45.955 53.065 0.222222
26691 5.496 -46.481 52.415 0.666667
26692 5.068 -46.125 53.256 0.666667
26698 7.657 -46.457 51.518 0.555556
26699 8.502 -46.223 52.076 0.222222
26700 6.026 -46.660 51.868 0.555556
26701 5.811 -45.971 51.836 0.555556
26704 6.952 -45.884 51.113 0.555556
26705 6.319 -46.165 51.545 0.555556
27316 7.573 -45.837 54.698 0.111111
27318 3.770 -46.090 55.047 0.333333
27319 4.357 -45.378 54.956 0.333333
27320 3.549 -45.127 55.566 0.222222
27321 2.510 -45.115 55.781 0.111111
27322 1.889 -45.325 55.409 0.111111
27325 8.282 -45.628 54.039 0.111111
27326 8.593 -44.915 54.404 0.111111
27327 4.728 -45.768 54.214 0.555556
27328 5.256 -45.231 53.462 0.555556
27329 4.988 -45.013 54.434 0.333333
27332 8.996 -45.603 52.593 0.222222
27333 9.389 -44.903 53.020 0.222222
27334 8.834 -45.265 53.506 0.222222
27335 5.500 -45.586 52.552 0.777778
27338 9.018 -45.797 51.725 0.333333
27339 9.534 -45.221 52.151 0.222222
27340 5.865 -45.277 52.010 0.666667
27344 8.706 -45.676 50.962 0.333333
27345 9.489 -45.364 51.268 0.222222
27346 7.826 -45.817 50.873 0.444444
27347 6.801 -45.014 51.081 0.555556
27348 6.291 -45.527 51.508 0.555556
27350 9.038 -45.157 50.368 0.444444
27351 8.182 -45.298 50.506 0.444444
27352 7.492 -45.143 50.685 0.555556
27923 2.469 -44.355 56.002 0.111111
27924 3.114 -44.395 56.041 0.111111
27925 2.804 -43.744 56.184 0.111111
27928 9.000 -44.314 54.821 0.111111
27931 4.558 -44.711 55.247 0.111111
27932 5.227 -44.392 54.756 0.333333
27933 3.948 -44.238 55.773 0.222222
27934 1.859 -44.537 55.590 0.111111
27937 9.259 -44.653 53.917 0.111111
27938 9.700 -44.050 54.316 0.111111
27939 5.452 -44.423 53.838 0.666667
27942 9.972 -44.557 52.564 0.222222
27943 10.276 -43.985 52.966 0.222222
27944 5.838 -44.596 52.719 0.666667
27945 6.621 -43.305 52.546 0.666667
27946 5.947 -43.792 53.441 0.666667
27949 10.092 -44.819 51.689 0.222222
27950 10.678 -44.159 52.213 0.222222
27951 6.293 -44.778 51.776 0.666667
27954 10.008 -44.966 50.729 0.333333
27955 10.532 -44.295 51.190 0.222222
27956 6.736 -44.192 51.379 0.666667
27960 9.669 -44.710 49.905 0.333333
27961 10.375 -44.388 50.214 0.333333
27962 8.027 -44.640 50.037 0.555556
27963 7.568 -43.733 49.760 0.777778
27964 7.167 -44.212 50.562 0.555556
27968 10.084 -44.324 49.476 0.222222
27969 9.249 -44.235 49.135 0.444444
27970 8.318 -44.074 49.351 0.666667
28647 5.289 -43.115 55.122 0.111111
28651 11.186 -43.194 53.875 0.111111
28653 10.455 -43.790 53.826 0.111111
28654 5.600 -43.624 54.450 0.222222
28655 6.129 -42.994 53.786 0.666667
28656 5.763 -42.631 54.597 0.222222
28660 10.853 -43.604 53.026 0.222222
28661 11.383 -42.999 52.896 0.111111
28666 10.956 -43.544 51.620 0.222222
28667 11.420 -42.963 52.027 0.111111
28668 6.885 -43.486 51.846 0.666667
28672 10.861 -43.611 50.655 0.222222
28673 11.348 -42.947 51.130 0.222222
28674 6.935 -43.591 51.100 0.777778
28675 7.125 -43.100 50.434 0.888889
28676 7.055 -42.878 51.430 0.777778
28683 10.724 -43.738 49.602 0.333333
28684 11.415 -43.119 50.150 0.111111
28685 7.396 -42.971 49.611 0.777778
28691 10.693 -43.367 48.715 0.333333
28692 11.328 -43.088 49.249 0.222222
28693 10.010 -43.844 48.843 0.333333
28694 8.569 -43.707 48.741 0.777778
28695 7.910 -43.249 48.995 0.777778
28698 20.503 -42.423 47.884 0.111111
28703 10.643 -42.943 48.022 0.333333
28704 9.932 -43.273 48.173 0.444444
28705 8.485 -43.030 48.183 0.777778
29431 5.411 -42.395 55.395 0.111111
29432 6.008 -41.792 54.956 0.222222
29437 11.978 -42.488 53.556 0.111111
29439 6.203 -41.920 53.962 0.444444
29443 11.983 -42.536 52.526 0.111111
29445 6.559 -42.516 53.077 0.666667
29450 11.996 -42.492 51.609 0.111111
29451 12.664 -42.151 52.153 0.111111
29452 6.994 -42.725 52.256 0.666667
29453 7.230 -42.003 51.832 0.666667
29454 7.024 -41.859 52.639 0.555556
29459 11.953 -42.440 50.659 0.111111
29460 12.709 -41.919 51.163 0.111111
29461 7.193 -42.130 50.893 0.777778
29466 11.916 -42.543 49.703 0.111111
29467 12.493 -41.960 50.144 0.111111
29468 7.354 -42.279 49.992 0.888889
29473 20.335 -41.810 48.860 0.111111
29474 20.482 -41.322 48.906 0.111111
29476 11.779 -42.614 48.818 0.222222
29477 12.424 -42.103 49.189 0.111111
29478 7.637 -42.415 49.214 0.888889
29497 20.857 -41.955 48.359 0.111111
29498 11.418 -42.734 48.007 0.444444
29499 12.294 -42.345 48.126 0.111111
29500 9.886 -42.700 47.516 0.555556
29501 8.869 -42.446 47.671 0.777778
29502 7.996 -42.568 48.582 0.888889
29520 11.676 -42.444 47.322 0.444444
29521 10.746 -42.562 47.267 0.444444
29522 11.172 -42.243 46.742 0.555556
29523 9.485 -42.036 47.198 0.777778
29544 10.365 -41.891 46.691 0.555556
30243 6.377 -41.063 54.546 0.111111
30257 6.648 -41.663 53.273 0.333333
30258 7.004 -41.009 53.039 0.111111
30262 13.289 -41.762 51.903 0.111111
30264 7.329 -41.128 52.240 0.555556
30267 13.163 -41.630 50.455 0.111111
30268 13.659 -41.361 51.182 0.111111
30269 7.579 -41.493 50.434 0.777778
30271 19.844 -41.197 49.518 0.111111
30273 13.139 -41.689 49.597 0.111111
30274 13.901 -41.275 50.087 0.111111
30275 7.744 -41.675 49.588 0.888889
30276 8.298 -41.052 49.238 0.777778
30277 8.025 -41.072 50.032 0.777778
30295 22.967 -40.876 48.380 0.111111
30296 21.902 -40.842 48.726 0.111111
30297 13.063 -41.832 48.609 0.111111
30298 13.799 -41.422 49.013 0.111111
30299 7.970 -41.859 48.765 0.888889
30307 12.966 -41.894 47.657 0.111111
30308 13.700 -41.520 48.041 0.111111
30309 8.502 -41.407 48.317 0.888889
30317 12.708 -41.861 46.747 0.333333
30318 13.517 -41.537 47.098 0.222222
30319 9.305 -41.333 47.296 0.888889
30320 8.841 -41.768 47.622 0.888889
30326 13.135 -41.399 46.074 0.222222
30327 12.034 -41.596 45.876 0.555556
30328 11.140 -41.738 46.166 0.777778
30329 10.455 -41.033 46.091 0.777778
30330 9.785 -41.233 46.774 0.888889
30340 12.453 -40.765 44.716 0.666667
30341 11.709 -40.916 45.223 0.666667
30342 11.165 -41.130 45.662 0.777778
31048 7.620 -40.349 52.772 0.333333
31055 8.714 -39.973 51.554 0.333333
31057 7.902 -40.528 51.871 0.222222
31064 14.325 -40.983 50.842 0.111111
31065 8.735 -40.054 50.693 0.333333
31066 9.351 -39.567 50.990 0.222222
31067 8.084 -40.667 50.843 0.444444
31069 20.691 -41.012 48.990 0.111111
31070 20.288 -41.014 49.247 0.111111
31075 14.479 -40.994 49.298 0.111111
31076 8.484 -40.472 50.035 0.444444
31077 9.248 -39.844 50.049 0.444444
31092 22.459 -40.855 48.420 0.111111
31093 21.303 -40.910 48.717 0.111111
31094 15.054 -40.837 48.723 0.111111
31096 14.380 -41.120 48.407 0.111111
31097 8.876 -40.636 48.638 0.888889
31098 9.392 -40.012 49.095 0.666667
31103 14.975 -40.884 47.884 0.111111
31104 15.702 -40.665 48.253 0.111111
31105 14.241 -41.131 47.512 0.111111
31106 9.051 -40.969 47.841 0.888889
31107 9.465 -40.131 48.056 0.777778
31113 14.788 -40.776 47.012 0.111111
31114 15.571 -40.580 47.368 0.111111
31115 14.024 -41.054 46.608 0.111111
31116 9.531 -40.646 47.284 0.888889
31117 10.073 -40.448 46.694 0.888889
31118 9.955 -40.038 47.362 0.888889
31125 14.597 -40.747 46.106 0.111111
31126 15.353 -40.550 46.481 0.111111
31127 13.801 -40.966 45.666 0.222222
31128 10.491 -40.234 46.155 0.888889
31132 14.470 -40.719 45.074 0.444444
31133 13.460 -40.854 44.764 0.555556
31134 11.567 -40.153 44.827 0.777778
31135 10.947 -40.361 45.503 0.777778
31140 14.781 -40.345 44.269 0.555556
31141 13.904 -40.511 44.157 0.666667
31142 12.989 -40.379 44.111 0.666667
31143 12.183 -39.926 44.332 0.777778
31792 9.903 -39.413 49.664 0.333333
31793 10.391 -38.868 50.146 0.222222
31805 22.798 -40.208 48.348 0.111111
31806 22.111 -40.205 48.447 0.111111
31807 21.207 -40.214 48.633 0.111111
31808 20.457 -40.399 48.836 0.111111
31812 16.384 -40.441 48.711 0.111111
31813 9.950 -39.504 48.737 0.777778
31814 10.449 -38.951 49.277 0.666667
31826 22.610 -39.984 48.180 0.111111
31827 22.884 -39.480 47.738 0.111111
31828 20.942 -39.969 48.242 0.111111
31833 16.449 -40.407 47.757 0.111111
31834 10.809 -38.880 47.762 0.888889
31835 11.033 -38.391 48.710 0.555556
31836 10.137 -39.477 47.849 0.888889
31843 22.247 -39.568 47.692 0.111111
31844 21.403 -39.551 47.445 0.111111
31848 17.862 -40.096 47.148 0.111111
31849 17.010 -40.212 46.959 0.111111
31850 16.165 -40.404 46.743 0.111111
31851 10.548 -39.577 46.858 0.888889
31852 11.218 -38.750 46.929 0.888889
31858 19.651 -39.720 46.023 0.111111
31859 18.885 -40.001 45.827 0.111111
31860 18.124 -40.239 45.670 0.111111
31861 17.360 -40.348 45.440 0.111111
31862 15.890 -40.513 45.836 0.111111
31863 10.777 -39.718 45.946 0.888889
31868 18.546 -39.905 45.072 0.222222
31869 19.339 -39.626 45.225 0.111111
31870 17.868 -40.065 45.020 0.222222
31871 17.279 -40.074 44.586 0.444444
31872 15.627 -40.204 44.166 0.333333
31873 11.678 -39.415 44.755 0.777778
31877 18.944 -39.488 44.386 0.111111
31878 18.057 -39.783 44.298 0.333333
31879 18.434 -39.436 43.623 0.333333
31880 16.519 -40.006 43.964 0.555556
31881 15.626 -40.010 43.057 0.666667
31882 14.830 -40.129 43.467 0.666667
31883 13.931 -39.623 43.052 0.777778
31884 13.446 -39.997 43.579 0.777778
31885 12.685 -39.538 43.886 0.777778
31890 16.723 -39.857 42.993 0.555556
31891 15.949 -39.547 42.205 0.777778
31892 14.637 -39.788 42.767 0.777778
31893 14.122 -38.959 42.518 0.888889
31894 13.437 -38.484 42.963 0.777778
31895 13.061 -39.050 43.382 0.777778
31901 14.909 -39.380 42.175 0.777778
32557 11.448 -38.045 50.265 0.111111
32561 11.553 -37.877 49.404 0.111111
32563 10.960 -38.445 49.755 0.111111
32570 11.790 -37.669 48.484 0.333333
32571 12.172 -37.212 49.134 0.111111
32585 23.558 -39.270 47.562 0.111111
32586 11.442 -38.137 47.704 0.777778
32597 23.415 -38.965 46.754 0.111111
32598 22.133 -39.134 46.946 0.111111
32599 21.305 -39.260 46.530 0.111111
32600 11.448 -38.603 46.041 0.888889
32601 12.141 -37.348 47.555 0.666667
32607 24.635 -38.668 46.198 0.111111
32609 23.758 -38.695 45.971 0.111111
32610 22.807 -38.884 46.213 0.111111
32611 21.927 -38.997 45.967 0.111111
32612 21.033 -39.033 45.609 0.222222
32613 20.091 -39.191 45.508 0.222222
32614 11.728 -38.698 45.165 0.888889
32615 12.100 -37.855 45.864 0.888889
32622 24.457 -38.372 45.402 0.111111
32623 23.131 -38.639 45.338 0.111111
32624 21.843 -38.792 45.136 0.111111
32625 22.561 -38.518 44.828 0.111111
32626 20.494 -38.874 45.006 0.222222
32627 19.819 -38.971 44.604 0.222222
32628 12.100 -39.018 44.421 0.777778
32629 12.340 -38.205 44.915 0.888889
32637 21.868 -38.329 44.311 0.111111
32638 20.994 -38.347 44.038 0.222222
32639 20.231 -38.578 43.824 0.222222
32640 20.772 -38.245 43.238 0.333333
32641 19.330 -38.984 43.555 0.333333
32642 12.535 -38.542 44.056 0.888889
32643 12.936 -37.984 43.659 0.888889
32644 12.788 -37.680 44.602 0.888889
32649 34.245 -38.403 43.049 0.111111
32651 33.592 -38.555 42.882 0.111111
32654 19.993 -38.555 42.921 0.555556
32655 18.570 -39.146 42.822 0.444444
32656 19.590 -38.336 41.966 0.666667
32657 16.890 -39.402 42.167 0.777778
32658 13.788 -37.991 42.537 0.888889
32663 34.848 -38.420 42.414 0.111111
32664 35.522 -38.003 42.579 0.111111
32665 34.982 -37.793 43.272 0.111111
32666 33.974 -38.758 42.181 0.111111
32667 33.236 -38.697 41.586 0.111111
32668 32.367 -38.626 41.880 0.111111
32670 18.712 -38.797 42.026 0.777778
32671 17.808 -39.043 42.040 0.777778
32672 18.651 -38.406 41.112 0.777778
32673 16.798 -38.754 41.423 0.777778
32674 16.028 -38.865 41.639 0.777778
32675 15.220 -37.921 41.479 0.777778
32676 14.450 -38.197 41.976 0.777778
32682 35.532 -38.446 41.738 0.111111
32683 36.302 -38.146 41.288 0.111111
32684 34.872 -38.883 40.769 0.111111
32685 34.059 -38.788 41.182 0.111111
32686 33.359 -38.553 40.714 0.111111
32687 31.694 -38.191 41.271 0.111111
32688 17.622 -38.612 41.155 0.777778
32689 16.600 -37.991 40.654 0.777778
32690 15.940 -38.259 41.068 0.777778
32694 35.690 -38.706 39.861 0.111111
32695 36.395 -38.357 40.367 0.111111
32696 34.882 -38.764 39.936 0.111111
32697 34.145 -38.679 40.288 0.111111
32698 33.402 -38.439 39.849 0.111111
32699 32.679 -38.217 40.281 0.111111
32705 35.855 -38.684 38.996 0.111111
32706 36.427 -38.425 39.489 0.111111
32707 35.094 -38.696 39.148 0.111111
32708 34.166 -38.668 39.284 0.111111
32709 33.317 -38.502 39.060 0.111111
32710 32.668 -38.183 39.449 0.111111
32716 35.979 -38.516 38.267 0.111111
32717 36.679 -38.104 38.270 0.111111
32718 35.374 -38.662 38.467 0.111111
32719 34.626 -38.710 38.376 0.111111
32720 33.713 -38.569 38.384 0.111111
32724 36.206 -38.210 37.587 0.111111
32725 35.278 -38.526 37.660 0.111111
33366 12.560 -36.674 49.805 0.111111
33369 12.770 -36.462 48.798 0.111111
33370 13.224 -35.960 49.571 0.111111
33377 12.716 -36.580 47.866 0.222222
33378 13.489 -35.813 48.728 0.222222
33388 12.719 -36.692 46.965 0.555556
33389 13.240 -36.026 47.370 0.333333
33403 12.622 -37.499 45.340 0.888889
33404 13.349 -36.154 46.347 0.666667
33416 25.912 -37.979 44.855 0.111111
33418 24.218 -38.168 44.641 0.111111
33419 23.352 -38.256 44.549 0.111111
33420 13.700 -36.252 44.471 0.888889
33421 13.768 -35.826 45.539 0.888889
33438 26.278 -37.334 44.186 0.111111
33439 24.774 -37.900 44.044 0.222222
33440 25.452 -37.507 43.500 0.222222
33441 23.946 -37.939 43.891 0.222222
33442 23.130 -37.929 43.763 0.222222
33443 22.354 -37.977 43.646 0.333333
33444 21.554 -38.074 43.492 0.333333
33445 14.032 -36.229 43.454 0.888889
33457 24.526 -37.700 43.230 0.222222
33458 23.660 -37.770 43.087 0.222222
33459 22.847 -37.825 43.029 0.333333
33460 23.246 -37.620 42.325 0.444444
33461 22.094 -37.908 42.906 0.555556
33462 21.323 -37.985 42.684 0.555556
33463 20.510 -38.091 42.378 0.555556
33464 14.119 -37.130 42.624 0.888889
33465 14.629 -36.955 42.063 0.888889
33466 14.465 -36.252 42.787 0.888889
33474 31.019 -38.073 41.673 0.111111
33475 30.244 -37.699 41.630 0.111111
33478 22.554 -37.762 42.406 0.555556
33479 21.918 -37.824 42.129 0.555556
33480 22.606 -37.536 41.633 0.555556
33481 21.127 -37.840 41.859 0.555556
33482 20.274 -37.822 41.452 0.777778
33483 19.497 -38.000 41.183 0.777778
33484 15.117 -36.791 41.688 0.888889
33489 36.959 -37.694 40.834 0.111111
33491 30.894 -37.724 41.029 0.111111
33492 30.155 -37.351 40.715 0.111111
33493 29.427 -37.238 41.171 0.111111
33494 21.707 -37.567 41.334 0.555556
33495 20.972 -37.569 41.159 0.777778
33496 21.315 -37.316 40.402 0.777778
33497 19.818 -37.734 40.779 0.777778
33498 19.147 -37.901 40.491 0.777778
33499 17.691 -38.052 40.510 0.777778
33500 16.997 -37.312 40.153 0.777778
33501 16.225 -36.804 40.621 0.777778
33502 15.661 -37.209 41.054 0.888889
33507 37.014 -37.884 39.899 0.111111
33509 32.009 -37.865 39.933 0.111111
33510 31.147 -37.590 39.622 0.111111
33511 30.210 -37.118 39.820 0.111111
33512 29.446 -36.942 40.355 0.111111
33513 20.434 -37.517 40.621 0.777778
33514 19.724 -37.515 40.084 0.777778
33515 18.780 -37.423 39.648 0.777778
33516 17.870 -37.515 39.922 0.777778
33517 17.351 -36.696 39.759 0.777778
33521 36.964 -38.001 39.022 0.111111
33523 32.752 -38.091 38.538 0.111111
33524 31.947 -37.848 39.101 0.111111
33525 31.314 -37.431 38.743 0.111111
33526 30.659 -37.172 39.093 0.111111
33527 18.359 -36.716 39.141 0.777778
33528 17.979 -37.020 39.456 0.777778
33532 37.377 -37.460 38.346 0.111111
33533 34.223 -38.477 37.576 0.222222
33534 33.278 -38.066 37.640 0.111111
33535 32.367 -37.660 37.744 0.111111
33536 31.548 -37.288 37.964 0.111111
33537 30.672 -36.989 38.285 0.333333
33541 37.383 -37.165 37.313 0.111111
33542 35.752 -38.030 36.899 0.111111
33543 36.581 -37.703 37.008 0.111111
33544 34.799 -38.105 36.851 0.111111
33545 33.801 -37.931 36.855 0.222222
33546 32.760 -37.595 36.815 0.222222
33547 31.839 -37.246 37.136 0.111111
33553 36.216 -37.551 36.419 0.222222
33554 35.418 -37.485 36.197 0.333333
33555 34.375 -37.505 36.225 0.444444
33556 33.439 -37.382 36.186 0.555556
34213 15.031 -34.954 51.789 0.111111
34214 14.396 -35.673 51.875 0.111111
34227 15.335 -34.797 51.104 0.111111
34228 14.628 -35.355 50.913 0.111111
34241 15.229 -34.692 50.424 0.111111
34242 15.938 -34.349 50.015 0.111111
34243 13.870 -35.647 50.246 0.111111
34249 15.140 -34.490 49.503 0.111111
34250 14.487 -34.901 48.970 0.111111
34251 13.924 -35.498 49.316 0.111111
34253 14.155 -35.031 47.540 0.222222
34254 15.102 -34.498 48.567 0.222222
34255 13.735 -35.504 47.947 0.222222
34257 14.156 -34.906 46.764 0.555556
34258 14.941 -34.502 47.574 0.222222
34259 13.762 -35.558 47.049 0.444444
34263 14.172 -35.101 45.847 0.777778
34264 14.676 -34.502 46.267 0.222222
34265 13.819 -35.455 46.303 0.555556
34270 14.811 -35.038 44.486 0.777778
34271 15.075 -34.541 45.248 0.666667
34282 26.257 -37.133 43.367 0.111111
34283 15.116 -35.007 43.583 0.888889
34284 15.581 -34.589 44.256 0.666667
34285 14.594 -35.533 43.507 0.888889
34296 27.418 -36.988 42.461 0.111111
34297 26.303 -37.058 42.570 0.111111
34298 25.075 -37.252 42.673 0.222222
34299 24.194 -37.418 42.329 0.333333
34300 15.031 -35.752 42.540 0.888889
34301 15.618 -34.861 43.157 0.888889
34306 28.626 -37.039 41.677 0.111111
34307 27.772 -36.801 41.754 0.222222
34308 27.126 -36.739 41.767 0.111111
34309 24.889 -37.109 41.953 0.333333
34310 24.368 -37.023 41.590 0.444444
34311 23.555 -37.241 41.486 0.444444
34312 15.432 -36.175 41.741 0.888889
34320 28.693 -36.898 40.719 0.111111
34321 27.960 -36.692 40.993 0.222222
34322 27.332 -36.538 41.172 0.222222
34323 26.812 -36.530 41.317 0.222222
34324 26.124 -36.487 41.146 0.333333
34325 25.607 -36.401 40.450 0.444444
34326 24.177 -36.846 40.869 0.555556
34327 23.387 -36.993 40.591 0.555556
34328 22.252 -37.319 40.759 0.555556
34329 16.178 -35.788 40.854 0.888889
34335 28.794 -36.682 40.063 0.111111
34336 28.139 -36.538 40.189 0.222222
34337 27.468 -36.427 40.409 0.222222
34338 24.782 -36.503 40.263 0.444444
34339 23.906 -36.707 39.947 0.666667
34340 24.488 -36.305 39.331 0.555556
34341 23.043 -36.867 39.745 0.666667
34342 22.130 -37.022 39.780 0.666667
34343 21.189 -36.983 39.316 0.777778
34344 19.623 -37.042 39.323 0.777778
34345 17.234 -35.671 39.863 0.888889
34346 16.723 -36.260 40.273 0.888889
34351 29.915 -36.909 38.944 0.111111
34352 29.037 -36.574 38.757 0.111111
34353 23.481 -36.432 38.876 0.666667
34354 21.785 -36.799 38.880 0.666667
34355 21.898 -36.463 38.100 0.777778
34356 20.251 -36.707 38.756 0.777778
34357 19.490 -36.575 38.734 0.777778
34358 18.942 -36.713 38.936 0.777778
34359 18.462 -36.004 38.766 0.888889
34360 17.801 -36.198 39.288 0.777778
34368 31.042 -36.930 37.424 0.444444
34369 30.349 -36.737 37.614 0.222222
34370 29.786 -36.349 37.318 0.444444
34371 21.185 -35.952 37.591 0.888889
34372 19.598 -36.185 38.240 0.888889
34373 19.093 -36.222 38.568 0.888889
34380 36.943 -36.992 36.449 0.111111
34382 32.062 -37.033 36.324 0.777778
34383 31.269 -36.818 36.602 0.333333
34384 30.496 -36.611 36.911 0.555556
34389 36.821 -36.468 35.860 0.333333
34390 37.572 -36.190 36.093 0.222222
34391 36.220 -37.003 35.941 0.222222
34392 34.849 -36.943 35.680 0.666667
34393 33.987 -36.985 35.574 0.666667
34394 33.115 -36.926 35.463 0.777778
34395 32.271 -36.852 35.504 0.888889
34396 31.473 -36.648 35.737 0.888889
34397 30.678 -36.430 36.065 0.666667
34398 29.931 -36.159 36.436 0.555556
34407 37.088 -35.832 35.513 0.444444
34408 36.187 -36.264 35.361 0.555556
34409 35.255 -36.463 35.124 0.666667
34410 33.694 -36.547 34.692 0.666667
34411 34.626 -36.131 34.573 0.666667
34412 32.659 -36.511 34.720 0.777778
34413 31.742 -36.361 34.878 0.888889
34414 30.893 -36.132 35.196 0.888889
34428 33.072 -35.969 34.044 0.777778
34429 32.148 -35.897 34.111 0.888889
35046 15.797 -34.129 49.095 0.111111
35058 15.807 -34.145 48.306 0.111111
35066 16.027 -33.865 47.055 0.111111
35070 15.864 -33.714 46.074 0.111111
35072 15.277 -34.041 46.135 0.111111
35074 15.710 -34.116 45.189 0.111111
35075 16.604 -33.573 45.480 0.111111
35080 16.196 -34.310 43.615 0.555556
35081 16.756 -33.778 43.886 0.222222
35091 16.204 -34.558 42.734 0.777778
35092 16.845 -33.930 43.191 0.333333
35100 16.177 -34.898 41.619 0.888889
35101 16.859 -34.047 42.332 0.666667
35106 26.863 -36.378 40.723 0.333333
35107 26.318 -36.340 40.276 0.444444
35108 17.465 -34.616 40.363 0.777778
35109 17.020 -34.198 41.333 0.777778
35110 16.667 -35.170 40.659 0.888889
35117 27.652 -36.205 39.506 0.111111
35118 26.245 -36.142 39.564 0.444444
35119 25.451 -36.197 39.617 0.444444
35126 28.392 -36.460 39.409 0.111111
35127 27.570 -35.818 38.733 0.444444
35128 26.961 -35.564 38.555 0.444444
35129 25.937 -35.790 38.911 0.444444
35130 25.059 -35.792 38.778 0.444444
35131 24.199 -35.927 38.436 0.666667
35132 22.698 -36.282 37.932 0.666667
35133 18.684 -35.219 38.821 0.888889
35144 28.939 -36.078 37.871 0.444444
35145 28.030 -35.657 37.997 0.555556
35146 27.308 -35.394 37.975 0.444444
35147 26.635 -35.124 37.797 0.444444
35148 26.327 -35.384 38.352 0.555556
35149 25.528 -35.318 38.165 0.666667
35150 24.674 -35.368 37.966 0.666667
35151 22.736 -35.573 37.182 0.777778
35152 23.425 -35.110 37.193 0.666667
35153 21.975 -35.850 37.326 0.777778
35154 20.473 -35.172 37.524 0.888889
35155 19.694 -35.367 37.970 0.888889
35156 19.103 -35.640 38.426 0.888889
35161 38.100 -36.015 36.637 0.111111
35163 28.625 -35.346 36.301 0.888889
35164 27.737 -35.162 37.325 0.666667
35165 22.676 -34.605 36.936 0.888889
35166 22.072 -35.080 36.980 0.888889
35167 21.337 -35.088 37.165 0.888889
35171 38.199 -35.528 36.104 0.333333
35172 38.737 -34.921 36.257 0.222222
35173 30.083 -35.959 35.546 0.888889
35174 29.318 -35.734 35.897 0.777778
35175 28.869 -35.027 35.429 0.888889
35179 36.620 -35.444 34.879 0.555556
35180 37.474 -35.149 35.139 0.555556
35181 35.613 -35.715 34.573 0.666667
35182 30.284 -35.579 34.746 0.888889
35183 29.831 -34.989 34.517 0.888889
35184 29.581 -35.361 35.107 0.888889
35205 37.096 -34.769 34.429 0.555556
35206 36.217 -34.984 34.174 0.555556
35207 34.752 -35.446 34.021 0.777778
35208 35.759 -34.576 33.412 0.666667
35209 33.961 -35.796 34.064 0.888889
35210 32.594 -35.329 33.516 0.888889
35211 31.745 -35.185 33.588 0.888889
35212 31.157 -35.611 34.293 0.888889
35213 30.396 -34.950 34.137 0.888889
35219 34.772 -34.756 33.353 0.888889
35220 33.855 -34.674 33.181 0.888889
35221 33.030 -34.709 33.101 0.888889
35222 32.191 -34.574 33.096 0.888889
35223 31.014 -34.782 33.708 0.888889
35913 20.329 -32.537 44.858 0.111111
35914 18.539 -32.755 43.951 0.111111
35915 19.507 -32.257 44.054 0.111111
35916 17.555 -33.304 43.735 0.222222
35921 18.297 -33.057 42.584 0.333333
35922 18.838 -32.543 43.214 0.222222
35923 17.568 -33.506 42.867 0.333333
35930 18.559 -33.179 41.783 0.666667
35931 19.101 -32.604 42.411 0.222222
35932 17.659 -33.529 41.999 0.777778
35939 17.957 -33.756 41.092 0.777778
35940 18.846 -33.329 40.921 0.666667
35945 18.745 -34.445 39.256 0.777778
35946 19.153 -33.601 40.006 0.555556
35955 19.948 -34.280 38.111 0.777778
35956 19.445 -33.951 39.036 0.777778
35957 19.227 -34.812 38.529 0.777778
35962 27.086 -34.810 37.271 0.888889
35963 26.387 -34.368 37.123 0.777778
35964 24.986 -34.724 37.482 0.666667
35965 24.151 -34.819 37.321 0.666667
35966 20.830 -34.191 37.468 0.888889
35973 27.542 -34.596 36.624 0.888889
35974 26.930 -33.994 36.619 0.888889
35975 26.203 -33.360 36.534 0.888889
35976 25.766 -33.898 37.063 0.666667
35977 25.038 -33.758 37.135 0.777778
35978 23.503 -34.133 36.952 0.777778
35979 22.672 -33.671 36.979 0.888889
35980 21.798 -34.122 37.044 0.888889
35987 38.987 -34.247 35.863 0.222222
35988 28.096 -34.587 35.820 0.888889
35989 27.425 -33.868 35.899 0.888889
35993 38.285 -34.851 35.555 0.444444
35994 38.592 -33.996 35.160 0.333333
35995 29.198 -34.661 34.624 0.888889
35996 28.510 -34.283 34.881 0.888889
36011 37.895 -34.455 34.765 0.555556
36012 36.696 -34.388 33.664 0.666667
36013 37.500 -34.066 34.046 0.666667
36014 29.762 -34.303 34.055 0.888889
36015 28.884 -33.829 34.221 0.888889
36021 37.165 -33.735 33.283 0.777778
36022 36.145 -33.853 32.894 0.888889
36023 34.374 -34.118 32.700 0.888889
36024 35.226 -34.159 32.818 0.888889
36025 33.477 -34.182 32.753 0.888889
36026 32.718 -34.165 32.750 0.888889
36027 31.645 -33.943 32.925 0.888889
36028 30.944 -34.110 33.274 0.888889
36029 30.454 -34.356 33.712 0.888889
36034 34.673 -33.453 32.299 1.000000
36035 33.878 -33.645 32.524 1.000000
36036 33.166 -33.768 32.612 0.888889
36726 25.085 -31.854 45.235 0.111111
36728 24.586 -31.743 44.564 0.111111
36731 20.532 -31.999 44.061 0.111111
36743 23.356 -31.901 44.278 0.222222
36744 22.764 -31.773 43.931 0.222222
36745 21.443 -31.944 44.057 0.111111
36746 20.760 -31.717 43.100 0.222222
36747 19.721 -32.007 43.163 0.222222
36761 22.322 -31.572 43.204 0.222222
36762 21.442 -31.597 42.636 0.222222
36763 22.017 -31.471 42.229 0.222222
36764 20.632 -31.873 42.083 0.222222
36765 19.925 -32.154 42.304 0.222222
36781 31.553 -31.682 40.749 0.222222
36782 21.236 -31.770 41.691 0.222222
36783 20.522 -32.266 41.211 0.333333
36784 19.713 -32.815 40.809 0.555556
36798 33.562 -32.382 40.128 0.111111
36800 32.411 -31.934 40.181 0.111111
36801 31.959 -31.756 40.386 0.111111
36802 31.573 -31.644 39.948 0.222222
36803 20.628 -32.812 39.442 0.666667
36804 21.141 -32.257 40.567 0.444444
36805 19.894 -33.208 39.804 0.666667
36811 33.604 -32.529 38.806 0.222222
36812 34.272 -32.298 39.125 0.222222
36813 33.151 -32.466 39.470 0.222222
36814 32.494 -32.175 39.480 0.222222
36815 31.916 -31.866 39.529 0.222222
36816 31.495 -31.824 38.726 0.222222
36817 20.604 -33.378 38.292 0.888889
36818 21.209 -32.707 38.617 0.777778
36824 33.303 -32.275 38.013 0.222222
36825 34.112 -32.214 38.299 0.333333
36826 32.725 -32.267 38.592 0.222222
36827 32.003 -32.006 38.685 0.222222
36828 31.566 -31.760 37.942 0.333333
36829 21.339 -33.329 37.713 0.777778
36830 22.074 -33.145 37.347 0.888889
36831 21.766 -32.738 38.064 0.888889
36839 32.945 -31.883 37.268 0.444444
36840 33.663 -31.847 37.530 0.333333
36841 32.397 -31.809 37.126 0.444444
36842 31.674 -31.665 36.903 0.444444
36843 25.451 -33.219 36.821 0.888889
36844 24.789 -32.698 36.832 0.888889
36845 24.103 -33.293 36.937 0.888889
36846 22.846 -32.833 37.213 0.777778
36852 39.451 -33.648 36.259 0.222222
36854 33.161 -31.571 36.746 0.444444
36855 32.560 -31.733 36.464 0.444444
36856 32.839 -31.653 35.731 0.666667
36857 32.049 -31.765 36.433 0.444444
36858 31.762 -31.752 35.739 0.666667
36859 26.855 -33.157 35.931 0.888889
36860 26.361 -32.383 35.923 0.777778
36861 25.589 -32.512 36.424 0.888889
36863 39.163 -33.455 35.550 0.222222
36864 38.806 -33.196 34.850 0.333333
36865 32.308 -31.796 35.750 0.444444
36866 32.051 -31.840 35.482 0.555556
36867 27.920 -33.675 35.058 0.888889
36868 27.635 -32.718 34.774 0.888889
36869 27.007 -32.408 35.285 0.777778
36890 38.220 -33.686 34.429 0.444444
36891 38.471 -32.919 34.146 0.555556
36892 31.062 -33.548 33.209 0.777778
36893 31.465 -32.769 33.553 0.777778
36894 30.725 -32.737 33.759 0.777778
36895 30.258 -33.728 33.605 0.777778
36896 29.718 -32.988 33.863 0.777778
36897 28.919 -33.032 34.030 0.777778
36898 28.306 -33.221 34.426 0.888889
36905 37.895 -33.370 33.683 0.888889
36906 36.852 -33.343 32.688 0.777778
36907 37.570 -33.058 32.945 1.000000
36908 31.664 -33.331 33.033 0.777778
36909 32.064 -32.759 33.320 0.666667
36914 37.022 -32.601 32.259 1.000000
36915 36.116 -33.145 32.298 1.000000
36916 35.361 -32.964 32.043 1.000000
36917 34.731 -32.646 31.941 1.000000
36918 34.153 -33.090 32.307 1.000000
36919 33.410 -33.076 32.514 1.000000
36923 35.321 -32.389 31.716 1.000000
37548 25.541 -31.090 43.473 0.111111
37549 26.419 -30.853 43.347 0.111111
37550 24.744 -31.455 43.813 0.111111
37551 23.995 -31.654 44.009 0.222222
37559 24.587 -30.999 43.144 0.333333
37560 23.735 -31.115 42.873 0.333333
37561 24.316 -30.797 42.338 0.333333
37562 22.893 -31.356 42.611 0.222222
37583 23.438 -31.018 42.045 0.333333
37584 22.588 -31.244 41.695 0.222222
37585 21.821 -31.567 41.222 0.333333
37594 31.154 -31.510 40.380 0.111111
37595 30.550 -31.033 39.912 0.333333
37596 22.671 -31.660 39.659 0.555556
37597 23.147 -30.892 41.020 0.444444
37598 21.905 -31.965 40.126 0.555556
37604 34.669 -31.773 39.657 0.111111
37605 31.211 -31.777 38.737 0.222222
37606 30.758 -31.591 38.408 0.222222
37607 22.686 -31.902 38.586 0.666667
37608 23.382 -31.389 38.882 0.777778
37609 21.935 -32.170 38.896 0.555556
37617 34.610 -31.623 38.805 0.222222
37619 31.159 -31.748 38.155 0.222222
37620 30.769 -31.485 37.614 0.222222
37621 30.218 -31.233 37.869 0.444444
37622 22.390 -32.450 37.908 0.666667
37623 23.194 -31.983 37.726 0.777778
37632 33.803 -31.294 37.187 0.444444
37633 34.203 -30.910 37.328 0.111111
37634 31.268 -31.604 37.303 0.333333
37635 30.838 -31.325 36.632 0.777778
37636 24.290 -31.995 36.825 0.888889
37637 23.680 -32.519 37.042 0.888889
37642 33.414 -31.113 36.396 0.444444
37643 33.265 -31.280 35.531 0.666667
37644 33.464 -30.780 35.633 0.555556
37645 31.118 -31.808 34.814 0.777778
37646 30.569 -31.323 35.258 0.777778
37647 26.613 -31.532 35.367 0.777778
37648 25.825 -31.647 36.035 0.777778
37649 25.046 -31.799 36.512 0.777778
37667 39.356 -32.589 35.267 0.333333
37668 39.394 -31.920 34.788 0.333333
37669 33.050 -31.689 34.716 0.666667
37670 33.663 -31.171 34.624 0.666667
37671 32.338 -31.970 34.890 0.666667
37672 31.678 -32.107 34.574 0.666667
37673 30.174 -32.016 34.102 0.777778
37674 29.742 -31.499 34.416 0.777778
37675 27.380 -31.741 34.784 0.777778
37689 38.996 -32.433 34.534 0.333333
37690 38.772 -32.231 33.904 0.777778
37691 33.340 -31.804 33.748 0.777778
37692 32.528 -32.166 33.902 0.666667
37693 29.191 -32.196 33.952 0.777778
37694 28.290 -32.240 34.282 0.777778
37701 38.278 -32.513 33.346 1.000000
37702 38.357 -31.751 32.743 1.000000
37703 32.822 -32.520 33.097 1.000000
37704 33.598 -32.149 32.870 0.888889
37709 37.844 -32.350 32.657 1.000000
37710 36.075 -32.388 31.789 1.000000
37711 34.462 -31.761 31.785 1.000000
37712 34.103 -32.441 32.302 1.000000
37718 36.957 -31.884 31.641 1.000000
37719 35.557 -31.739 31.301 1.000000
37720 34.945 -32.002 31.516 1.000000
38306 26.722 -30.578 42.481 0.111111
38325 26.995 -30.382 41.538 0.222222
38326 25.693 -30.509 41.067 0.222222
38327 25.000 -30.637 41.662 0.333333
38328 24.054 -30.767 41.425 0.333333
38333 29.741 -30.488 40.361 0.222222
38334 28.732 -30.182 40.654 0.111111
38335 27.628 -30.142 40.767 0.333333
38336 26.476 -30.170 40.731 0.222222
38337 25.488 -30.193 40.224 0.444444
38338 26.127 -29.774 39.732 0.555556
38339 23.834 -30.832 40.603 0.333333
38347 29.727 -30.587 39.449 0.333333
38348 28.776 -30.109 39.029 0.444444
38349 28.206 -29.885 39.971 0.333333
38350 24.764 -30.493 39.528 0.666667
38351 24.226 -30.958 38.663 0.666667
38361 29.704 -30.701 38.419 0.444444
38362 28.788 -30.157 37.874 0.666667
38363 23.951 -31.634 37.179 0.777778
38364 24.465 -30.894 37.516 0.777778
38372 34.402 -30.554 37.517 0.111111
38373 30.230 -31.091 37.003 0.555556
38374 29.589 -30.558 37.361 0.777778
38375 24.625 -31.295 36.766 0.777778
38376 25.318 -31.030 36.312 0.777778
38377 25.003 -30.664 36.825 0.777778
38392 33.651 -30.577 36.615 0.444444
38393 29.713 -30.955 35.151 0.777778
38394 28.785 -30.719 35.069 0.777778
38395 29.494 -30.522 36.136 0.777778
38396 28.502 -30.192 35.738 0.777778
38397 26.060 -30.886 35.800 0.777778
38410 39.699 -31.154 34.839 0.111111
38411 33.371 -30.319 35.830 0.444444
38412 33.505 -30.547 34.975 0.555556
38413 28.950 -31.400 34.363 0.777778
38414 28.154 -31.312 34.537 0.777778
38415 27.676 -30.697 35.017 0.777778
38416 26.818 -30.698 35.378 0.777778
38425 39.280 -31.606 34.093 0.333333
38426 39.581 -30.715 34.037 0.444444
38427 33.891 -31.371 33.565 0.888889
38428 33.929 -30.771 34.197 1.000000
38434 39.266 -30.359 33.300 0.555556
38435 38.850 -31.063 32.947 0.666667
38436 34.047 -31.633 32.601 1.000000
38437 34.131 -31.012 32.212 1.000000
38441 37.744 -31.820 32.107 1.000000
38442 38.393 -31.020 32.097 0.777778
38443 34.465 -30.971 31.406 1.000000
38449 37.617 -31.201 31.524 0.888889
38450 36.826 -31.254 31.195 1.000000
38451 36.110 -31.181 30.913 1.000000
38452 36.595 -30.738 30.848 1.000000
38453 35.430 -31.002 30.863 1.000000
38454 34.903 -31.409 31.218 1.000000
38459 36.001 -30.446 30.505 1.000000
39086 27.153 -29.689 39.962 0.444444
39094 27.735 -29.627 39.088 0.555556
39095 26.707 -29.613 38.924 0.555556
39096 25.757 -29.945 38.679 0.666667
39097 24.948 -30.412 38.545 0.666667
39107 27.927 -29.629 37.299 0.666667
39108 27.263 -29.606 38.048 0.666667
39109 26.233 -29.772 37.775 0.777778
39110 25.286 -30.231 37.589 0.777778
39115 35.006 -30.113 38.494 0.111111
39116 34.530 -30.270 37.645 0.111111
39117 28.748 -29.921 36.722 0.777778
39118 27.571 -29.916 36.047 0.777778
39119 26.563 -30.210 36.051 0.777778
39120 25.783 -30.240 36.611 0.777778
39136 33.775 -30.237 36.739 0.222222
39145 33.368 -30.021 35.967 0.444444
39146 33.294 -30.206 35.287 0.444444
39155 39.672 -29.821 33.936 0.111111
39156 33.468 -30.337 34.597 1.000000
39164 39.312 -29.413 33.213 0.555556
39165 38.852 -30.371 32.630 0.666667
39166 33.939 -30.365 32.888 1.000000
39170 38.368 -29.550 31.705 0.666667
39171 34.165 -30.347 31.797 1.000000
39177 37.536 -29.628 31.039 0.777778
39178 37.246 -30.570 31.095 1.000000
39179 35.212 -30.309 30.716 1.000000
39180 34.590 -30.285 31.087 1.000000
39187 36.755 -30.102 30.601 1.000000
39188 35.595 -29.695 30.418 1.000000
39189 34.735 -29.599 30.629 1.000000
39933 34.635 -29.880 37.809 0.111111
39948 33.870 -29.864 36.952 0.333333
39956 33.393 -29.837 36.075 0.333333
39957 33.206 -29.987 35.298 0.444444
39962 33.095 -29.868 34.565 0.888889
39963 33.143 -29.743 33.513 1.000000
39976 39.271 -28.366 33.287 0.333333
39977 38.973 -28.850 32.778 0.333333
39978 33.178 -29.508 32.345 1.000000
39982 38.606 -28.750 32.125 0.444444
39983 33.782 -29.858 32.081 1.000000
39984 33.424 -29.312 31.265 1.000000
39990 37.996 -28.768 31.425 0.666667
39991 36.773 -29.266 30.601 1.000000
39992 37.282 -28.816 30.953 0.777778
39993 34.091 -29.789 31.195 1.000000
39994 33.966 -29.163 30.685 1.000000
40002 36.078 -29.003 30.364 1.000000
40003 35.285 -28.925 30.341 1.000000
40785 34.585 -29.348 38.135 0.111111
40787 34.252 -28.706 37.955 0.111111
40801 33.926 -29.552 37.143 0.222222
40802 33.538 -28.770 37.036 0.444444
40809 33.072 -29.555 35.419 0.777778
40810 33.021 -28.739 36.030 0.777778
40811 32.771 -29.036 35.121 0.777778
40816 32.704 -29.290 34.251 1.000000
40817 32.266 -28.518 34.638 0.888889
40818 32.050 -28.626 33.605 0.888889
40826 39.029 -27.364 33.233 0.111111
40827 38.813 -28.007 32.667 0.333333
40828 32.595 -29.166 32.975 1.000000
40829 32.030 -28.432 32.479 1.000000
40836 38.190 -27.773 31.956 0.333333
40837 32.670 -28.743 31.603 1.000000
40838 32.115 -28.006 31.641 1.000000
40842 37.438 -28.051 31.191 0.555556
40843 36.656 -28.335 30.642 0.888889
40844 33.380 -28.617 30.817 1.000000
40845 32.792 -27.734 30.957 1.000000
40852 35.787 -28.228 30.352 1.000000
40853 34.937 -28.281 30.359 1.000000
41566 33.174 -27.808 36.836 0.555556
41568 32.729 -26.941 36.520 0.555556
41581 32.544 -28.164 35.430 0.777778
41582 32.715 -27.785 36.139 0.666667
41583 32.209 -27.123 35.709 0.777778
41588 39.712 -27.109 33.720 0.111111
41589 31.620 -27.861 34.042 0.888889
41590 31.458 -26.861 34.471 0.888889
41591 31.078 -27.202 33.360 0.888889
41596 39.096 -26.530 33.235 0.111111
41597 38.034 -26.792 32.183 0.333333
41598 38.580 -26.575 32.717 0.222222
41599 38.022 -26.035 32.268 0.333333
41600 31.431 -27.964 33.003 0.888889
41601 31.061 -27.344 32.336 1.000000
41613 37.423 -27.169 31.583 0.444444
41614 37.334 -26.357 31.765 0.333333
41615 36.720 -26.791 31.198 0.555556
41616 31.727 -27.289 31.513 1.000000
41619 36.219 -27.487 30.639 1.000000
41620 35.835 -26.575 30.852 1.000000
41621 35.345 -27.514 30.510 1.000000
41622 34.749 -26.832 30.687 1.000000
41623 33.795 -27.209 30.571 1.000000
41624 33.204 -26.858 30.678 1.000000
41625 32.454 -26.901 30.998 1.000000
42314 33.723 -25.987 37.049 0.222222
42315 33.068 -26.073 36.589 0.222222
42316 32.330 -26.183 36.052 0.666667
42331 31.822 -26.346 35.278 0.777778
42339 31.406 -25.748 34.631 0.888889
42340 31.003 -26.187 33.652 0.888889
42346 38.653 -25.923 32.799 0.222222
42347 30.790 -25.569 32.818 1.000000
42356 37.346 -25.864 31.705 0.333333
42357 36.673 -26.140 31.279 0.777778
42358 31.037 -26.585 31.762 1.000000
42360 36.002 -26.198 30.867 0.888889
42361 35.216 -26.071 30.726 1.000000
42362 34.082 -26.367 30.416 1.000000
42363 32.899 -26.307 30.598 1.000000
42364 31.795 -26.322 31.105 1.000000
43129 35.194 -25.452 38.933 0.111111
43135 34.753 -24.907 38.272 0.111111
43136 34.190 -25.332 37.528 0.111111
43147 33.536 -25.267 36.702 0.111111
43148 32.779 -25.285 36.097 0.222222
43159 32.035 -25.429 35.409 0.333333
43166 31.738 -24.775 34.653 0.444444
43167 31.137 -25.143 33.777 1.000000
43171 38.433 -25.639 32.376 0.333333
43172 38.549 -25.417 32.138 0.222222
43173 30.969 -24.615 32.836 0.777778
43182 37.965 -25.595 31.919 0.333333
43183 37.471 -25.613 31.450 0.444444
43184 36.772 -25.692 31.047 0.777778
43185 30.775 -25.123 32.002 1.000000
43189 35.834 -25.595 30.644 1.000000
43190 34.866 -25.664 30.399 1.000000
43191 35.433 -25.320 30.370 0.888889
43192 33.611 -25.787 30.176 1.000000
43193 32.373 -25.764 30.547 1.000000
43194 31.545 -25.567 30.917 1.000000
43195 31.106 -24.808 31.115 1.000000
43199 34.484 -25.412 30.077 1.000000
43200 32.719 -25.307 30.054 1.000000
43201 31.803 -25.100 30.423 1.000000
43846 35.418 -24.354 38.751 0.111111
43868 33.356 -24.444 36.204 0.222222
43869 33.837 -23.739 36.480 0.222222
43879 33.398 -23.508 35.651 0.333333
43880 32.594 -24.393 35.370 0.333333
43881 32.775 -23.450 34.832 0.444444
43889 32.140 -23.988 34.596 0.333333
43893 31.576 -24.122 33.774 0.555556
43894 31.365 -23.732 32.810 0.555556
43901 39.221 -24.945 32.212 0.111111
43902 37.863 -25.328 31.416 0.333333
43903 38.631 -25.117 31.659 0.222222
43904 37.231 -25.414 31.039 0.666667
43905 31.081 -24.129 31.824 1.000000
43909 38.185 -24.994 31.125 0.222222
43910 37.331 -25.122 30.821 0.444444
43911 37.869 -24.756 30.546 0.333333
43912 36.433 -25.338 30.632 0.666667
43913 31.165 -23.995 31.004 1.000000
43920 37.059 -24.827 30.154 0.333333
43921 36.239 -24.887 29.775 0.666667
43922 34.881 -25.016 29.951 1.000000
43923 33.959 -25.094 29.521 1.000000
43924 32.787 -24.137 29.398 1.000000
43925 32.045 -23.810 29.972 1.000000
43926 31.544 -24.287 30.461 1.000000
43934 39.965 -24.325 28.634 0.333333
43935 39.782 -24.251 29.494 0.222222
43936 39.360 -24.457 28.879 0.333333
43937 38.940 -24.348 29.476 0.222222
43938 37.898 -24.665 28.671 0.555556
43939 38.402 -24.373 30.076 0.333333
43940 36.964 -24.807 28.959 0.555556
43941 35.981 -24.816 28.798 0.777778
43942 34.444 -24.796 28.923 1.000000
43943 33.567 -24.519 29.072 1.000000
43944 33.361 -23.712 28.855 1.000000
43957 39.196 -24.313 28.191 0.444444
43958 39.840 -23.912 27.857 0.444444
43959 37.452 -24.615 27.975 0.555556
43960 36.551 -24.536 28.118 0.666667
43961 35.671 -24.339 28.148 0.888889
43962 34.753 -24.170 28.155 0.888889
43963 33.986 -24.194 28.537 1.000000
43968 38.837 -23.791 27.490 0.555556
43969 37.846 -24.005 27.529 0.555556
43970 37.030 -24.030 27.597 0.555556
44589 34.278 -23.126 36.801 0.111111
44597 34.423 -22.510 36.287 0.111111
44598 33.872 -22.600 35.679 0.222222
44607 33.335 -22.713 35.004 0.444444
44608 32.244 -23.393 34.086 0.444444
44609 32.761 -22.693 34.306 0.444444
44617 32.225 -22.728 33.548 0.555556
44618 31.827 -23.375 33.417 0.555556
44626 40.216 -23.738 31.782 0.111111
44628 39.495 -24.414 31.636 0.111111
44629 31.824 -22.969 32.783 0.666667
44630 31.519 -23.373 32.097 1.000000
44636 39.395 -24.258 30.961 0.333333
44637 38.676 -24.582 30.751 0.333333
44638 31.440 -23.401 31.328 0.888889
44643 40.706 -23.628 30.051 0.333333
44644 41.615 -23.672 29.416 0.111111
44646 39.924 -23.763 30.458 0.111111
44647 39.148 -24.124 30.251 0.222222
44648 32.072 -23.159 30.256 0.888889
44649 31.605 -23.565 30.632 1.000000
44669 41.915 -23.528 28.701 0.222222
44672 40.654 -24.097 29.179 0.333333
44673 33.336 -22.684 28.872 0.666667
44674 32.670 -23.145 29.520 1.000000
44679 41.918 -23.012 28.123 0.222222
44680 41.286 -23.521 28.116 0.222222
44681 40.613 -23.917 28.326 0.333333
44682 35.438 -23.625 27.800 0.777778
44683 34.842 -23.314 27.884 0.666667
44684 34.645 -22.587 27.873 0.666667
44685 34.090 -23.313 28.254 0.666667
44690 41.213 -22.908 27.602 0.333333
44691 39.698 -23.209 27.303 0.555556
44692 38.805 -22.724 27.195 0.555556
44693 38.006 -23.152 27.246 0.555556
44694 36.623 -23.241 27.417 0.666667
44695 35.325 -22.849 27.651 0.666667
45382 34.478 -21.895 35.771 0.111111
45391 34.458 -21.182 35.186 0.111111
45392 33.215 -21.867 34.492 0.333333
45393 33.819 -21.117 34.524 0.222222
45401 33.239 -21.145 33.807 0.333333
45402 32.176 -22.121 32.857 0.555556
45403 32.822 -21.271 32.866 0.444444
45413 31.902 -22.564 31.871 0.777778
45414 32.285 -21.747 31.132 0.777778
45421 31.823 -22.780 30.869 0.888889
45445 32.411 -22.394 30.261 0.666667
45446 32.935 -22.078 29.622 0.777778
45447 32.735 -21.591 30.366 0.666667
45455 33.396 -21.636 29.053 0.777778
45460 43.116 -22.202 28.465 0.111111
45461 42.430 -22.438 28.089 0.333333
45462 34.488 -21.706 27.948 0.666667
45463 33.952 -22.206 28.370 0.777778
45467 41.824 -22.291 27.653 0.444444
45468 41.052 -22.019 27.333 0.555556
45469 40.380 -22.627 27.257 0.555556
45470 39.559 -22.228 27.010 0.555556
45471 38.005 -22.214 27.078 0.666667
45472 37.154 -22.550 27.208 0.666667
45473 36.072 -22.403 27.406 0.666667
45474 35.149 -22.049 27.542 0.666667
46188 34.476 -20.507 34.413 0.222222
46197 34.683 -20.109 33.466 0.111111
46198 33.483 -20.733 33.130 0.333333
46205 33.554 -20.265 31.707 0.555556
46206 34.042 -20.219 32.729 0.333333
46207 32.787 -21.001 31.849 0.333333
46214 33.512 -20.233 30.773 0.777778
46215 34.104 -19.599 31.189 0.555556
46216 32.921 -20.869 30.946 0.555556
46234 33.287 -21.020 30.011 0.666667
46235 33.874 -19.936 30.142 0.777778
46242 33.968 -21.232 28.658 0.777778
46243 34.090 -20.297 29.205 0.777778
46247 43.201 -21.123 28.205 0.222222
46248 42.427 -21.552 27.730 0.222222
46249 35.086 -20.497 27.658 0.666667
46250 34.493 -20.666 28.300 0.666667
46254 41.806 -20.745 27.309 0.444444
46255 41.000 -21.091 27.104 0.444444
46256 40.265 -21.652 26.938 0.555556
46257 39.418 -21.270 26.742 0.555556
46258 37.935 -21.357 26.785 0.555556
46259 37.149 -20.996 26.828 0.666667
46260 35.713 -21.279 27.354 0.666667
46945 35.446 -19.450 33.374 0.222222
46952 36.323 -18.673 32.876 0.111111
46953 35.581 -19.076 32.465 0.222222
46954 35.992 -18.312 31.966 0.333333
46955 34.916 -19.674 32.592 0.222222
46958 34.597 -19.074 30.763 0.555556
46959 35.538 -18.566 31.144 0.444444
46975 34.336 -19.373 29.821 0.666667
46976 35.079 -18.680 30.344 0.555556
46983 34.430 -19.889 29.033 0.555556
46984 34.694 -19.789 28.304 0.666667
46988 43.204 -20.047 28.237 0.111111
46989 42.562 -20.441 27.688 0.555556
46990 35.292 -19.608 27.535 0.666667
46994 41.904 -19.801 27.307 0.555556
46995 41.061 -20.128 27.074 0.555556
46996 40.131 -20.564 26.710 0.666667
46997 38.580 -20.879 26.618 0.666667
46998 39.500 -19.765 26.335 0.666667
46999 37.763 -20.531 26.442 0.666667
47000 36.882 -20.123 26.514 0.666667
47001 36.474 -19.465 26.647 0.666667
47002 36.107 -19.940 26.917 0.666667
47012 37.585 -19.796 26.187 0.666667
47675 38.862 -17.667 32.575 0.333333
47677 37.698 -17.979 32.481 0.222222
47678 36.848 -18.137 32.402 0.111111
47689 37.490 -17.574 31.923 0.333333
47690 36.796 -17.786 31.860 0.333333
47691 36.246 -18.063 31.336 0.333333
47704 37.549 -17.406 31.566 0.555556
47705 36.773 -17.707 31.284 0.333333
47706 35.938 -18.185 30.769 0.555556
47711 43.834 -19.684 28.818 0.111111
47712 35.456 -18.362 29.881 0.666667
47713 35.501 -18.246 28.879 0.777778
47719 43.262 -19.031 28.299 0.222222
47720 42.617 -19.423 27.722 0.444444
47721 35.434 -18.715 27.816 0.666667
47725 42.028 -18.945 27.214 0.555556
47726 41.277 -19.300 26.900 0.555556
47727 40.416 -19.583 26.626 0.555556
47728 40.685 -18.824 26.392 0.555556
47729 36.417 -18.777 26.688 0.666667
47730 35.941 -19.154 27.091 0.666667
47735 39.816 -18.982 26.170 0.666667
47736 38.868 -19.047 26.013 0.666667
47737 37.836 -19.075 26.024 0.666667
47738 36.984 -19.254 26.307 0.666667
48447 39.428 -17.093 32.325 0.111111
48448 38.936 -17.185 32.126 0.555556
48449 39.200 -16.801 31.775 0.333333
48457 38.739 -16.901 31.642 0.444444
48458 37.272 -17.403 31.012 0.555556
48459 38.168 -16.953 31.191 0.444444
48460 36.268 -17.838 30.613 0.555556
48463 44.007 -18.566 28.884 0.111111
48465 37.347 -16.928 30.375 0.666667
48466 36.438 -17.420 30.233 0.666667
48467 35.818 -17.887 29.848 0.777778
48473 43.388 -18.214 28.276 0.111111
48474 35.912 -17.525 28.979 0.777778
48475 35.657 -17.979 27.956 0.777778
48484 42.716 -18.413 27.673 0.444444
48485 42.085 -18.271 27.068 0.555556
48486 41.480 -18.566 26.692 0.555556
48487 41.736 -17.907 26.500 0.555556
48488 36.238 -18.031 26.900 0.666667
48489 35.930 -18.459 27.266 0.777778
48494 40.921 -18.094 26.161 0.666667
48495 40.130 -18.304 25.870 0.666667
48496 39.178 -18.197 25.929 0.666667
48497 38.136 -18.198 26.030 0.666667
48498 37.067 -18.237 26.327 0.666667
49193 39.915 -16.891 32.450 0.111111
49203 39.769 -16.601 31.833 0.111111
49210 38.858 -16.708 31.333 0.222222
49211 39.048 -16.466 30.933 0.111111
49216 38.334 -16.632 30.749 0.555556
49217 36.461 -16.999 29.575 0.777778
49221 43.787 -16.984 28.097 0.111111
49222 43.294 -17.018 27.340 0.333333
49223 36.034 -17.409 27.679 0.777778
49224 36.446 -16.788 27.543 0.777778
49231 42.542 -17.622 27.043 0.444444
49232 42.018 -17.271 26.202 0.555556
49233 36.661 -17.333 26.841 0.666667
49234 36.955 -16.576 26.940 0.777778
49241 40.376 -17.568 25.677 0.666667
49242 41.210 -17.436 25.899 0.555556
49243 39.706 -17.707 25.676 0.666667
49244 39.027 -17.299 25.721 0.666667
49245 38.244 -16.754 25.958 0.666667
49246 37.491 -17.246 26.244 0.666667
49256 40.657 -16.769 25.439 0.666667
49257 39.758 -17.016 25.495 0.666667
49987 38.506 -16.095 30.325 0.333333
49988 36.892 -16.429 29.239 0.777778
49997 43.916 -16.614 27.585 0.222222
49999 37.308 -15.654 28.692 0.777778
50000 36.267 -16.823 28.491 0.777778
50001 36.744 -16.157 27.948 0.777778
50006 43.682 -16.539 26.727 0.333333
50007 44.508 -16.189 27.357 0.222222
50008 42.805 -16.948 26.471 0.333333
50009 37.168 -15.859 27.157 0.777778
50015 43.117 -16.580 25.757 0.333333
50016 43.568 -16.275 25.110 0.555556
50017 42.246 -16.749 25.652 0.444444
50018 38.218 -15.784 26.030 0.666667
50019 37.552 -16.283 26.403 0.666667
50029 42.610 -16.265 24.904 0.555556
50030 43.286 -15.886 24.562 0.555556
50031 41.495 -16.298 25.096 0.666667
50032 40.543 -15.880 25.130 0.666667
50033 39.763 -16.132 25.391 0.666667
50034 38.957 -16.413 25.584 0.666667
50041 42.678 -15.497 24.374 0.666667
50042 41.885 -15.665 24.611 0.666667
50824 39.445 -15.028 30.108 0.111111
50825 38.054 -15.032 28.729 0.666667
50826 38.968 -14.492 28.867 0.444444
50832 45.743 -15.421 28.045 0.111111
50835 37.539 -15.219 27.618 0.666667
50836 38.315 -14.568 27.728 0.666667
50841 45.922 -15.192 27.209 0.111111
50842 45.236 -15.689 27.303 0.111111
50843 37.622 -15.588 26.703 0.666667
50844 38.126 -15.048 26.763 0.555556
50853 45.105 -15.536 25.699 0.222222
50854 45.694 -15.261 26.230 0.111111
50855 44.401 -15.926 25.587 0.444444
50856 38.560 -15.003 26.034 0.666667
50861 44.826 -15.552 24.943 0.444444
50862 45.579 -15.310 25.244 0.333333
50863 44.026 -15.810 24.644 0.444444
50864 41.133 -15.586 24.803 0.666667
50865 40.528 -15.008 25.023 0.666667
50866 39.765 -15.218 25.387 0.666667
50867 39.011 -15.478 25.631 0.666667
50872 44.454 -15.230 24.080 0.555556
50873 43.453 -15.240 24.105 0.555556
50874 42.749 -14.724 24.059 0.555556
50875 42.105 -15.083 24.324 0.555556
50876 41.370 -14.867 24.631 0.666667
50879 44.510 -14.601 23.384 0.555556
50880 43.752 -14.661 23.633 0.555556
51594 39.796 -14.219 29.451 0.111111
51603 39.686 -13.915 28.298 0.222222
51604 40.293 -13.533 27.757 0.222222
51614 46.461 -14.939 26.541 0.111111
51615 39.543 -13.827 27.218 0.444444
51616 38.855 -14.411 26.746 0.555556
51617 39.599 -14.042 26.313 0.555556
51623 47.896 -14.621 26.507 0.111111
51624 47.175 -14.827 26.005 0.222222
51625 46.350 -14.986 25.575 0.222222
51626 39.977 -14.455 25.638 0.555556
51627 40.758 -14.034 25.304 0.555556
51628 40.211 -13.755 26.032 0.555556
51629 39.184 -14.692 25.825 0.555556
51632 48.700 -14.569 25.132 0.111111
51633 49.389 -14.038 25.442 0.111111
51634 48.007 -14.775 25.589 0.222222
51635 47.168 -14.870 24.924 0.222222
51636 46.094 -15.047 24.490 0.333333
51639 48.441 -14.522 24.259 0.111111
51640 49.194 -14.109 24.503 0.111111
51641 47.634 -14.709 24.098 0.222222
51642 46.803 -14.801 23.909 0.444444
51643 46.023 -14.830 23.502 0.444444
51644 43.206 -14.029 23.664 0.555556
51645 42.560 -14.028 24.136 0.555556
51646 42.049 -14.383 24.375 0.555556
51649 48.825 -14.084 23.602 0.111111
51650 48.011 -14.398 23.456 0.222222
51651 48.279 -13.968 22.802 0.222222
51652 46.705 -14.244 22.669 0.333333
51653 46.023 -14.426 22.778 0.555556
51654 45.312 -14.508 23.116 0.555556
51655 44.543 -13.795 22.933 0.555556
51656 43.907 -14.102 23.309 0.555556
51660 47.481 -14.132 22.729 0.333333
51661 46.130 -13.802 22.257 0.555556
51662 45.428 -13.894 22.582 0.555556
52377 40.906 -13.108 27.291 0.222222
52378 41.493 -12.850 26.867 0.111111
52379 40.164 -13.460 26.770 0.555556
52386 40.860 -13.183 26.218 0.444444
52387 41.655 -12.747 26.090 0.444444
52392 42.088 -13.533 24.630 0.444444
52393 42.504 -12.777 24.722 0.444444
52397 49.733 -13.545 23.766 0.111111
52399 42.762 -13.370 24.120 0.444444
52400 43.218 -13.177 23.727 0.444444
52401 43.004 -12.597 24.205 0.444444
52404 49.815 -13.139 22.830 0.222222
52405 50.440 -12.805 23.456 0.222222
52406 49.107 -13.696 22.833 0.222222
52407 44.297 -12.638 23.035 0.555556
52408 43.742 -13.378 23.326 0.555556
52412 50.102 -12.901 22.030 0.222222
52413 49.297 -13.324 22.048 0.222222
52414 49.459 -12.873 21.306 0.222222
52415 47.697 -13.709 22.109 0.333333
52416 46.909 -13.706 22.133 0.444444
52417 46.348 -13.002 21.818 0.555556
52418 44.953 -13.212 22.581 0.555556
52422 48.582 -13.176 21.372 0.222222
52423 47.724 -12.743 20.978 0.333333
52424 47.200 -13.199 21.559 0.333333
53152 43.620 -11.826 26.542 0.111111
53155 42.136 -12.572 26.905 0.111111
53162 43.654 -11.675 25.590 0.222222
53164 42.959 -12.017 25.932 0.333333
53165 42.347 -12.386 26.088 0.333333
53170 43.430 -11.835 24.459 0.444444
53171 44.073 -11.277 24.996 0.222222
53172 42.855 -12.024 24.975 0.444444
53179 43.556 -12.512 23.659 0.555556
53180 44.144 -11.653 23.828 0.333333
53183 50.940 -12.083 23.089 0.222222
53185 45.052 -12.436 22.578 0.555556
53186 44.715 -11.861 23.122 0.555556
53190 46.322 -12.091 21.687 0.555556
53191 45.701 -12.312 22.134 0.555556
53195 49.522 -12.266 20.622 0.222222
53196 50.332 -12.379 21.361 0.222222
53197 48.617 -12.585 20.722 0.222222
53198 47.415 -11.914 20.774 0.444444
53199 46.942 -12.457 21.299 0.555556
53204 48.659 -11.897 20.210 0.333333
53205 47.987 -12.121 20.485 0.444444
53946 45.439 -10.996 25.394 0.222222
53948 44.723 -11.333 25.615 0.222222
53953 45.570 -10.874 24.441 0.222222
53955 44.794 -11.154 24.682 0.222222
53962 45.594 -10.923 23.525 0.222222
53963 46.292 -10.611 24.060 0.222222
53964 44.952 -11.231 23.689 0.333333
53970 45.332 -11.465 22.794 0.444444
53971 46.115 -10.825 22.888 0.222222
53976 51.176 -11.586 21.585 0.111111
53977 46.482 -11.210 21.987 0.444444
53983 53.879 -11.047 21.514 0.111111
53985 51.240 -11.580 20.731 0.111111
53986 47.280 -11.046 20.775 0.444444
53987 46.865 -11.645 21.263 0.444444
53992 53.906 -10.624 20.151 0.111111
53993 51.917 -11.445 20.184 0.111111
53994 50.800 -11.564 19.937 0.222222
53995 48.707 -11.311 19.812 0.333333
53996 48.428 -10.665 19.768 0.444444
53997 47.959 -11.340 20.233 0.444444
53999 55.661 -10.956 19.232 0.111111
54000 52.735 -11.047 19.814 0.222222
54001 51.478 -11.120 19.421 0.222222
54002 50.306 -11.087 19.307 0.222222
54003 49.263 -10.920 19.429 0.333333
54006 55.665 -11.061 18.279 0.111111
54726 46.987 -10.332 24.671 0.111111
54727 47.618 -9.982 25.241 0.111111
54731 46.834 -10.334 23.619 0.222222
54732 47.452 -9.922 24.221 0.111111
54737 46.802 -10.466 22.550 0.333333
54738 47.354 -9.934 23.159 0.222222
54744 46.966 -10.787 21.594 0.444444
54745 47.292 -10.043 22.084 0.444444
54747 47.316 -10.176 21.065 0.444444
54749 54.688 -10.548 19.988 0.111111
54750 48.308 -9.824 19.920 0.444444
54751 47.767 -10.413 20.324 0.444444
54753 55.145 -10.617 19.723 0.111111
54754 54.333 -10.000 19.311 0.222222
54755 54.076 -10.029 19.513 0.111111
54756 53.286 -10.323 19.430 0.222222
54757 52.158 -10.584 19.036 0.333333
54758 52.706 -9.747 18.807 0.333333
54759 50.981 -10.509 18.736 0.333333
54760 49.898 -10.395 19.049 0.333333
54761 49.607 -9.547 19.012 0.444444
54762 48.992 -10.087 19.366 0.444444
54766 55.002 -10.471 18.814 0.111111
54767 51.902 -9.258 18.317 0.444444
54768 51.029 -9.627 18.393 0.444444
54769 50.340 -9.839 18.693 0.333333
54788 55.064 -9.737 15.990 0.111111
54794 55.722 -10.274 15.099 0.111111
55503 47.931 -9.451 23.689 0.222222
55506 47.857 -9.469 22.658 0.444444
55507 48.389 -8.940 23.182 0.333333
55509 47.784 -9.527 21.574 0.444444
55510 48.352 -8.956 22.171 0.444444
55512 47.891 -9.639 20.628 0.444444
55513 48.299 -8.986 21.123 0.444444
55515 48.455 -9.113 20.234 0.444444
55517 53.915 -9.028 19.055 0.333333
55518 53.695 -9.352 19.189 0.444444
55519 49.516 -8.796 19.125 0.444444
55520 48.901 -9.288 19.516 0.444444
55523 54.171 -8.895 18.806 0.222222
55524 54.200 -8.076 18.617 0.333333
55525 53.111 -8.811 18.640 0.444444
55526 51.911 -8.296 18.162 0.444444
55527 51.152 -8.918 18.280 0.444444
55528 50.298 -9.030 18.554 0.444444
55531 54.724 -9.062 18.074 0.222222
55544 54.839 -8.170 17.451 0.333333
55561 51.147 -8.930 14.341 0.111111
56272 48.962 -8.473 23.650 0.111111
56273 49.450 -7.861 24.081 0.111111
56276 48.888 -8.399 22.703 0.222222
56277 49.474 -7.914 23.141 0.111111
56279 48.842 -8.399 21.712 0.333333
56280 49.466 -7.909 22.230 0.111111
56282 48.826 -8.462 20.685 0.222222
56283 49.409 -7.898 21.255 0.222222
56285 49.043 -8.608 19.804 0.444444
56286 49.475 -8.020 20.221 0.222222
56288 50.081 -8.254 18.862 0.444444
56289 50.522 -7.754 18.682 0.333333
56290 50.131 -7.534 19.574 0.333333
56292 54.560 -7.790 18.329 0.333333
56293 55.229 -6.911 18.265 0.333333
56294 54.676 -7.173 18.320 0.333333
56295 54.252 -7.679 18.504 0.444444
56296 53.204 -7.908 18.397 0.444444
56297 50.845 -8.321 18.388 0.444444
56311 55.594 -7.675 16.074 0.111111
56325 55.767 -8.266 15.272 0.111111
56326 56.447 -8.031 14.426 0.111111
56327 56.194 -7.463 15.381 0.111111
56332 56.895 -7.744 13.583 0.111111
56333 52.236 -8.814 14.231 0.111111
56334 52.829 -7.871 14.188 0.111111
56345 56.763 -8.133 12.678 0.111111
56347 54.049 -8.353 12.884 0.111111
56356 54.831 -7.900 11.990 0.111111
56365 55.527 -8.070 11.522 0.111111
57071 50.015 -7.325 23.531 0.111111
57072 50.503 -6.578 23.918 0.111111
57082 50.076 -7.412 22.650 0.111111
57083 50.623 -6.799 22.996 0.111111
57086 50.004 -7.369 21.788 0.111111
57087 50.678 -6.930 22.197 0.111111
57089 49.901 -7.380 20.787 0.222222
57090 50.485 -6.906 21.339 0.111111
57094 50.650 -7.183 18.811 0.333333
57096 55.731 -6.569 18.198 0.111111
57097 55.173 -6.512 18.477 0.222222
57098 54.642 -6.856 18.385 0.333333
57099 53.436 -7.014 18.025 0.444444
57100 52.184 -7.249 17.912 0.444444
57101 51.242 -7.609 18.253 0.444444
57105 56.023 -7.055 17.702 0.111111
57106 56.476 -6.722 17.076 0.111111
57108 56.183 -7.257 16.666 0.111111
57109 56.295 -6.956 16.011 0.111111
57127 57.165 -7.038 13.665 0.111111
57139 57.024 -7.350 12.676 0.111111
57151 56.405 -7.704 11.889 0.111111
57152 55.585 -7.165 11.549 0.111111
57153 56.013 -7.348 11.406 0.111111
57885 51.137 -6.407 21.761 0.111111
57892 50.797 -6.377 20.738 0.111111
57893 51.554 -5.920 21.268 0.111111
57896 50.626 -6.522 19.476 0.222222
57897 51.064 -5.672 20.016 0.111111
57900 51.196 -6.704 18.259 0.222222
57901 51.220 -5.746 18.730 0.222222
57903 55.788 -5.712 18.319 0.111111
57904 55.281 -5.940 18.654 0.111111
57905 54.823 -6.023 18.544 0.111111
57906 53.744 -6.072 18.055 0.111111
57907 52.296 -6.164 17.816 0.222222
57938 56.969 -6.292 13.765 0.111111
57946 57.092 -6.518 12.655 0.111111
58672 51.819 -5.165 20.656 0.111111
58679 51.679 -5.083 19.438 0.111111
58683 51.984 -5.303 18.442 0.222222
58684 52.489 -4.659 18.875 0.111111
58687 55.742 -4.909 18.079 0.111111
58688 55.356 -5.200 18.599 0.111111
58689 54.923 -5.264 18.638 0.111111
58698 56.250 -5.330 17.493 0.111111
89161 28.442 -35.496 37.208 0.666667
89346 19.263 -32.647 44.846 0.111111
89432 31.405 -37.834 40.456 0.111111
89517 29.274 -36.794 39.574 0.111111
89519 32.653 -21.904 33.717 0.444444
89586 35.374 -24.922 29.475 0.888889
89684 33.928 -24.487 36.938 0.111111
89910 33.831 -21.864 35.165 0.333333
89911 35.104 -21.984 36.306 0.111111
89921 33.914 -23.068 36.199 0.333333
89933 15.639 -34.876 52.582 0.111111
90091 52.879 -5.298 18.064 0.111111
90098 37.398 -21.749 27.022 0.666667
90331 4.884 -43.859 55.393 0.111111
90537 14.518 -35.028 49.922 0.111111
90656 31.959 -27.600 34.925 0.888889
90697 25.236 -30.709 42.575 0.333333
90706 45.017 -15.692 26.447 0.222222
90918 41.406 -13.316 25.337 0.444444
90994 38.915 -24.765 31.269 0.222222
91074 39.931 -24.303 32.250 0.111111
91147 33.931 -20.565 33.712 0.222222
91159 24.064 -31.340 43.451 0.333333
91341 38.646 -15.282 29.773 0.444444
91632 25.520 -31.607 44.388 0.111111
91636 30.742 -37.549 40.317 0.111111
91769 24.023 -30.900 39.722 0.555556
91864 22.178 -31.864 44.038 0.222222
91899 18.397 -40.129 46.452 0.111111
91994 39.221 -20.479 26.508 0.666667
92037 24.695 -30.617 40.621 0.555556
92040 20.118 -42.839 47.320 0.111111
92146 19.185 -39.922 46.617 0.111111
92193 18.128 -33.033 43.243 0.222222
92266 29.040 -30.249 39.919 0.333333
92330 22.449 -31.357 40.719 0.444444
92337 2.054 -48.570 53.520 0.444444
92486 37.701 -16.249 29.927 0.555556
92500 29.487 -33.611 33.966 0.777778
92523 23.461 -35.904 37.820 0.666667
92575 56.558 -6.810 14.860 0.111111
92630 35.781 -25.070 30.276 0.888889
92666 31.319 -31.544 36.160 0.777778
92684 38.178 -17.146 31.617 0.555556
92828 9.181 -43.617 48.362 0.666667
92835 2.057 -49.595 51.554 0.222222
93038 25.062 -36.627 41.230 0.444444
93106 34.747 -38.726 41.574 0.111111
93253 37.704 -24.656 29.671 0.333333
93428 22.461 -38.806 45.473 0.111111
93450 25.840 -34.729 37.546 0.666667
93474 26.012 -30.545 41.872 0.222222
93515 40.547 -23.436 27.637 0.333333
93527 33.307 -20.633 32.466 0.333333
93532 34.727 -19.108 29.383 0.666667
93596 32.580 -38.419 41.073 0.111111
93662 32.720 -37.156 36.076 0.666667
93782 44.369 -16.091 26.507 0.333333
93859 25.490 -37.779 44.268 0.111111
93875 29.773 -36.629 38.136 0.222222
94071 34.482 -36.664 35.070 0.666667
94175 54.985 -8.445 16.190 0.111111
94221 33.384 -29.446 36.241 0.444444
94266 18.170 -32.971 44.683 0.111111
94289 35.612 -36.881 35.624 0.444444
94292 36.396 -38.417 38.800 0.111111
94353 31.969 -32.367 34.041 0.666667
94382 26.500 -36.792 41.818 0.222222
94456 21.115 -36.573 38.367 0.888889
94457 29.188 -35.843 36.852 0.777778
94561 33.438 -35.302 33.548 0.888889
94564 14.424 -34.994 48.193 0.222222
94567 14.594 -34.917 45.371 0.777778
94590 55.621 -6.256 18.420 0.111111
94629 23.819 -31.390 37.929 0.777778
94743 51.485 -11.378 22.596 0.111111
94783 17.600 -40.350 46.254 0.111111
94880 24.360 -34.128 37.100 0.777778
94899 18.317 -34.102 40.134 0.777778
95053 22.510 -36.666 38.897 0.666667
95078 9.814 -44.267 53.404 0.222222
95129 38.325 -24.463 27.920 0.555556
95311 35.199 -24.711 28.597 0.888889
95357 12.342 -42.171 47.272 0.222222
95386 38.692 -24.522 28.708 0.444444
95535 54.001 -11.142 20.800 0.111111
95566 21.929 -39.785 48.060 0.111111
95575 11.739 -37.947 46.803 0.777778
95630 8.814 -40.364 49.395 0.666667
95934 34.625 -31.254 37.998 0.111111
95943 36.860 -37.769 37.673 0.111111
95987 34.302 -31.701 37.916 0.222222
96093 9.930 -39.274 50.525 0.222222
96184 21.269 -41.356 48.532 0.111111
96224 11.057 -43.441 52.371 0.111111
96235 31.063 -31.646 39.338 0.222222
96243 35.376 -33.587 32.406 0.888889
96335 11.028 -39.207 46.206 0.888889
96497 36.729 -24.989 30.241 0.666667
96615 26.669 -35.825 39.002 0.444444
96644 16.278 -33.990 44.466 0.222222
96659 38.037 -30.384 31.508 0.777778
96696 35.061 -18.971 28.619 0.666667
96720 15.672 -35.322 42.218 0.888889
96744 6.404 -49.117 53.466 0.333333
96792 54.840 -9.270 17.066 0.111111
96796 33.586 -25.380 29.865 1.000000
96825 1.361 -46.256 54.410 0.222222
96904 45.934 -11.558 22.230 0.444444
96978 20.439 -37.199 39.752 0.777778
97018 50.463 -11.894 20.651 0.222222
97025 38.592 -27.228 32.559 0.333333
97037 31.022 -25.740 31.480 1.000000
97069 20.379 -32.665 40.394 0.555556
97084 50.305 -6.919 20.367 0.222222
97192 21.129 -38.684 44.756 0.222222
97239 15.107 -40.776 49.433 0.111111
97331 36.390 -20.725 27.024 0.666667
97334 33.819 -32.597 39.447 0.111111
97535 41.646 -21.536 27.387 0.444444
97565 7.502 -41.288 51.343 0.555556
97601 47.224 -14.550 23.317 0.333333
97637 33.698 -20.809 29.394 0.777778
97640 1.767 -48.526 52.729 0.222222
97693 31.498 -34.526 33.286 0.888889
97714 34.061 -30.921 33.281 1.000000
97731 17.376 -39.832 43.757 0.444444
97790 13.203 -36.771 45.250 0.888889
97806 9.205 -42.975 47.822 0.666667
97902 35.064 -19.165 31.716 0.444444
97912 38.714 -21.774 26.888 0.555556
97932 33.887 -30.536 33.846 1.000000
97936 23.789 -38.457 45.158 0.111111
97993 20.326 -36.127 37.863 0.888889
98019 53.863 -8.374 18.788 0.444444
98104 56.706 -7.416 14.366 0.111111
98286 10.471 -39.039 48.469 0.666667
98338 28.120 -29.770 38.280 0.555556
98426 36.218 -23.832 27.729 0.777778
98464 25.997 -30.703 42.754 0.111111
98504 56.539 -6.867 11.801 0.111111
98927 14.261 -35.437 45.026 0.888889
98942 36.648 -21.597 27.151 0.666667
98986 2.240 -48.991 51.375 0.111111
99060 38.389 -17.539 25.954 0.666667
99091 18.449 -37.899 40.348 0.777778
99112 55.668 -7.649 17.081 0.111111
99292 33.556 -30.173 33.755 1.000000
99332 13.089 -41.153 45.267 0.555556
99345 13.542 -37.282 43.370 0.888889
99375 25.684 -36.996 42.010 0.222222
99388 15.778 -35.995 41.319 0.888889
99690 8.387 -46.073 51.387 0.333333
99693 34.414 -27.718 30.437 1.000000
99764 8.331 -42.201 48.068 0.888889
99812 16.774 -40.512 46.026 0.111111
99837 15.415 -40.501 45.007 0.222222
99962 53.176 -8.826 13.601 0.111111
100053 13.204 -37.163 44.282 0.888889
100068 25.730 -37.173 42.843 0.222222
100095 27.339 -33.146 35.347 0.888889
100110 4.585 -48.314 53.386 0.444444
100157 35.645 -38.669 40.798 0.111111
100182 32.888 -32.226 40.114 0.222222
100188 1.415 -47.153 53.114 0.555556
100197 6.507 -44.034 52.183 0.666667
100221 22.865 -39.094 47.152 0.111111
100251 39.007 -14.118 27.749 0.444444
100301 23.337 -33.292 36.980 0.888889
100342 43.225 -17.597 27.863 0.222222
100368 11.186 -39.396 45.394 0.888889
100404 18.006 -35.150 39.397 0.777778
100442 45.280 -15.289 24.504 0.333333
100461 34.374 -19.771 31.981 0.333333
100467 48.492 -13.614 22.087 0.222222
100504 36.870 -27.576 31.027 0.666667
100531 38.811 -31.730 33.430 0.888889
100532 39.697 -31.804 35.340 0.222222
100614 23.341 -31.219 40.043 0.555556
100649 56.114 -4.533 17.548 0.111111
100657 32.252 -24.596 29.914 1.000000
100819 21.357 -32.397 39.544 0.777778
100820 32.660 -32.067 37.747 0.333333
100858 41.258 -23.816 28.739 0.222222
100874 17.145 -33.424 44.580 0.111111
100892 30.267 -30.996 36.058 0.666667
100924 41.517 -16.905 25.658 0.555556
100951 50.432 -12.676 22.718 0.222222
101038 38.869 -29.581 32.464 0.555556
101096 16.435 -40.390 45.016 0.222222
101147 30.370 -31.166 38.975 0.333333
101175 19.360 -32.745 41.636 0.333333
101189 34.151 -35.186 33.631 0.888889
101407 22.652 -38.141 44.235 0.111111
101440 12.637 -36.932 46.043 0.777778
101692 52.918 -10.873 21.815 0.111111
101700 9.461 -39.474 51.738 0.222222
101745 45.292 -14.987 23.815 0.555556
101762 11.881 -42.079 46.649 0.333333
101908 34.129 -28.468 30.449 1.000000
101980 28.293 -36.076 38.673 0.222222
102080 21.665 -31.675 43.408 0.222222
102165 20.528 -38.673 44.455 0.222222
102173 27.157 -35.901 39.081 0.444444
102235 21.375 -41.252 48.784 0.111111
102299 26.840 -36.974 42.312 0.111111
102317 26.934 -36.213 39.769 0.444444
102342 12.486 -41.259 45.373 0.666667
102375 41.464 -13.999 24.778 0.555556
102406 20.019 -41.374 49.291 0.111111
102484 5.974 -49.486 53.582 0.444444
102653 37.981 -15.599 29.539 0.666667
102672 43.816 -16.290 25.929 0.333333
102753 17.712 -39.580 42.992 0.555556
102840 31.550 -27.863 32.146 1.000000
102856 5.799 -49.624 57.506 0.111111
102862 49.628 -8.252 19.484 0.333333
102929 33.071 -38.665 42.413 0.111111
103078 35.673 -20.397 27.249 0.666667
103163 32.392 -33.428 32.783 0.888889
103220 30.803 -26.503 32.617 1.000000
103410 8.861 -44.644 49.693 0.555556
103461 38.549 -30.211 32.033 0.666667
103539 31.469 -31.776 39.192 0.222222
103555 12.251 -37.284 46.649 0.777778
103567 38.333 -24.537 29.322 0.222222
103640 34.873 -30.821 30.994 1.000000
103819 26.889 -37.105 42.998 0.111111
103823 20.027 -32.345 41.607 0.333333
103852 25.396 -30.128 39.367 0.666667
103938 55.277 -7.409 17.865 0.222222
103946 15.305 -34.128 47.024 0.222222
103983 1.557 -46.848 54.369 0.444444
104105 20.044 -33.460 38.890 0.777778
104106 32.080 -31.861 37.657 0.333333
104110 33.102 -24.879 29.582 1.000000
104166 32.313 -31.825 40.644 0.111111
104404 10.416 -38.845 50.851 0.111111
104410 12.349 -37.092 48.381 0.222222
104497 37.762 -35.532 35.671 0.444444
104549 35.964 -17.985 27.380 0.777778
104570 12.481 -42.095 52.931 0.111111
104615 14.016 -35.356 48.584 0.222222
104621 39.229 -31.116 33.529 0.555556
104673 47.915 -13.358 21.548 0.333333
104748 6.237 -43.790 52.791 0.666667
104776 14.286 -35.615 44.213 0.888889
104921 18.221 -38.756 41.576 0.777778
104963 11.196 -42.955 48.562 0.222222
105031 53.820 -8.849 18.993 0.444444
105231 31.861 -26.978 35.082 0.888889
105295 38.234 -17.379 32.036 0.555556
105335 53.000 -11.242 20.721 0.111111
105450 23.991 -35.451 37.727 0.666667
105526 15.139 -40.547 45.717 0.222222
105611 13.131 -35.981 48.143 0.222222
105662 22.926 -37.277 40.975 0.555556
105853 51.980 -11.238 21.200 0.111111
105932 28.391 -33.750 34.607 0.888889
105938 4.150 -48.937 53.697 0.444444
105944 23.291 -31.529 43.462 0.333333
105955 45.568 -13.173 22.221 0.555556
105996 49.623 -11.666 19.860 0.222222
106083 38.481 -19.971 26.146 0.666667
106144 38.634 -18.033 32.839 0.111111
106214 32.195 -34.055 32.790 0.888889
106282 32.076 -38.072 40.609 0.111111
106318 27.002 -31.154 34.934 0.777778
106321 51.730 -10.009 18.547 0.333333
106335 35.394 -35.063 33.937 0.777778
106392 38.228 -25.394 31.794 0.222222
106412 45.491 -15.469 26.821 0.111111
106486 10.775 -43.476 54.350 0.111111
106495 38.232 -17.718 32.391 0.111111
106505 19.276 -38.824 42.643 0.444444
106609 27.965 -36.077 39.097 0.333333
106673 43.281 -14.672 23.818 0.555556
106680 37.342 -23.432 27.339 0.555556
106752 46.570 -14.628 23.195 0.444444
106786 1.583 -47.711 51.589 0.111111
106873 39.899 -31.253 35.400 0.111111
107020 33.561 -29.935 32.961 1.000000
107025 32.859 -29.486 34.876 0.777778
107139 35.935 -23.173 27.567 0.666667
107172 10.099 -42.313 47.127 0.777778
107222 26.850 -29.696 36.904 0.777778
107244 32.328 -21.701 32.099 0.555556
107262 34.985 -21.241 27.708 0.666667
107266 4.219 -51.078 55.641 0.111111
107277 30.272 -31.235 38.345 0.222222
107418 53.387 -11.002 20.354 0.111111
107432 56.159 -6.655 17.784 0.111111
107482 26.301 -30.451 41.298 0.222222
107513 20.906 -39.469 46.914 0.111111
107714 44.801 -15.929 26.919 0.222222
107804 22.757 -37.121 40.379 0.555556
107834 22.905 -31.307 40.374 0.555556
107920 24.197 -32.621 36.908 0.888889
107921 40.246 -23.925 29.767 0.333333
107980 35.286 -38.784 40.325 0.111111
107981 15.281 -38.881 41.731 0.777778
107986 31.997 -37.640 38.417 0.111111
108003 39.093 -29.941 32.907 0.555556
108068 53.127 -4.802 18.322 0.111111
108106 36.248 -29.735 30.392 1.000000
108312 35.218 -38.774 41.218 0.111111
108422 14.205 -40.216 43.626 0.777778
108509 33.625 -28.013 30.569 1.000000
108550 25.924 -36.314 39.967 0.444444
108625 30.788 -25.911 32.102 1.000000
108648 34.898 -33.850 32.490 1.000000
108657 17.909 -39.665 43.669 0.333333
108708 34.589 -28.879 30.423 1.000000
108711 42.044 -12.779 25.321 0.444444
108737 37.147 -15.678 27.815 0.777778
108800 6.323 -43.282 53.128 0.666667
108804 36.298 -31.722 31.336 1.000000
108824 44.269 -11.489 25.704 0.222222
108848 33.258 -31.309 36.302 0.666667
108855 48.019 -14.755 24.797 0.111111
108873 22.533 -39.309 47.405 0.111111
108901 9.309 -42.519 47.524 0.777778
109124 28.097 -35.013 36.695 0.777778
109130 42.493 -12.327 25.390 0.444444
