#!ascii label  , from subject OAS1_0001-3 vox2ras=TkReg 
2457
17777 8.850 -57.273 48.997 0.111111
17778 9.270 -57.272 48.554 0.111111
18488 9.235 -56.973 49.607 0.111111
18489 8.865 -56.660 50.091 0.111111
18490 7.735 -56.615 49.686 0.111111
18491 7.535 -56.086 50.286 0.111111
18492 7.257 -56.145 49.831 0.111111
18493 7.051 -55.492 50.178 0.111111
18494 7.172 -55.612 49.843 0.111111
18498 8.131 -56.966 48.881 0.111111
18506 7.898 -56.400 48.678 0.111111
18507 7.462 -56.197 49.310 0.111111
19226 9.844 -54.983 50.997 0.111111
19227 9.147 -55.531 50.795 0.111111
19228 8.986 -54.962 51.255 0.111111
19229 8.404 -56.024 50.544 0.111111
19230 7.418 -55.153 51.183 0.111111
19231 7.049 -55.252 50.750 0.111111
19232 6.503 -54.938 51.104 0.111111
19233 6.487 -55.100 50.841 0.111111
19246 7.435 -55.935 49.133 0.111111
20002 8.724 -54.509 51.607 0.111111
20003 9.401 -54.512 51.435 0.111111
20004 9.298 -53.799 51.876 0.111111
20005 7.899 -54.746 51.557 0.111111
20006 8.219 -53.869 52.086 0.111111
20007 6.917 -54.822 51.442 0.111111
20008 6.493 -54.243 51.856 0.111111
20009 6.157 -54.684 51.364 0.111111
20015 10.048 -54.199 51.415 0.111111
20829 7.476 -53.466 52.361 0.111111
20830 7.910 -52.952 52.674 0.111111
20831 7.164 -52.862 52.916 0.111111
20832 6.816 -53.463 52.329 0.111111
20833 6.449 -52.842 53.094 0.111111
20834 6.128 -53.381 52.303 0.111111
20835 5.771 -52.818 53.180 0.111111
20837 5.079 -52.712 53.250 0.111111
20838 10.145 -53.333 51.696 0.111111
20839 8.755 -53.029 52.511 0.111111
20863 12.046 -53.920 50.755 0.111111
21662 5.536 -52.452 54.767 0.111111
21663 6.271 -52.374 54.818 0.111111
21664 5.304 -52.026 55.456 0.111111
21665 4.803 -52.293 54.959 0.111111
21666 4.485 -51.832 55.401 0.111111
21667 4.123 -51.899 54.988 0.111111
21668 7.604 -52.447 53.334 0.111111
21669 7.796 -51.896 53.990 0.111111
21670 7.173 -52.107 54.891 0.111111
21671 6.922 -52.424 53.878 0.111111
21672 6.071 -52.675 54.057 0.111111
21673 5.327 -52.557 54.119 0.111111
21676 8.279 -52.316 53.145 0.111111
21677 9.036 -52.222 52.826 0.111111
21678 8.639 -51.726 53.571 0.111111
21682 9.573 -52.826 52.272 0.111111
21696 11.436 -52.410 50.897 0.111111
21712 12.234 -53.072 50.602 0.111111
22555 6.357 -51.390 56.162 0.111111
22556 6.846 -50.958 56.475 0.111111
22557 5.814 -50.868 56.768 0.111111
22558 5.485 -51.408 56.176 0.111111
22559 5.043 -50.802 56.632 0.111111
22560 4.607 -51.324 55.909 0.111111
22561 4.642 -50.774 56.068 0.111111
22562 7.304 -51.583 55.648 0.111111
22563 8.184 -51.289 55.284 0.111111
22564 7.795 -50.934 56.066 0.111111
22565 6.333 -51.897 55.572 0.111111
22566 4.074 -51.434 55.402 0.111111
22567 3.743 -51.362 54.820 0.111111
22568 8.398 -51.467 54.438 0.111111
22569 8.968 -51.100 53.979 0.111111
22570 8.764 -50.880 54.776 0.111111
22572 9.294 -51.412 53.063 0.111111
22579 10.735 -50.771 51.441 0.111111
22594 11.727 -51.617 50.693 0.111111
22595 11.145 -51.555 50.984 0.111111
22601 14.402 -51.204 50.440 0.111111
22603 12.343 -51.084 50.416 0.111111
23398 6.358 -50.254 57.270 0.111111
23399 7.319 -49.910 57.322 0.111111
23400 6.389 -49.415 57.747 0.111111
23401 5.480 -50.215 57.098 0.111111
23402 5.387 -49.514 57.155 0.111111
23403 7.322 -50.516 56.801 0.111111
23404 8.126 -50.282 56.497 0.111111
23405 5.047 -50.201 56.678 0.111111
23406 8.562 -50.630 55.602 0.111111
23407 9.154 -50.229 55.006 0.111111
23408 8.925 -49.884 55.940 0.111111
23410 4.802 -50.311 55.916 0.111111
23412 9.473 -50.591 53.609 0.111111
23416 9.781 -50.853 52.796 0.111111
23417 10.184 -50.304 52.247 0.111111
23418 10.028 -49.992 53.242 0.111111
23431 15.836 -49.946 51.813 0.111111
23432 10.770 -49.618 51.802 0.111111
23442 11.582 -50.712 50.779 0.111111
23443 12.249 -49.700 50.769 0.111111
23444 11.328 -49.774 51.202 0.111111
23448 13.873 -50.277 50.390 0.111111
23449 12.912 -50.335 50.357 0.111111
24272 7.285 -49.119 57.727 0.111111
24273 8.112 -48.681 57.480 0.111111
24274 6.522 -48.743 57.807 0.111111
24276 8.393 -49.499 57.005 0.222222
24277 9.266 -48.995 56.305 0.333333
24278 9.011 -48.285 57.135 0.333333
24279 5.272 -49.637 56.458 0.111111
24280 9.401 -49.348 55.148 0.222222
24281 5.403 -49.870 55.240 0.111111
24283 9.601 -49.780 54.178 0.111111
24284 10.187 -48.973 53.559 0.111111
24285 9.903 -48.789 54.431 0.222222
24288 16.151 -49.296 52.746 0.111111
24291 15.493 -48.745 53.260 0.111111
24292 15.797 -48.029 53.694 0.111111
24293 10.501 -49.249 52.676 0.111111
24305 14.587 -49.540 51.608 0.111111
24306 13.816 -49.100 51.506 0.111111
24307 14.302 -49.009 52.378 0.222222
24308 13.411 -48.648 52.298 0.111111
24314 14.161 -49.599 50.814 0.111111
24315 13.358 -49.528 50.700 0.111111
24316 12.844 -48.899 51.376 0.111111
24317 11.861 -48.972 51.438 0.111111
25099 7.858 -47.797 57.691 0.111111
25103 9.558 -48.049 56.157 0.333333
25105 9.685 -48.451 55.298 0.333333
25106 10.334 -47.994 54.707 0.333333
25107 10.132 -47.624 55.426 0.333333
25109 14.969 -48.320 53.762 0.222222
25110 15.757 -47.343 53.791 0.111111
25111 14.790 -47.808 54.425 0.222222
25112 14.033 -48.256 54.066 0.222222
25113 13.190 -47.919 54.279 0.222222
25114 10.629 -48.251 53.978 0.111111
25115 11.519 -47.900 53.773 0.222222
25116 11.232 -47.610 54.452 0.222222
25122 16.296 -47.787 53.243 0.111111
25123 14.068 -48.591 53.177 0.222222
25124 13.050 -48.238 53.266 0.111111
25125 11.873 -48.062 52.986 0.111111
25126 12.394 -47.924 53.782 0.222222
25127 10.880 -48.367 53.112 0.111111
25137 12.397 -48.467 52.210 0.111111
25834 8.669 -47.265 57.396 0.222222
25835 9.611 -46.756 57.036 0.333333
25836 8.551 -46.259 57.597 0.222222
25837 7.554 -46.755 57.767 0.111111
25838 6.985 -46.924 57.773 0.111111
25840 10.788 -46.957 55.556 0.333333
25841 11.618 -46.544 55.881 0.222222
25842 10.579 -46.562 56.301 0.333333
25843 9.925 -47.214 56.133 0.333333
25844 14.588 -47.247 54.767 0.222222
25845 14.655 -46.483 54.995 0.222222
25846 14.117 -46.907 55.153 0.222222
25847 13.653 -46.489 55.631 0.222222
25848 11.837 -47.095 55.110 0.222222
25849 12.681 -46.641 55.663 0.222222
25850 10.823 -47.341 54.983 0.222222
25852 15.440 -46.728 53.860 0.111111
25853 15.241 -47.099 54.394 0.111111
25854 12.245 -47.606 54.407 0.222222
25862 16.358 -47.388 52.574 0.111111
25872 15.525 -46.938 52.409 0.111111
25886 15.038 -47.001 51.528 0.111111
26660 11.370 -46.027 56.612 0.222222
26661 12.106 -45.522 57.034 0.222222
26662 11.190 -45.525 57.304 0.333333
26663 9.446 -45.838 57.549 0.333333
26664 9.439 -45.195 57.934 0.333333
26665 8.413 -45.061 57.779 0.333333
26666 7.889 -45.714 57.711 0.222222
26667 7.290 -46.291 57.651 0.111111
26668 6.796 -46.728 57.462 0.111111
26669 13.173 -46.175 56.107 0.222222
26670 13.820 -45.750 56.198 0.222222
26671 13.022 -45.602 56.668 0.222222
26672 12.341 -46.106 56.319 0.222222
26674 7.095 -45.762 56.627 0.111111
26675 7.142 -46.020 57.408 0.111111
26676 14.395 -45.616 55.656 0.222222
26677 14.285 -46.079 55.693 0.222222
26682 15.050 -46.439 54.399 0.111111
26687 14.839 -46.522 53.037 0.111111
26688 14.929 -45.934 53.986 0.111111
26694 14.524 -46.603 51.891 0.111111
26695 13.995 -46.149 52.271 0.111111
26696 14.247 -45.863 53.074 0.111111
26697 13.752 -45.566 51.628 0.111111
26703 14.028 -46.251 51.472 0.111111
27301 10.030 -44.677 57.921 0.333333
27302 9.017 -44.800 57.942 0.333333
27303 9.326 -44.385 57.748 0.333333
27304 8.666 -44.568 57.731 0.222222
27305 13.748 -45.111 56.898 0.222222
27306 14.050 -44.408 56.811 0.222222
27307 13.466 -44.479 57.305 0.222222
27308 12.745 -45.058 57.449 0.222222
27309 11.863 -44.719 57.803 0.222222
27310 11.038 -45.003 57.721 0.222222
27311 8.022 -45.137 57.701 0.111111
27312 7.543 -45.244 57.171 0.111111
27313 14.275 -44.829 56.227 0.222222
27315 14.417 -45.004 55.491 0.222222
27317 8.251 -44.549 55.532 0.111111
27324 14.662 -45.828 54.882 0.222222
27331 14.083 -45.175 53.457 0.222222
27337 13.821 -45.397 52.490 0.222222
27404 35.760 -45.220 39.410 0.222222
27405 36.253 -44.930 39.879 0.222222
27406 35.604 -44.908 39.859 0.222222
27415 36.500 -45.236 39.159 0.222222
27416 37.203 -45.048 38.828 0.222222
27417 36.920 -44.835 39.518 0.222222
27418 35.506 -45.214 39.095 0.222222
27419 35.360 -44.930 39.414 0.111111
27420 35.234 -44.963 38.946 0.111111
27427 36.745 -45.284 38.584 0.222222
27428 36.027 -45.404 38.809 0.222222
27429 36.506 -45.258 38.134 0.111111
27430 35.559 -45.127 38.426 0.222222
27908 11.697 -43.996 58.032 0.222222
27909 12.408 -43.490 57.727 0.222222
27910 10.979 -44.367 57.952 0.333333
27911 10.887 -43.795 57.918 0.222222
27912 10.150 -44.152 57.605 0.333333
27913 9.737 -43.995 57.397 0.333333
27914 14.177 -43.524 56.821 0.222222
27915 13.779 -43.757 57.174 0.222222
27916 13.193 -43.891 57.569 0.222222
27917 9.148 -44.017 57.572 0.333333
27918 8.133 -44.540 57.358 0.111111
27919 8.641 -44.097 57.445 0.222222
27920 14.211 -44.127 56.619 0.222222
27921 7.849 -44.603 56.577 0.111111
27922 8.419 -43.989 56.646 0.111111
27927 14.414 -43.898 55.908 0.222222
27928 9.000 -44.314 54.821 0.111111
27929 9.442 -43.790 55.252 0.111111
27930 8.804 -43.985 55.685 0.111111
27936 14.220 -44.118 54.788 0.222222
27941 13.881 -44.295 53.872 0.333333
27948 14.258 -44.150 52.421 0.111111
27953 15.082 -43.672 51.887 0.222222
27984 35.895 -43.712 42.397 0.333333
27985 36.197 -43.633 42.719 0.555556
27986 35.985 -43.534 42.933 0.444444
27987 35.562 -43.461 42.741 0.333333
27988 35.076 -43.293 42.624 0.222222
27993 36.257 -43.856 42.028 0.333333
27994 36.808 -43.640 41.883 0.444444
27995 36.692 -43.584 42.699 0.444444
27996 35.842 -43.982 41.556 0.333333
27997 35.588 -43.651 42.041 0.333333
27998 35.209 -43.524 41.715 0.222222
28004 36.519 -44.386 40.504 0.333333
28005 36.934 -43.867 40.940 0.333333
28006 35.822 -44.500 40.579 0.222222
28007 35.517 -44.042 41.078 0.333333
28008 35.027 -43.848 40.840 0.111111
28019 37.112 -44.285 40.041 0.333333
28020 35.310 -44.556 40.138 0.222222
28021 34.788 -44.041 39.976 0.222222
28034 37.368 -44.466 39.204 0.222222
28035 34.540 -44.119 39.105 0.111111
28043 37.361 -45.170 38.154 0.222222
28044 37.670 -44.669 38.386 0.222222
28054 37.878 -44.636 37.759 0.222222
28055 38.274 -44.027 37.359 0.222222
28056 37.096 -44.790 37.499 0.111111
28057 35.969 -44.824 37.642 0.111111
28068 37.829 -44.133 37.154 0.222222
28069 36.356 -44.183 37.007 0.111111
28620 12.621 -42.824 57.438 0.222222
28621 11.807 -42.964 57.538 0.222222
28622 11.090 -43.292 57.634 0.222222
28623 10.441 -43.645 57.479 0.222222
28624 10.745 -43.304 57.367 0.111111
28625 14.285 -42.749 56.613 0.222222
28626 14.013 -43.008 57.109 0.222222
28627 13.297 -43.227 57.424 0.222222
28628 9.961 -43.591 57.215 0.111111
28629 9.159 -43.704 57.137 0.111111
28630 14.436 -43.175 56.648 0.222222
28631 9.229 -43.646 56.243 0.111111
28632 9.909 -43.135 56.631 0.111111
28641 14.637 -43.178 54.954 0.333333
28642 15.231 -42.257 55.074 0.333333
28643 14.599 -42.712 55.850 0.333333
28644 10.241 -43.518 54.858 0.111111
28645 11.063 -43.193 54.900 0.111111
28646 10.464 -42.997 55.754 0.111111
28649 14.613 -43.154 53.907 0.333333
28650 15.500 -42.453 54.438 0.333333
28651 11.186 -43.194 53.875 0.111111
28653 10.455 -43.790 53.826 0.111111
28658 14.837 -43.329 52.878 0.333333
28659 15.867 -42.544 53.505 0.222222
28661 11.383 -42.999 52.896 0.111111
28663 15.830 -42.959 52.435 0.222222
28664 16.525 -42.718 51.822 0.111111
28665 16.625 -42.252 52.806 0.222222
28669 16.844 -43.016 50.930 0.111111
28670 17.645 -42.546 50.965 0.222222
28671 15.831 -43.505 51.158 0.111111
28678 17.817 -42.840 50.321 0.222222
28679 18.498 -42.463 50.186 0.222222
28680 18.284 -42.226 50.730 0.222222
28682 16.233 -43.580 50.431 0.111111
28687 19.448 -42.533 48.827 0.222222
28688 19.021 -42.353 49.637 0.111111
28697 19.776 -42.644 48.038 0.111111
28698 20.503 -42.423 47.884 0.111111
28699 20.149 -42.302 48.663 0.222222
28700 18.901 -42.976 47.954 0.111111
28701 17.899 -43.308 48.048 0.111111
28707 20.374 -42.689 46.631 0.111111
28708 21.192 -42.375 46.893 0.222222
28709 21.283 -42.154 47.621 0.222222
28710 19.611 -43.018 46.801 0.111111
28724 35.836 -42.940 43.743 0.444444
28725 36.110 -42.749 44.294 0.444444
28726 35.666 -42.528 44.392 0.444444
28727 35.150 -42.721 44.197 0.333333
28728 35.201 -41.899 44.769 0.333333
28729 34.202 -42.482 44.280 0.333333
28730 34.579 -42.010 44.807 0.333333
28731 33.653 -42.000 45.071 0.333333
28738 36.342 -43.278 43.764 0.555556
28739 37.118 -43.468 43.945 0.555556
28740 36.684 -42.933 44.305 0.555556
28741 36.069 -43.415 43.299 0.555556
28742 35.553 -43.256 43.305 0.444444
28743 34.743 -42.924 43.558 0.333333
28744 33.832 -42.572 43.707 0.333333
28745 33.485 -42.356 44.371 0.333333
28746 33.007 -42.414 44.077 0.333333
28753 36.489 -43.525 43.243 0.555556
28754 37.262 -43.294 43.291 0.555556
28755 34.543 -42.965 43.179 0.222222
28756 33.831 -42.520 43.134 0.222222
28757 33.247 -42.400 43.671 0.222222
28762 37.374 -42.982 42.483 0.555556
28763 34.820 -43.075 42.202 0.222222
28764 34.173 -42.643 42.242 0.222222
28768 37.363 -43.204 41.499 0.444444
28769 34.699 -43.156 41.505 0.111111
28772 37.556 -43.695 39.779 0.444444
28783 37.671 -43.849 38.797 0.444444
28798 38.205 -44.018 37.886 0.222222
28799 37.820 -42.967 38.401 0.444444
28808 38.735 -43.520 37.103 0.333333
28809 39.504 -43.082 36.832 0.333333
28810 38.603 -43.302 37.481 0.333333
28818 39.254 -43.420 36.456 0.111111
28819 38.488 -43.730 36.718 0.111111
28820 36.850 -43.569 36.375 0.111111
28830 38.566 -43.494 35.903 0.111111
28831 37.486 -43.235 35.757 0.111111
29405 14.181 -42.541 56.572 0.222222
29406 13.341 -42.573 57.133 0.222222
29407 12.160 -42.333 57.198 0.222222
29408 12.948 -41.931 56.717 0.222222
29409 11.336 -42.859 57.281 0.111111
29410 10.713 -42.981 56.999 0.111111
29417 14.393 -42.222 56.464 0.333333
29418 14.930 -42.018 55.431 0.333333
29419 14.772 -41.879 55.847 0.333333
29420 14.456 -42.269 56.162 0.333333
29422 11.422 -42.299 56.795 0.111111
29428 15.710 -41.647 54.760 0.333333
29435 16.349 -41.990 54.216 0.333333
29436 16.304 -41.573 54.077 0.222222
29437 11.978 -42.488 53.556 0.111111
29440 16.527 -41.867 53.512 0.222222
29441 16.709 -41.587 52.707 0.222222
29442 16.620 -42.046 53.506 0.333333
29443 11.983 -42.536 52.526 0.111111
29447 17.289 -41.689 52.067 0.222222
29448 17.708 -41.826 51.529 0.222222
29449 17.189 -42.054 52.189 0.111111
29451 12.664 -42.151 52.153 0.111111
29456 18.494 -41.832 50.690 0.222222
29457 18.987 -41.727 50.121 0.111111
29458 17.951 -42.246 51.326 0.222222
29463 20.047 -42.060 49.320 0.222222
29464 19.573 -41.626 49.672 0.111111
29465 18.831 -42.049 50.274 0.222222
29470 22.218 -41.247 48.242 0.333333
29471 23.007 -41.000 48.276 0.444444
29472 22.165 -41.253 48.576 0.333333
29473 20.335 -41.810 48.860 0.222222
29474 20.482 -41.322 48.906 0.333333
29475 19.768 -42.118 49.289 0.222222
29480 29.673 -40.748 47.552 0.333333
29481 29.949 -40.388 47.799 0.333333
29482 29.397 -40.477 47.842 0.444444
29483 28.947 -40.849 47.480 0.444444
29484 28.789 -40.543 47.904 0.444444
29485 27.560 -41.010 47.117 0.444444
29486 27.276 -40.696 47.616 0.444444
29487 26.684 -41.111 47.331 0.444444
29488 26.271 -40.823 47.898 0.444444
29489 25.783 -41.263 47.631 0.444444
29490 25.441 -40.989 48.032 0.555556
29491 25.000 -41.269 47.811 0.444444
29492 24.729 -41.029 48.090 0.555556
29493 23.733 -41.542 47.719 0.555556
29494 23.681 -41.187 48.124 0.555556
29495 23.001 -41.325 47.946 0.555556
29496 22.160 -41.705 47.750 0.444444
29497 20.857 -41.955 48.359 0.222222
29504 32.791 -41.375 46.371 0.444444
29505 33.513 -41.270 46.215 0.444444
29506 33.074 -41.075 46.804 0.555556
29507 31.931 -41.085 46.789 0.333333
29508 31.808 -40.680 47.235 0.444444
29509 30.377 -40.896 47.288 0.333333
29510 31.115 -40.679 47.305 0.333333
29511 30.093 -41.203 47.017 0.222222
29512 29.177 -41.202 47.113 0.333333
29513 28.280 -41.130 47.038 0.444444
29514 27.236 -41.271 46.983 0.444444
29515 26.218 -41.504 47.052 0.444444
29516 25.276 -41.570 47.277 0.333333
29517 23.846 -41.919 46.923 0.444444
29518 22.928 -41.937 47.220 0.555556
29519 22.000 -42.217 47.083 0.444444
29527 35.312 -41.501 45.215 0.444444
29528 34.748 -41.456 45.332 0.444444
29529 34.127 -41.590 45.508 0.444444
29530 34.133 -41.133 45.978 0.555556
29531 32.859 -41.667 45.597 0.333333
29532 32.097 -41.563 46.167 0.222222
29533 31.099 -41.158 46.725 0.333333
29534 30.530 -41.591 46.223 0.222222
29535 29.557 -41.436 46.345 0.222222
29536 28.687 -41.257 46.716 0.333333
29537 27.282 -41.250 46.659 0.333333
29538 27.722 -41.039 46.034 0.222222
29539 26.190 -41.509 46.246 0.444444
29540 24.662 -41.861 46.700 0.333333
29541 24.058 -42.189 46.063 0.333333
29542 22.484 -42.175 46.539 0.333333
29543 21.766 -42.155 46.371 0.333333
29545 36.617 -42.344 45.073 0.555556
29546 35.876 -42.228 44.991 0.444444
29547 32.932 -42.011 44.768 0.222222
29548 32.257 -41.686 45.299 0.333333
29549 31.426 -41.626 45.894 0.222222
29550 30.743 -41.230 44.963 0.222222
29551 30.182 -41.528 45.661 0.222222
29552 26.879 -41.211 46.058 0.222222
29553 26.290 -41.342 45.404 0.222222
29554 24.996 -41.813 45.240 0.222222
29555 25.564 -41.480 44.749 0.111111
29556 23.386 -42.152 45.333 0.444444
29557 22.581 -42.039 44.799 0.111111
29563 37.876 -42.738 43.814 0.555556
29564 37.434 -42.589 44.432 0.555556
29565 32.553 -42.173 43.743 0.222222
29566 31.794 -41.825 44.019 0.111111
29567 31.206 -41.355 44.288 0.111111
29568 23.898 -41.928 44.611 0.111111
29569 24.288 -41.685 43.945 0.111111
29570 22.771 -41.906 44.029 0.111111
29575 37.852 -42.419 43.079 0.555556
29576 38.137 -41.474 42.719 0.666667
29577 38.199 -41.783 43.428 0.666667
29578 33.130 -42.221 43.351 0.111111
29579 32.547 -41.834 43.058 0.111111
29580 31.817 -41.669 43.330 0.111111
29581 31.173 -41.354 43.593 0.111111
29582 23.522 -41.788 43.945 0.111111
29589 37.713 -42.215 41.859 0.555556
29590 38.200 -41.393 42.094 0.555556
29591 33.332 -42.074 42.571 0.111111
29592 32.578 -41.679 42.261 0.111111
29601 37.837 -42.639 40.953 0.444444
29602 38.225 -41.609 41.407 0.555556
29603 34.241 -42.552 41.407 0.222222
29604 33.820 -41.960 40.893 0.111111
29605 33.072 -41.769 41.634 0.111111
29610 37.945 -41.796 40.526 0.555556
29611 33.940 -42.297 39.816 0.111111
29614 37.747 -42.773 40.094 0.444444
29615 37.535 -42.011 39.399 0.555556
29626 38.042 -42.385 37.785 0.444444
29637 38.830 -42.512 37.291 0.444444
29644 41.323 -42.142 35.834 0.111111
29645 41.418 -42.083 36.020 0.111111
29646 40.613 -42.444 36.084 0.111111
29647 40.546 -42.326 36.323 0.222222
29658 39.480 -43.250 35.843 0.111111
29659 38.041 -42.829 35.360 0.111111
30228 13.785 -42.161 56.581 0.222222
30233 14.323 -41.959 56.073 0.222222
30234 13.713 -41.448 56.167 0.111111
30235 12.546 -41.471 56.004 0.111111
30238 15.053 -41.230 55.234 0.333333
30239 14.800 -41.242 55.584 0.222222
30240 13.274 -41.185 55.466 0.111111
30241 13.924 -41.041 55.546 0.222222
30246 16.233 -41.155 53.967 0.222222
30247 15.764 -41.246 54.573 0.333333
30249 13.842 -40.867 54.920 0.111111
30253 16.917 -41.167 52.503 0.222222
30254 16.389 -41.489 53.425 0.333333
30260 17.749 -41.415 51.189 0.111111
30261 17.368 -41.392 51.914 0.111111
30262 13.289 -41.762 51.903 0.111111
30266 18.408 -41.501 50.610 0.111111
30268 13.659 -41.361 51.182 0.111111
30271 19.844 -41.197 49.518 0.222222
30272 19.194 -41.424 49.939 0.111111
30274 13.901 -41.275 50.087 0.111111
30279 29.657 -40.297 47.952 0.444444
30280 30.303 -40.283 47.872 0.444444
30281 29.282 -40.125 48.306 0.444444
30282 29.127 -40.300 48.203 0.444444
30283 28.660 -40.036 48.604 0.444444
30284 27.984 -40.438 48.068 0.444444
30285 27.782 -40.032 48.663 0.444444
30286 26.947 -40.349 48.284 0.444444
30287 26.593 -40.012 48.767 0.444444
30288 26.156 -40.757 48.402 0.555556
30289 25.812 -40.272 48.460 0.444444
30290 25.096 -41.017 48.244 0.555556
30291 24.857 -40.621 48.260 0.444444
30292 24.383 -40.863 48.260 0.555556
30293 23.875 -40.806 48.339 0.444444
30294 23.743 -41.249 48.407 0.444444
30295 22.967 -40.876 48.380 0.333333
30296 21.902 -40.842 48.726 0.333333
30303 32.543 -40.707 47.191 0.444444
30304 31.800 -40.345 47.630 0.444444
30305 31.041 -40.426 47.715 0.444444
30306 31.024 -40.195 47.951 0.555556
30313 33.657 -40.956 46.698 0.555556
30314 34.239 -40.699 46.474 0.555556
30315 33.865 -40.379 47.032 0.666667
30316 33.258 -40.660 47.135 0.555556
30323 35.319 -41.148 45.776 0.666667
30324 34.763 -41.146 45.859 0.555556
30325 28.651 -41.136 45.851 0.222222
30334 36.650 -40.931 45.223 0.666667
30335 35.893 -41.556 45.418 0.666667
30336 29.879 -41.090 44.896 0.111111
30337 28.917 -41.077 44.760 0.111111
30338 27.970 -41.069 45.021 0.111111
30339 27.104 -41.136 45.207 0.222222
30347 38.143 -41.952 44.173 0.555556
30348 38.038 -41.261 44.309 0.666667
30349 37.578 -41.764 44.814 0.555556
30350 30.415 -41.011 44.112 0.111111
30352 28.146 -41.047 44.095 0.111111
30353 25.861 -41.159 43.885 0.111111
30354 25.091 -41.570 43.940 0.111111
30356 38.262 -41.000 42.894 0.666667
30357 29.962 -41.011 42.781 0.111111
30358 29.118 -40.978 42.979 0.111111
30359 28.310 -41.014 43.239 0.111111
30360 26.915 -40.959 42.891 0.111111
30361 26.091 -41.015 43.055 0.111111
30362 24.654 -41.197 42.730 0.111111
30365 38.632 -40.725 42.231 0.666667
30369 29.366 -40.917 42.161 0.111111
30370 28.513 -40.886 42.405 0.111111
30372 26.337 -40.700 42.202 0.111111
30373 24.752 -40.872 41.923 0.111111
30374 23.837 -41.175 42.221 0.111111
30378 38.731 -40.851 41.646 0.666667
30379 32.821 -41.530 40.764 0.111111
30382 29.642 -40.775 41.317 0.111111
30383 28.781 -40.760 41.554 0.111111
30395 38.679 -41.089 40.990 0.666667
30396 33.336 -41.707 40.097 0.111111
30397 32.611 -41.273 39.797 0.111111
30408 38.195 -41.168 40.018 0.555556
30409 33.358 -41.792 39.246 0.111111
30423 37.828 -41.234 39.053 0.555556
30424 37.602 -41.745 38.323 0.555556
30433 39.824 -42.522 36.804 0.333333
30434 38.615 -41.323 36.985 0.444444
30435 37.922 -41.475 37.620 0.444444
30443 41.863 -41.858 35.774 0.111111
30444 40.788 -41.694 36.306 0.111111
30445 39.884 -41.652 36.643 0.222222
30453 42.136 -41.378 35.294 0.111111
30454 42.062 -41.416 35.386 0.111111
30460 42.460 -41.249 34.642 0.111111
30461 43.067 -40.941 34.455 0.111111
30481 42.619 -40.802 33.918 0.111111
31025 14.325 -41.114 55.904 0.333333
31031 15.234 -41.155 54.997 0.333333
31038 14.570 -40.655 54.257 0.111111
31043 16.198 -40.836 53.593 0.111111
31044 15.517 -40.590 53.127 0.111111
31050 17.424 -40.874 51.865 0.111111
31051 17.192 -40.931 52.200 0.222222
31052 16.480 -40.604 52.229 0.111111
31059 18.123 -41.238 50.755 0.111111
31060 17.586 -40.991 51.359 0.111111
31061 15.885 -40.584 51.344 0.111111
31062 17.057 -40.623 50.587 0.333333
31064 14.325 -40.983 50.842 0.111111
31069 20.691 -41.012 48.990 0.333333
31070 20.288 -41.014 49.247 0.333333
31071 19.608 -40.847 49.858 0.333333
31072 18.901 -41.190 50.224 0.111111
31073 16.173 -40.580 50.577 0.222222
31075 14.479 -40.994 49.298 0.111111
31081 30.447 -39.911 48.188 0.555556
31082 30.930 -39.777 47.981 0.555556
31083 30.150 -39.918 48.115 0.555556
31084 29.486 -39.915 48.286 0.555556
31085 28.900 -40.220 48.825 0.444444
31086 27.909 -39.937 48.743 0.444444
31087 27.050 -39.948 48.850 0.444444
31088 26.464 -40.024 48.714 0.444444
31089 25.767 -40.272 48.482 0.444444
31090 24.145 -40.650 48.325 0.444444
31091 23.413 -40.745 48.320 0.444444
31092 22.459 -40.855 48.420 0.333333
31093 21.303 -40.910 48.717 0.333333
31094 15.054 -40.837 48.723 0.111111
31095 15.709 -40.633 49.101 0.111111
31099 32.692 -40.231 47.520 0.666667
31100 33.507 -39.987 47.354 0.666667
31101 32.989 -39.488 47.659 0.666667
31102 31.939 -39.761 47.900 0.555556
31104 15.702 -40.665 48.253 0.111111
31109 34.903 -40.312 46.286 0.666667
31110 35.457 -39.671 46.613 0.666667
31111 34.941 -39.438 47.145 0.666667
31112 34.286 -39.481 47.286 0.666667
31122 35.863 -40.540 46.045 0.666667
31123 36.479 -39.907 45.834 0.666667
31124 36.139 -39.378 46.505 0.666667
31131 37.059 -39.828 45.261 0.666667
31137 38.377 -39.605 43.280 0.777778
31138 37.838 -40.211 43.972 0.777778
31139 37.518 -39.704 44.622 0.666667
31145 38.612 -40.355 42.687 0.666667
31149 39.275 -40.273 41.632 0.666667
31150 39.238 -40.080 42.036 0.777778
31153 39.765 -39.839 41.184 0.777778
31154 40.487 -39.321 41.033 0.777778
31155 39.794 -39.640 41.464 0.777778
31156 39.286 -40.473 41.221 0.666667
31159 40.119 -39.612 40.791 0.777778
31160 39.010 -40.565 40.504 0.555556
31171 38.397 -40.597 39.407 0.555556
31184 38.331 -40.061 38.600 0.666667
31185 37.737 -40.820 38.331 0.555556
31186 37.916 -40.477 37.582 0.555556
31207 38.335 -40.220 37.041 0.333333
31216 41.587 -41.646 35.993 0.111111
31217 40.617 -40.796 36.113 0.222222
31218 39.287 -39.773 36.117 0.444444
31219 38.948 -40.488 36.594 0.222222
31225 43.333 -40.881 34.892 0.111111
31226 43.819 -40.416 34.919 0.111111
31227 43.457 -40.456 35.226 0.111111
31228 42.551 -40.671 35.387 0.111111
31229 41.451 -40.586 35.611 0.222222
31237 43.674 -40.516 34.412 0.111111
31238 44.319 -39.969 34.607 0.111111
31248 43.262 -40.414 33.753 0.111111
31249 42.088 -40.457 33.453 0.111111
31781 18.656 -40.935 50.371 0.111111
31782 17.949 -40.779 50.580 0.111111
31787 19.961 -40.912 49.535 0.333333
31788 19.349 -40.803 49.817 0.222222
31789 18.278 -40.416 49.915 0.111111
31790 17.419 -40.367 49.891 0.222222
31791 16.453 -40.445 49.687 0.222222
31795 30.962 -39.172 47.739 0.666667
31796 30.406 -39.557 47.967 0.555556
31797 29.805 -39.613 48.077 0.555556
31798 29.116 -39.754 48.287 0.555556
31799 27.576 -39.805 48.681 0.444444
31800 26.941 -39.875 48.775 0.444444
31801 27.317 -39.657 48.590 0.333333
31802 26.249 -39.975 48.655 0.333333
31803 25.391 -39.754 48.461 0.333333
31804 23.998 -39.901 48.318 0.222222
31805 22.798 -40.208 48.348 0.222222
31806 22.111 -40.205 48.447 0.222222
31807 21.207 -40.214 48.633 0.333333
31808 20.457 -40.399 48.836 0.222222
31809 19.315 -40.294 49.344 0.111111
31810 17.779 -40.172 49.356 0.222222
31811 17.082 -40.224 49.113 0.222222
31812 16.384 -40.441 48.711 0.111111
31817 33.723 -39.276 47.462 0.666667
31818 34.256 -38.872 47.369 0.777778
31819 33.367 -38.773 47.602 0.666667
31820 32.434 -39.033 47.843 0.666667
31821 31.718 -39.032 47.786 0.666667
31822 26.694 -39.614 48.455 0.444444
31823 25.750 -39.670 48.251 0.333333
31824 24.786 -39.730 48.166 0.333333
31825 23.353 -39.822 48.125 0.222222
31826 22.610 -39.984 48.180 0.111111
31827 22.884 -39.480 47.738 0.111111
31831 18.196 -40.040 48.085 0.111111
31832 17.344 -40.195 47.832 0.111111
31833 16.449 -40.407 47.757 0.111111
31840 35.611 -38.813 47.070 0.666667
31841 36.358 -38.534 46.792 0.666667
31842 34.961 -38.899 47.400 0.666667
31843 22.247 -39.568 47.692 0.111111
31847 18.721 -39.969 47.343 0.111111
31848 17.862 -40.096 47.148 0.111111
31849 17.010 -40.212 46.959 0.111111
31857 36.877 -38.915 46.138 0.666667
31858 19.651 -39.720 46.023 0.111111
31859 18.885 -40.001 45.827 0.111111
31860 18.124 -40.239 45.670 0.111111
31867 37.502 -38.903 45.275 0.777778
31869 19.339 -39.626 45.225 0.111111
31875 38.675 -38.604 43.823 0.777778
31876 38.005 -38.957 44.287 0.777778
31887 39.120 -39.595 42.536 0.777778
31888 39.558 -38.782 42.489 0.888889
31889 39.024 -38.704 43.155 0.777778
31898 39.706 -39.393 41.888 0.888889
31899 40.406 -39.030 41.401 0.888889
31900 39.991 -38.779 41.900 0.888889
31905 40.852 -38.759 40.939 0.888889
31907 40.631 -39.228 40.579 0.777778
31908 40.912 -38.667 40.617 0.777778
31910 40.951 -38.725 40.234 0.777778
31911 40.352 -39.332 39.841 0.777778
31912 40.757 -38.826 39.628 0.777778
31914 40.033 -39.008 38.800 0.555556
31915 38.326 -39.640 37.707 0.555556
31916 38.864 -38.912 37.742 0.666667
31926 38.545 -39.494 36.841 0.444444
31927 39.031 -38.600 36.652 0.444444
31944 39.448 -38.899 35.811 0.444444
31951 44.102 -40.056 35.197 0.111111
31952 44.511 -39.510 35.198 0.111111
31953 43.805 -39.473 35.263 0.111111
31954 42.803 -39.743 35.335 0.111111
31955 40.855 -39.338 35.261 0.333333
31956 40.140 -39.635 35.617 0.333333
31962 44.832 -39.658 34.091 0.111111
31964 44.061 -39.871 33.695 0.111111
31965 43.307 -39.614 33.022 0.111111
31966 43.930 -39.181 32.965 0.111111
31967 41.880 -39.723 32.906 0.111111
31977 43.309 -38.672 32.387 0.111111
32566 30.286 -39.176 47.858 0.666667
32567 29.593 -39.307 47.924 0.555556
32568 28.842 -39.540 48.134 0.555556
32569 27.995 -39.624 48.463 0.555556
32574 34.649 -38.765 47.205 0.777778
32575 33.596 -38.786 47.402 0.777778
32576 32.959 -38.301 47.893 0.666667
32577 32.413 -38.382 47.811 0.666667
32578 30.208 -38.806 47.692 0.555556
32579 29.494 -38.953 47.721 0.555556
32580 28.594 -39.158 47.693 0.444444
32581 29.041 -38.780 47.472 0.333333
32582 26.047 -39.233 47.831 0.111111
32583 25.226 -39.261 47.779 0.333333
32584 24.398 -39.282 47.672 0.333333
32585 23.558 -39.270 47.562 0.222222
32589 36.146 -38.051 47.035 0.666667
32590 35.270 -38.379 47.081 0.666667
32591 28.220 -38.921 47.380 0.222222
32592 27.266 -38.912 47.230 0.222222
32594 25.642 -38.919 47.099 0.111111
32595 24.881 -39.061 46.981 0.222222
32596 24.098 -38.976 46.863 0.111111
32597 23.415 -38.965 46.754 0.111111
32604 37.434 -38.119 45.964 0.777778
32605 26.880 -38.540 46.453 0.111111
32608 25.384 -38.263 45.681 0.111111
32613 20.091 -39.191 45.508 0.111111
32619 38.067 -38.126 45.237 0.777778
32620 38.367 -37.422 45.035 0.666667
32621 37.766 -37.433 45.733 0.666667
32625 22.561 -38.518 44.828 0.111111
32626 20.494 -38.874 45.006 0.111111
32634 39.274 -37.980 43.983 0.888889
32635 39.649 -37.311 43.742 0.888889
32636 39.088 -37.303 44.428 0.666667
32637 21.868 -38.329 44.311 0.111111
32638 20.994 -38.347 44.038 0.111111
32646 40.019 -38.069 42.466 0.888889
32647 40.670 -37.449 42.290 0.888889
32648 40.164 -37.324 43.172 0.888889
32649 34.245 -38.403 43.049 0.333333
32650 33.608 -38.268 43.645 0.333333
32651 33.592 -38.555 42.882 0.333333
32652 32.682 -38.404 43.725 0.444444
32653 32.241 -38.546 42.829 0.222222
32661 40.883 -38.044 41.183 0.888889
32662 41.419 -37.204 41.623 0.888889
32663 34.848 -38.420 42.414 0.222222
32664 35.522 -38.003 42.579 0.111111
32665 34.982 -37.793 43.272 0.333333
32666 33.974 -38.758 42.181 0.111111
32667 33.236 -38.697 41.586 0.111111
32668 32.367 -38.626 41.880 0.111111
32669 31.536 -38.461 42.127 0.222222
32680 41.213 -38.121 40.549 0.888889
32681 41.656 -37.563 40.804 0.888889
32687 31.694 -38.191 41.271 0.111111
32692 41.422 -38.131 40.201 0.888889
32693 41.835 -37.644 40.341 0.888889
32702 41.960 -37.669 40.071 0.888889
32703 41.261 -38.371 39.784 0.777778
32704 41.754 -37.918 39.781 0.888889
32713 41.355 -38.066 39.313 0.777778
32714 39.693 -38.296 37.890 0.666667
32715 40.686 -37.699 38.265 0.777778
32723 39.748 -37.688 36.935 0.666667
32737 39.525 -38.092 35.849 0.555556
32744 45.019 -39.423 34.742 0.111111
32745 45.515 -38.122 35.239 0.333333
32746 45.015 -38.891 35.259 0.111111
32747 44.476 -38.977 35.262 0.111111
32748 42.803 -38.696 34.972 0.111111
32749 43.864 -38.506 35.079 0.111111
32750 41.626 -38.819 34.997 0.333333
32751 40.609 -38.471 35.036 0.333333
32752 39.976 -38.664 35.372 0.444444
32756 45.344 -39.233 34.135 0.111111
32757 46.217 -38.053 34.754 0.222222
32758 42.872 -37.749 34.594 0.333333
32759 41.833 -37.807 34.571 0.333333
32760 40.877 -37.792 34.769 0.333333
32763 44.771 -39.065 33.478 0.111111
32764 45.793 -38.734 33.928 0.222222
32769 45.117 -38.119 33.046 0.111111
32770 44.131 -38.447 32.588 0.111111
32771 42.498 -39.011 32.468 0.111111
32772 41.986 -38.275 31.601 0.111111
32782 42.663 -38.145 31.583 0.111111
33372 32.858 -38.395 47.857 0.777778
33373 32.126 -38.182 47.549 0.777778
33374 31.025 -38.391 47.385 0.666667
33375 30.124 -38.467 47.446 0.555556
33376 29.619 -38.373 47.281 0.333333
33381 35.707 -37.767 46.841 0.666667
33382 34.918 -38.379 46.971 0.666667
33383 33.417 -38.690 47.319 0.666667
33384 31.912 -37.940 47.000 0.444444
33385 30.460 -38.066 47.016 0.444444
33386 29.448 -38.031 46.697 0.333333
33387 28.778 -38.307 46.863 0.222222
33392 37.215 -37.560 46.213 0.666667
33393 36.150 -37.354 46.357 0.555556
33394 35.563 -37.489 46.310 0.555556
33395 34.764 -37.862 46.448 0.666667
33396 32.559 -37.943 46.360 0.555556
33397 31.497 -38.018 46.098 0.444444
33398 29.922 -38.011 46.231 0.333333
33399 29.164 -37.806 45.949 0.222222
33400 28.515 -37.810 45.634 0.222222
33407 38.030 -36.939 45.415 0.666667
33408 37.388 -37.045 46.024 0.666667
33409 34.016 -37.704 45.370 0.444444
33410 34.933 -37.347 45.672 0.555556
33411 33.034 -37.807 45.546 0.555556
33412 30.395 -37.969 45.549 0.444444
33413 29.729 -37.752 44.800 0.222222
33414 28.975 -37.688 44.748 0.222222
33415 28.207 -37.568 44.905 0.222222
33419 23.352 -38.256 44.549 0.111111
33425 39.518 -36.750 43.818 0.777778
33426 38.559 -36.972 44.819 0.555556
33427 34.696 -37.322 44.115 0.444444
33428 35.302 -37.000 43.849 0.444444
33429 35.314 -36.900 44.744 0.444444
33430 34.084 -37.807 44.402 0.444444
33431 33.161 -37.968 44.582 0.333333
33432 31.776 -38.448 43.639 0.444444
33433 30.424 -38.003 44.383 0.333333
33434 29.348 -37.813 43.944 0.222222
33435 28.369 -37.559 44.086 0.222222
33436 27.555 -37.318 44.273 0.111111
33437 26.971 -37.227 44.437 0.111111
33438 26.278 -37.334 44.186 0.111111
33439 24.774 -37.900 44.044 0.111111
33440 25.452 -37.507 43.500 0.111111
33441 23.946 -37.939 43.891 0.111111
33442 23.130 -37.929 43.763 0.111111
33443 22.354 -37.977 43.646 0.111111
33444 21.554 -38.074 43.492 0.111111
33448 41.148 -36.702 42.480 0.888889
33449 40.560 -36.778 43.046 0.888889
33450 40.073 -36.879 43.479 0.888889
33451 35.870 -37.198 43.134 0.333333
33452 30.940 -38.296 43.615 0.333333
33453 30.133 -37.990 43.407 0.222222
33454 29.395 -37.823 43.034 0.222222
33455 28.636 -37.545 43.265 0.222222
33456 27.692 -37.198 43.380 0.111111
33468 42.110 -37.071 41.187 0.888889
33469 42.254 -36.128 41.875 0.888889
33470 41.798 -36.608 41.859 0.888889
33471 36.163 -37.752 42.204 0.111111
33472 36.864 -37.411 41.766 0.222222
33473 36.697 -36.976 42.656 0.222222
33474 31.019 -38.073 41.673 0.111111
33475 30.244 -37.699 41.630 0.111111
33476 29.490 -37.401 42.036 0.111111
33477 28.976 -37.378 42.526 0.111111
33487 42.181 -37.279 40.603 0.888889
33488 42.557 -36.883 40.820 0.888889
33489 36.959 -37.694 40.834 0.111111
33490 37.349 -36.834 41.306 0.333333
33491 30.894 -37.724 41.029 0.111111
33492 30.155 -37.351 40.715 0.111111
33493 29.427 -37.238 41.171 0.111111
33505 43.023 -36.557 40.096 0.777778
33506 42.944 -36.526 40.529 0.777778
33508 37.420 -37.080 40.328 0.222222
33511 30.210 -37.118 39.820 0.111111
33512 29.446 -36.942 40.355 0.111111
33519 42.739 -36.862 39.665 0.888889
33520 42.229 -37.485 39.717 0.888889
33530 42.414 -37.210 39.063 0.888889
33531 41.810 -37.704 39.164 0.888889
33539 41.539 -37.110 38.316 0.777778
33540 40.645 -37.055 37.179 0.777778
33552 40.174 -37.278 35.904 0.333333
33568 46.074 -37.352 35.285 0.222222
33569 44.779 -38.303 35.306 0.111111
33570 45.173 -37.495 35.338 0.333333
33571 40.436 -37.127 34.993 0.333333
33577 46.577 -37.125 35.008 0.222222
33578 46.935 -36.490 34.976 0.222222
33579 46.633 -36.512 35.144 0.333333
33580 43.985 -37.590 34.901 0.222222
33581 42.899 -36.859 34.408 0.444444
33582 42.054 -37.091 34.366 0.555556
33583 41.168 -36.893 34.502 0.444444
33587 46.386 -37.435 34.255 0.222222
33590 45.714 -37.378 33.244 0.111111
33591 44.288 -37.746 32.281 0.111111
33592 42.672 -37.410 31.020 0.111111
33599 42.087 -37.622 30.918 0.111111
33600 41.485 -37.695 31.119 0.111111
33611 42.077 -37.060 30.288 0.111111
33612 41.429 -37.260 30.240 0.111111
34261 36.737 -36.978 46.014 0.444444
34262 35.893 -37.106 45.779 0.555556
34268 37.460 -36.759 45.258 0.555556
34269 36.409 -36.737 45.098 0.555556
34275 39.689 -36.310 43.433 0.777778
34276 39.093 -36.600 43.981 0.444444
34277 38.392 -36.695 44.668 0.555556
34278 36.904 -36.358 44.378 0.555556
34279 37.745 -36.360 44.298 0.555556
34280 35.983 -36.566 44.087 0.222222
34281 26.927 -36.989 43.871 0.111111
34282 26.257 -37.133 43.367 0.111111
34290 41.180 -35.837 42.684 0.888889
34291 40.178 -36.496 43.346 0.777778
34292 37.263 -36.387 43.088 0.444444
34293 37.912 -36.198 43.433 0.555556
34294 36.627 -36.489 43.512 0.333333
34295 28.195 -37.101 42.527 0.111111
34296 27.418 -36.988 42.461 0.111111
34297 26.303 -37.058 42.570 0.111111
34303 41.490 -36.217 42.457 0.888889
34304 37.386 -36.714 42.267 0.222222
34305 38.021 -36.154 41.959 0.222222
34306 28.626 -37.039 41.677 0.111111
34307 27.772 -36.801 41.754 0.111111
34308 27.126 -36.739 41.767 0.111111
34315 42.778 -36.371 41.130 0.888889
34316 43.293 -36.053 40.820 0.888889
34317 42.902 -35.799 41.470 0.888889
34318 37.754 -36.190 40.812 0.333333
34319 38.413 -35.540 41.309 0.222222
34332 43.572 -36.088 40.181 0.888889
34333 37.893 -36.485 39.810 0.222222
34334 38.326 -35.729 40.287 0.222222
34348 43.497 -36.255 39.513 0.888889
34350 38.408 -35.902 39.313 0.111111
34363 43.496 -35.996 38.768 0.888889
34364 42.210 -36.542 38.381 0.888889
34365 42.770 -36.111 38.414 0.888889
34376 42.106 -35.878 37.730 0.888889
34377 40.627 -36.372 36.133 0.666667
34378 41.292 -35.652 36.677 0.777778
34387 40.649 -36.402 35.058 0.333333
34388 41.016 -35.732 35.493 0.666667
34406 41.300 -35.993 34.649 0.666667
34423 47.169 -36.126 34.462 0.222222
34424 47.264 -35.963 35.067 0.222222
34425 45.620 -36.675 35.207 0.222222
34426 42.755 -35.944 34.171 0.555556
34427 41.925 -36.338 34.321 0.555556
34432 46.721 -36.789 34.576 0.222222
34435 46.303 -36.656 33.558 0.222222
34436 45.470 -36.780 32.608 0.222222
34437 44.049 -37.145 31.782 0.111111
34438 44.642 -36.439 31.970 0.111111
34441 43.973 -35.830 31.444 0.111111
34442 42.646 -36.727 30.593 0.111111
34443 43.267 -36.266 30.972 0.111111
34448 42.655 -35.972 30.425 0.111111
34449 41.420 -36.656 29.612 0.111111
34450 41.985 -36.360 29.984 0.111111
34463 41.434 -36.122 29.172 0.111111
35078 39.186 -36.223 43.411 0.444444
35079 38.551 -36.397 43.885 0.555556
35084 41.758 -35.678 42.392 0.888889
35085 41.851 -35.090 42.262 0.888889
35086 41.338 -35.271 42.523 0.888889
35087 41.018 -34.826 42.548 0.555556
35088 39.133 -35.716 43.010 0.555556
35089 39.865 -35.675 43.139 0.666667
35090 38.396 -35.958 42.845 0.333333
35095 42.337 -35.402 42.003 0.888889
35096 42.924 -35.012 41.660 0.888889
35097 42.237 -34.663 41.932 0.777778
35098 39.979 -34.546 42.229 0.333333
35099 38.772 -35.468 42.321 0.444444
35104 43.497 -35.456 41.120 0.777778
35105 39.137 -34.887 41.635 0.222222
35112 44.184 -35.493 40.090 0.888889
35113 44.577 -34.670 40.074 0.888889
35114 44.110 -35.065 40.658 0.777778
35115 38.817 -35.220 39.851 0.111111
35122 43.969 -35.647 39.152 0.888889
35123 44.288 -35.037 39.487 0.888889
35124 38.965 -35.305 38.906 0.111111
35125 39.350 -34.674 39.549 0.111111
35139 44.037 -34.950 38.990 0.888889
35140 42.877 -35.506 38.095 0.888889
35141 43.619 -35.258 38.560 0.888889
35142 38.984 -35.191 37.913 0.111111
35143 39.398 -34.591 38.626 0.111111
35158 43.036 -34.708 37.645 0.777778
35159 42.160 -35.186 37.150 0.777778
35160 42.170 -34.518 36.551 0.777778
35170 41.590 -35.091 35.995 0.777778
35178 41.523 -35.258 34.902 0.777778
35195 47.716 -35.390 34.638 0.333333
35196 48.032 -34.843 34.633 0.333333
35197 47.603 -35.254 34.939 0.333333
35198 47.001 -35.509 35.143 0.333333
35199 46.079 -35.784 34.986 0.333333
35200 44.662 -35.747 34.511 0.444444
35201 42.716 -35.077 33.842 0.555556
35202 42.870 -34.260 33.663 0.555556
35203 42.159 -34.500 33.897 0.666667
35204 41.964 -35.390 34.212 0.666667
35217 47.536 -35.386 33.791 0.333333
35218 48.143 -34.875 34.139 0.222222
35226 46.519 -35.765 33.269 0.222222
35227 45.589 -36.059 32.527 0.111111
35228 45.688 -35.266 32.393 0.222222
35231 44.751 -35.483 32.032 0.111111
35232 44.163 -34.847 31.483 0.111111
35233 43.297 -35.446 30.980 0.111111
35236 42.709 -35.237 30.459 0.111111
35237 41.981 -35.545 29.814 0.111111
35243 41.754 -34.875 29.515 0.111111
35244 41.300 -35.533 28.854 0.111111
35919 41.660 -34.557 42.111 0.777778
35920 40.333 -35.036 42.754 0.666667
35925 42.921 -34.085 41.744 0.777778
35926 42.205 -34.118 41.810 0.777778
35927 41.352 -34.233 42.117 0.555556
35928 40.770 -34.404 42.413 0.444444
35929 41.064 -33.785 42.033 0.555556
35934 43.687 -34.610 41.348 0.777778
35935 44.455 -34.017 40.781 0.777778
35936 43.810 -33.757 41.491 0.777778
35937 40.378 -33.967 41.820 0.333333
35938 39.727 -34.284 41.237 0.111111
35943 44.856 -33.742 39.974 0.888889
35953 44.504 -34.228 38.945 0.888889
35954 39.833 -33.987 39.275 0.111111
35960 43.865 -34.511 38.368 0.888889
35961 39.911 -33.560 37.852 0.111111
35969 43.508 -34.031 37.670 0.888889
35970 42.775 -33.905 36.968 0.777778
35984 41.792 -34.581 35.286 0.777778
35985 42.163 -33.906 35.829 0.777778
35991 41.807 -34.759 34.413 0.666667
35992 41.905 -33.994 34.445 0.666667
36004 48.386 -34.435 34.313 0.222222
36005 48.197 -34.093 34.584 0.222222
36006 47.107 -34.675 35.002 0.333333
36007 46.037 -34.769 34.733 0.444444
36008 44.864 -34.881 34.258 0.333333
36009 44.927 -33.949 34.144 0.444444
36010 42.349 -33.717 33.849 0.777778
36019 48.465 -34.259 33.810 0.222222
36020 43.854 -34.100 33.754 0.555556
36031 47.728 -34.600 33.153 0.222222
36032 46.675 -34.996 32.785 0.222222
36033 46.612 -34.278 32.434 0.222222
36039 45.761 -34.492 32.164 0.222222
36040 44.989 -34.152 31.617 0.222222
36041 44.255 -33.849 31.184 0.222222
36044 42.885 -33.774 30.467 0.111111
36045 42.402 -34.564 30.150 0.111111
36048 41.258 -34.648 29.037 0.111111
36749 42.573 -33.622 41.727 0.666667
36750 41.993 -33.791 41.773 0.777778
36751 41.617 -33.694 41.825 0.777778
36752 42.043 -33.131 41.722 0.777778
36769 44.323 -33.023 41.266 0.777778
36770 43.339 -33.102 41.676 0.777778
36771 41.305 -33.172 41.678 0.444444
36772 40.125 -33.699 40.928 0.111111
36773 40.671 -33.366 41.467 0.111111
36793 44.971 -33.049 40.496 0.777778
36794 40.240 -33.636 40.033 0.111111
36795 40.571 -32.945 39.904 0.222222
36808 45.283 -32.639 39.259 0.777778
36821 44.138 -33.700 38.140 0.888889
36822 44.807 -33.264 38.698 0.777778
36823 40.390 -32.794 38.078 0.111111
36834 44.347 -32.880 37.929 0.888889
36835 43.465 -33.230 37.277 0.888889
36836 43.090 -32.438 36.450 0.777778
36837 40.111 -33.165 37.306 0.111111
36850 42.628 -33.227 36.288 0.777778
36851 42.519 -32.760 35.425 0.777778
36862 42.316 -33.215 34.452 0.777778
36882 48.668 -33.817 34.267 0.222222
36883 48.839 -32.916 34.222 0.222222
36884 48.538 -33.234 34.426 0.222222
36885 48.035 -33.347 34.718 0.333333
36886 47.310 -33.782 34.768 0.333333
36887 46.063 -33.828 34.558 0.333333
36888 46.120 -32.897 34.320 0.555556
36889 42.622 -33.078 33.971 0.666667
36901 48.757 -33.368 33.605 0.222222
36902 45.016 -33.054 33.906 0.444444
36903 44.032 -33.241 33.681 0.444444
36904 43.081 -33.364 33.685 0.666667
36913 47.135 -33.705 32.449 0.222222
36921 45.875 -33.627 31.881 0.111111
36922 44.441 -32.849 31.149 0.111111
36925 43.120 -32.890 30.543 0.111111
37553 42.642 -33.069 41.685 0.666667
37573 44.849 -32.114 41.026 0.777778
37574 43.210 -32.309 41.652 0.666667
37575 42.531 -32.411 41.619 0.444444
37576 40.989 -32.509 40.636 0.222222
37577 41.635 -32.449 41.393 0.222222
37588 45.380 -32.259 40.101 0.777778
37589 45.556 -31.389 40.112 0.777778
37590 45.220 -31.567 40.653 0.777778
37613 45.513 -31.795 39.446 0.888889
37614 44.957 -32.425 38.526 0.888889
37615 40.670 -31.929 37.786 0.111111
37628 44.480 -32.056 37.739 0.888889
37629 43.745 -31.650 36.887 0.888889
37630 40.366 -32.497 37.179 0.111111
37631 40.556 -31.590 36.908 0.111111
37639 43.120 -31.764 36.026 0.888889
37666 42.684 -32.462 34.507 0.777778
37682 49.098 -32.220 34.202 0.111111
37683 48.904 -32.337 34.305 0.111111
37684 48.190 -32.594 34.621 0.222222
37685 47.258 -32.752 34.611 0.444444
37686 43.014 -32.564 33.870 0.777778
37687 43.491 -31.874 33.718 0.666667
37688 43.015 -31.956 34.084 0.666667
37697 49.524 -31.812 34.028 0.111111
37698 46.218 -32.004 34.076 0.444444
37699 45.113 -32.150 33.740 0.555556
37700 44.147 -32.376 33.571 0.555556
37706 49.178 -32.491 33.818 0.111111
37707 48.899 -32.515 32.880 0.111111
37708 48.056 -31.960 32.164 0.111111
37714 46.991 -32.086 31.814 0.222222
37715 46.133 -32.155 31.512 0.111111
37716 45.478 -31.732 31.283 0.111111
37717 44.848 -32.113 31.205 0.222222
37722 44.160 -31.987 31.007 0.222222
37723 43.337 -32.021 30.736 0.111111
38313 44.824 -31.323 40.986 0.777778
38314 45.178 -30.832 40.685 0.777778
38315 44.568 -30.817 41.013 0.666667
38316 44.041 -30.913 41.239 0.555556
38317 43.619 -31.504 41.462 0.555556
38318 42.983 -31.060 41.349 0.444444
38319 42.276 -31.035 40.888 0.222222
38330 45.576 -30.707 40.116 0.666667
38342 45.683 -30.986 39.485 0.888889
38343 41.210 -31.315 39.310 0.111111
38344 41.679 -30.476 39.612 0.111111
38356 45.100 -31.631 38.311 0.888889
38357 45.561 -31.276 38.854 0.888889
38359 40.913 -31.254 38.358 0.111111
38368 45.402 -30.853 38.052 0.888889
38369 44.689 -31.253 37.482 0.888889
38370 40.761 -30.716 37.161 0.111111
38388 44.128 -30.792 36.679 0.888889
38389 43.261 -30.774 34.973 0.777778
38407 42.971 -31.618 34.988 0.777778
38408 43.239 -31.291 34.127 0.777778
38419 49.342 -31.704 34.138 0.222222
38420 49.825 -31.209 34.146 0.333333
38421 49.103 -31.619 34.243 0.222222
38422 48.342 -31.734 34.449 0.222222
38423 47.333 -31.846 34.435 0.444444
38424 43.653 -30.891 33.807 0.666667
38430 49.937 -31.350 33.650 0.111111
38431 46.441 -31.185 33.758 0.555556
38432 45.325 -31.316 33.575 0.555556
38433 44.233 -31.354 33.527 0.555556
38439 49.044 -31.726 32.505 0.111111
38440 49.267 -30.959 32.341 0.222222
38445 48.309 -31.161 31.886 0.111111
38446 47.256 -31.238 31.606 0.111111
38447 46.288 -31.392 31.400 0.111111
38448 45.595 -30.870 31.081 0.111111
38456 43.852 -31.088 30.812 0.111111
38457 43.232 -30.565 30.533 0.111111
39074 44.771 -30.031 40.847 0.666667
39075 44.254 -30.377 41.077 0.555556
39076 43.571 -30.371 41.224 0.555556
39077 42.686 -30.288 41.053 0.444444
39078 43.189 -29.472 41.041 0.444444
39081 45.353 -30.061 40.317 0.555556
39082 42.438 -29.748 40.658 0.555556
39083 42.000 -29.739 39.984 0.333333
39090 45.747 -30.168 39.627 0.777778
39091 41.604 -29.757 39.134 0.111111
39103 45.887 -30.358 38.724 0.888889
39104 41.219 -29.682 38.227 0.111111
39105 40.923 -29.980 37.404 0.111111
39112 45.700 -30.046 37.762 0.888889
39113 44.972 -30.470 37.229 0.888889
39133 44.493 -30.140 36.530 0.888889
39134 43.731 -30.195 35.801 0.777778
39142 43.554 -29.995 34.793 0.777778
39149 49.950 -30.611 34.071 0.333333
39150 49.565 -31.149 34.177 0.444444
39151 48.652 -30.913 34.196 0.444444
39152 49.272 -30.345 34.045 0.444444
39153 47.536 -31.004 34.199 0.555556
39154 43.674 -29.896 33.960 0.777778
39158 50.317 -30.164 33.557 0.444444
39159 48.431 -30.111 34.011 0.444444
39160 47.772 -30.332 34.029 0.444444
39161 46.661 -30.255 33.650 0.555556
39162 44.702 -29.936 33.444 0.777778
39163 44.084 -30.324 33.657 0.555556
39168 50.159 -30.771 33.026 0.222222
39169 50.436 -29.864 32.764 0.333333
39173 49.688 -30.167 32.081 0.222222
39174 48.578 -30.424 31.631 0.222222
39175 47.612 -30.515 31.370 0.111111
39176 47.954 -29.993 31.142 0.222222
39182 47.206 -29.910 30.889 0.111111
39183 44.877 -30.383 30.676 0.111111
39184 43.958 -30.091 30.552 0.111111
39897 45.213 -29.286 40.466 0.444444
39898 44.591 -29.140 40.781 0.444444
39899 44.085 -29.700 41.061 0.666667
39900 43.940 -28.898 40.931 0.555556
39904 45.712 -29.369 39.875 0.777778
39905 45.086 -28.521 40.491 0.333333
39906 42.494 -29.007 40.303 0.333333
39914 46.126 -29.469 39.156 0.555556
39915 46.092 -28.647 39.430 0.555556
39916 42.066 -28.421 39.552 0.333333
39917 41.684 -28.975 38.812 0.222222
39922 46.192 -29.464 38.353 0.888889
39923 46.433 -28.685 38.680 0.888889
39924 41.482 -28.793 37.928 0.111111
39927 46.489 -28.478 37.875 0.888889
39928 45.214 -29.711 36.866 0.888889
39929 46.024 -29.176 37.490 0.888889
39930 41.180 -29.329 37.466 0.111111
39931 40.902 -29.442 36.736 0.111111
39944 45.432 -28.899 36.345 0.777778
39945 44.549 -29.550 36.009 0.777778
39946 44.483 -28.810 35.493 0.777778
39952 43.868 -29.400 35.256 0.777778
39953 43.691 -29.247 34.472 0.777778
39960 43.700 -29.113 33.906 0.777778
39966 50.648 -29.251 33.258 0.333333
39967 50.706 -28.461 33.082 0.333333
39968 50.127 -28.712 33.442 0.333333
39969 48.757 -29.486 33.893 0.444444
39970 47.520 -29.557 33.639 0.444444
39971 46.151 -29.395 33.149 0.666667
39972 46.749 -28.730 32.896 0.555556
39973 44.879 -29.123 33.067 0.777778
39974 44.297 -28.503 33.264 0.777778
39975 44.074 -29.321 33.583 0.777778
39980 50.565 -29.060 32.550 0.333333
39981 45.668 -28.695 32.781 0.666667
39986 50.211 -29.527 32.037 0.222222
39987 49.508 -29.431 31.645 0.111111
39988 48.678 -29.700 31.402 0.111111
39989 48.725 -28.900 31.190 0.222222
39997 47.789 -29.331 30.764 0.111111
39998 46.882 -29.256 30.480 0.111111
40761 45.609 -28.604 40.027 0.333333
40762 45.922 -27.926 39.585 0.333333
40763 45.399 -27.903 40.101 0.333333
40764 44.944 -27.886 40.451 0.333333
40765 44.483 -28.342 40.681 0.333333
40766 43.769 -28.087 40.740 0.333333
40767 42.783 -27.975 40.335 0.444444
40773 46.464 -27.912 39.093 0.666667
40774 42.262 -27.568 39.453 0.444444
40778 46.678 -27.821 38.402 0.666667
40783 46.152 -28.457 37.048 0.888889
40784 41.244 -28.710 37.100 0.111111
40797 45.966 -28.167 36.397 0.888889
40798 45.204 -28.161 35.706 0.777778
40805 43.931 -28.792 34.852 0.777778
40806 44.380 -28.115 34.875 0.777778
40814 43.830 -28.533 34.199 0.777778
40821 49.207 -28.746 33.662 0.444444
40822 48.022 -28.723 33.402 0.555556
40823 48.524 -28.033 33.090 0.444444
40824 44.403 -27.755 33.020 0.666667
40825 43.992 -28.089 33.636 0.777778
40832 50.805 -27.952 32.557 0.444444
40833 47.178 -27.849 32.610 0.666667
40834 45.908 -28.009 32.503 0.666667
40835 44.913 -28.238 32.738 0.666667
40840 50.568 -27.906 31.582 0.333333
40841 50.939 -27.537 31.929 0.444444
40847 50.779 -27.176 31.067 0.333333
40848 49.945 -27.734 30.935 0.333333
40849 47.970 -28.483 30.413 0.222222
40850 48.951 -28.110 30.751 0.222222
40859 48.178 -27.627 29.971 0.111111
41531 45.634 -27.261 39.718 0.333333
41532 45.098 -27.293 40.202 0.333333
41533 44.420 -27.442 40.517 0.333333
41534 43.495 -27.314 40.439 0.444444
41535 44.064 -26.677 40.289 0.444444
41538 45.880 -26.543 39.487 0.555556
41539 43.308 -26.784 40.019 0.444444
41543 46.941 -26.974 38.318 0.555556
41544 42.030 -27.236 38.709 0.444444
41549 46.665 -27.638 37.209 0.888889
41563 45.910 -27.484 36.065 0.888889
41564 45.625 -26.699 35.616 0.777778
41577 45.021 -27.394 35.318 0.777778
41578 44.518 -27.317 34.579 0.888889
41586 44.076 -27.843 34.176 0.777778
41587 44.310 -27.283 33.734 0.666667
41593 50.328 -28.004 33.233 0.444444
41594 49.561 -28.048 33.336 0.555556
41595 44.579 -27.088 33.027 0.666667
41604 51.129 -27.235 32.025 0.666667
41605 51.505 -26.444 31.452 0.555556
41606 51.311 -26.709 32.074 0.555556
41607 50.862 -27.369 32.490 0.555556
41608 49.803 -27.322 33.131 0.666667
41609 48.890 -27.345 32.941 0.555556
41610 47.040 -26.826 32.370 0.666667
41611 46.095 -27.172 32.280 0.777778
41612 45.125 -27.361 32.626 0.666667
41618 51.212 -26.948 31.524 0.444444
41627 49.117 -27.291 30.256 0.222222
41628 50.057 -27.120 30.350 0.333333
41631 49.532 -26.596 29.652 0.222222
41703 52.476 -26.308 20.342 0.111111
42284 44.785 -26.658 40.139 0.444444
42287 46.515 -25.658 38.837 0.555556
42288 45.955 -25.851 39.331 0.555556
42289 45.199 -25.987 39.740 0.555556
42290 44.555 -25.973 39.905 0.555556
42291 42.665 -26.677 39.205 0.333333
42292 43.648 -26.142 39.692 0.444444
42296 47.073 -25.983 38.302 0.555556
42297 43.146 -25.957 38.931 0.333333
42298 42.126 -26.688 38.207 0.111111
42299 42.633 -26.105 38.299 0.111111
42303 47.150 -25.871 37.291 0.666667
42304 42.115 -26.097 37.665 0.111111
42310 46.541 -26.598 36.527 0.666667
42311 46.094 -26.014 35.840 0.777778
42326 44.959 -26.747 35.017 0.888889
42327 45.363 -25.942 35.019 0.777778
42335 44.730 -26.575 34.350 0.777778
42336 44.742 -26.498 33.468 0.777778
42343 44.972 -26.688 32.886 0.666667
42344 45.371 -25.864 32.958 0.777778
42349 51.903 -25.659 31.338 0.444444
42350 51.373 -25.999 32.015 0.555556
42351 50.710 -26.467 32.536 0.666667
42352 50.011 -26.523 32.931 0.666667
42353 48.250 -25.790 32.437 0.777778
42354 47.030 -25.789 32.275 0.777778
42355 46.102 -26.276 32.284 0.777778
42366 51.403 -26.332 30.762 0.444444
42367 50.506 -26.474 30.209 0.444444
42370 50.824 -25.743 29.863 0.444444
42371 49.547 -26.037 28.918 0.111111
42372 50.340 -25.674 28.907 0.222222
42386 49.438 -25.634 28.457 0.222222
42388 48.604 -25.721 27.894 0.222222
42439 51.725 -25.706 20.485 0.111111
42440 50.757 -25.869 20.505 0.111111
42443 49.312 -25.427 21.106 0.111111
42447 47.126 -25.626 20.896 0.111111
43116 46.267 -24.866 38.653 0.555556
43117 45.887 -25.358 39.032 0.555556
43118 45.248 -25.339 39.475 0.555556
43119 44.718 -25.331 39.611 0.555556
43120 45.098 -24.768 39.186 0.555556
43124 46.814 -25.062 38.327 0.555556
43125 44.470 -24.924 39.031 0.444444
43126 43.206 -25.521 38.285 0.111111
43127 43.833 -24.924 38.345 0.222222
43131 47.331 -25.006 37.079 0.666667
43132 43.170 -25.016 37.611 0.111111
43133 42.119 -25.597 37.259 0.111111
43134 42.452 -25.061 37.113 0.111111
43143 46.802 -25.574 36.424 0.666667
43144 46.845 -24.646 36.253 0.777778
43145 41.859 -25.340 36.737 0.111111
43155 46.078 -25.195 35.588 0.777778
43156 45.491 -24.879 34.538 0.777778
43163 45.011 -25.731 34.026 0.777778
43164 45.326 -25.047 33.565 0.888889
43169 45.771 -24.793 32.891 0.888889
43176 51.935 -24.742 31.319 0.444444
43177 51.271 -25.105 31.752 0.444444
43178 50.686 -25.391 32.278 0.555556
43179 49.341 -24.818 32.444 0.777778
43180 47.546 -24.942 32.291 0.777778
43181 46.492 -24.772 32.420 0.777778
43188 52.002 -25.126 30.609 0.444444
43198 51.488 -25.457 30.196 0.444444
43204 51.514 -24.836 29.728 0.444444
43205 51.063 -25.247 29.198 0.222222
43216 50.193 -25.106 28.467 0.222222
43217 49.230 -24.659 28.353 0.111111
43218 48.373 -25.056 27.863 0.111111
43220 47.336 -25.261 27.314 0.111111
43221 46.808 -25.699 26.707 0.111111
43223 46.291 -25.739 26.217 0.111111
43224 45.781 -25.611 25.481 0.111111
43226 45.418 -25.398 24.652 0.111111
43228 45.348 -25.264 23.779 0.111111
43233 46.276 -25.026 22.028 0.111111
43234 46.712 -24.146 22.522 0.111111
43241 49.706 -24.596 21.478 0.111111
43243 48.866 -24.817 21.565 0.111111
43244 48.561 -24.238 21.788 0.111111
43245 47.808 -24.810 21.518 0.111111
43246 47.876 -24.034 22.179 0.111111
43831 45.629 -24.784 38.904 0.555556
43840 46.716 -24.025 38.358 0.555556
43841 46.111 -24.141 38.657 0.444444
43842 45.523 -23.952 38.720 0.444444
43843 44.596 -24.272 38.489 0.555556
43844 44.956 -23.522 38.357 0.555556
43849 47.290 -23.561 37.920 0.555556
43850 47.365 -23.151 37.413 0.777778
43851 44.295 -23.660 37.710 0.222222
43852 42.983 -24.417 36.996 0.222222
43853 43.618 -23.790 36.950 0.222222
43863 47.483 -23.977 37.036 0.777778
43864 46.816 -23.718 36.007 0.777778
43865 42.843 -23.751 36.378 0.111111
43875 46.151 -24.320 35.320 0.777778
43876 46.303 -23.504 34.911 0.777778
43885 45.851 -24.073 34.419 0.777778
43886 45.630 -24.280 33.576 0.777778
43891 46.163 -23.846 32.765 0.777778
43896 52.093 -23.860 31.370 0.444444
43897 51.295 -24.102 31.846 0.555556
43898 50.612 -24.000 32.261 0.666667
43899 50.164 -24.544 32.506 0.666667
43900 49.286 -23.743 32.530 0.777778
43907 52.287 -24.376 30.903 0.444444
43908 52.513 -23.601 31.020 0.444444
43918 52.236 -23.597 30.657 0.444444
43919 51.817 -24.305 30.264 0.444444
43932 51.306 -24.160 29.675 0.222222
43933 50.965 -24.604 28.948 0.222222
43953 50.092 -24.304 28.614 0.222222
43954 49.184 -24.026 28.646 0.111111
43955 47.682 -24.508 27.979 0.111111
43956 48.435 -24.307 28.385 0.111111
43965 46.861 -24.404 27.582 0.111111
43966 46.395 -24.986 26.810 0.111111
43967 45.988 -24.007 27.166 0.111111
43972 45.233 -24.741 25.789 0.111111
43973 45.438 -24.421 26.501 0.111111
43974 44.617 -23.874 26.095 0.111111
43976 44.817 -24.430 25.169 0.111111
43977 44.303 -23.342 25.199 0.111111
43984 45.055 -24.494 24.240 0.111111
43985 44.579 -23.870 24.574 0.111111
43987 45.501 -23.711 22.979 0.111111
43991 46.367 -23.805 22.513 0.111111
44558 46.881 -23.216 38.373 0.555556
44559 46.306 -23.316 38.593 0.444444
44560 45.607 -23.076 38.492 0.444444
44561 46.142 -22.755 38.445 0.666667
44573 47.116 -22.262 37.114 0.777778
44574 47.122 -22.716 37.988 0.666667
44575 45.435 -22.363 37.971 0.555556
44576 44.609 -22.383 37.477 0.333333
44583 47.247 -23.018 36.640 0.777778
44584 47.258 -22.105 36.190 0.777778
44585 44.022 -22.922 37.125 0.333333
44586 42.985 -22.928 35.658 0.111111
44587 43.652 -22.612 36.368 0.444444
44594 46.881 -22.820 35.535 0.777778
44596 42.603 -22.523 34.740 0.111111
44602 46.032 -23.465 33.737 0.777778
44603 46.549 -22.727 34.315 0.777778
44611 46.595 -22.900 33.223 0.777778
44612 47.542 -22.407 32.996 0.777778
44613 46.933 -22.009 33.898 0.777778
44621 51.765 -23.233 31.893 0.444444
44622 51.611 -22.554 32.293 0.444444
44623 50.938 -23.223 32.332 0.555556
44624 49.668 -23.026 32.686 0.777778
44625 48.779 -22.723 32.742 0.777778
44633 52.667 -22.943 30.897 0.444444
44634 52.390 -23.102 31.373 0.444444
44641 52.254 -22.836 30.560 0.444444
44642 51.692 -23.581 30.217 0.333333
44662 51.204 -23.569 29.910 0.222222
44663 50.704 -23.812 29.235 0.222222
44664 49.867 -23.767 28.836 0.111111
44665 49.215 -23.533 29.002 0.111111
44666 48.460 -23.685 28.762 0.111111
44667 48.565 -23.175 29.274 0.111111
44668 47.679 -23.201 29.035 0.111111
44677 47.746 -23.873 28.485 0.111111
44678 47.013 -23.448 28.575 0.111111
44687 45.079 -23.619 26.812 0.111111
44688 45.524 -23.126 27.409 0.111111
44689 44.759 -22.796 26.945 0.111111
44697 44.320 -22.777 26.143 0.111111
44703 44.846 -23.648 23.757 0.111111
44704 44.335 -23.254 24.336 0.111111
45334 46.630 -22.861 38.388 0.666667
45349 46.960 -21.472 36.937 0.666667
45350 46.780 -21.942 37.378 0.666667
45351 46.419 -22.272 37.917 0.666667
45352 45.646 -21.682 37.510 0.555556
45353 44.949 -21.279 36.996 0.444444
45368 47.219 -21.391 36.562 0.666667
45369 44.240 -21.993 36.849 0.444444
45370 44.405 -21.554 36.232 0.444444
45376 47.013 -21.930 34.991 0.777778
45377 47.412 -21.263 35.823 0.777778
45378 43.701 -21.985 35.825 0.333333
45379 43.119 -22.113 35.151 0.111111
45380 43.530 -21.498 35.042 0.444444
45387 47.503 -21.249 34.628 0.777778
45388 43.024 -21.842 34.463 0.111111
45395 49.378 -22.145 32.832 0.777778
45396 50.256 -22.696 32.684 0.777778
45397 48.307 -21.734 33.088 0.777778
45398 48.091 -21.047 33.894 0.777778
45406 52.238 -22.536 31.834 0.444444
45407 52.553 -21.841 31.546 0.444444
45408 52.144 -22.062 32.171 0.444444
45409 50.941 -22.317 32.620 0.666667
45416 52.666 -22.093 30.903 0.444444
45433 51.636 -22.928 30.239 0.444444
45434 52.152 -22.162 30.555 0.333333
45435 50.842 -23.063 29.980 0.111111
45436 50.789 -22.126 30.279 0.111111
45437 49.905 -22.757 30.043 0.111111
45438 49.725 -21.838 30.341 0.111111
45439 48.854 -22.468 29.907 0.111111
45451 46.903 -22.819 28.909 0.111111
45452 46.437 -22.055 28.778 0.111111
45458 46.358 -22.790 28.420 0.111111
45459 45.770 -22.044 28.238 0.111111
45465 45.072 -22.156 27.580 0.111111
45466 44.421 -21.964 26.764 0.111111
45483 44.072 -22.457 25.385 0.111111
46150 46.831 -21.211 36.878 0.666667
46151 46.409 -21.560 37.230 0.666667
46152 45.824 -21.211 37.044 0.444444
46153 46.454 -20.818 36.700 0.555556
46164 47.111 -20.807 36.503 0.666667
46165 46.935 -20.653 36.559 0.666667
46166 45.648 -20.796 36.537 0.333333
46167 44.990 -21.136 36.001 0.444444
46175 47.761 -20.567 35.650 0.555556
46176 44.161 -21.289 35.551 0.333333
46177 44.675 -20.771 35.288 0.222222
46184 48.765 -20.398 34.461 0.777778
46185 44.033 -21.031 34.925 0.222222
46191 50.146 -21.683 33.036 0.666667
46192 50.985 -21.607 32.773 0.444444
46193 50.555 -20.875 33.156 0.666667
46194 49.691 -20.673 33.715 0.666667
46196 43.658 -21.146 33.162 0.111111
46200 52.411 -21.183 31.453 0.444444
46201 52.219 -21.450 32.061 0.444444
46202 51.631 -21.874 32.498 0.444444
46203 43.947 -21.383 32.225 0.111111
46209 52.558 -21.388 31.159 0.444444
46212 45.674 -20.870 31.522 0.111111
46228 52.382 -21.387 30.964 0.444444
46229 51.684 -21.478 30.630 0.333333
46230 50.682 -21.155 30.545 0.333333
46231 49.588 -20.753 30.376 0.111111
46232 48.740 -21.393 30.221 0.111111
46237 47.982 -21.816 29.858 0.111111
46238 47.422 -21.061 29.488 0.111111
46239 46.706 -21.116 28.928 0.111111
46246 46.070 -21.218 28.349 0.111111
46252 45.498 -21.305 27.739 0.111111
46253 44.835 -21.225 27.125 0.111111
46263 44.380 -21.135 26.350 0.111111
46906 47.504 -20.171 36.051 0.555556
46907 47.164 -20.319 36.270 0.444444
46908 46.816 -20.187 36.340 0.444444
46909 45.406 -20.365 35.847 0.222222
46910 46.107 -20.129 36.281 0.333333
46918 48.202 -19.982 35.567 0.666667
46919 47.987 -19.401 35.744 0.444444
46920 45.115 -20.176 34.985 0.111111
46921 45.801 -19.741 35.598 0.222222
46926 49.425 -19.977 34.452 0.666667
46927 44.892 -20.053 34.061 0.111111
46928 45.572 -19.595 34.640 0.111111
46929 44.426 -20.622 34.488 0.111111
46935 51.558 -20.990 32.595 0.444444
46936 51.824 -19.987 32.399 0.444444
46937 50.882 -20.025 33.084 0.444444
46938 50.483 -19.203 34.067 0.444444
46939 44.798 -20.050 33.158 0.111111
46940 45.453 -19.653 33.701 0.111111
46941 44.363 -20.704 32.710 0.111111
46947 52.162 -20.692 31.788 0.444444
46948 52.182 -19.864 31.653 0.444444
46949 46.772 -19.873 31.633 0.111111
46950 46.197 -20.186 32.197 0.111111
46951 45.191 -20.438 32.357 0.111111
46969 51.646 -19.899 31.093 0.333333
46970 50.597 -20.092 30.648 0.222222
46971 49.356 -19.780 30.288 0.222222
46972 48.591 -20.411 30.149 0.111111
46978 47.854 -20.208 29.558 0.111111
46979 47.230 -20.186 28.820 0.111111
46987 46.612 -20.380 28.145 0.111111
46992 45.532 -20.598 27.203 0.111111
47639 47.338 -19.736 35.961 0.444444
47640 46.603 -19.632 35.931 0.333333
47644 48.818 -19.424 35.283 0.555556
47645 49.134 -18.545 35.285 0.555556
47646 48.455 -18.809 35.520 0.444444
47647 48.075 -18.693 35.556 0.333333
47648 47.685 -19.126 35.723 0.333333
47649 47.106 -19.138 35.619 0.222222
47653 49.824 -18.539 34.603 0.444444
47654 50.636 -18.160 34.425 0.444444
47655 49.539 -17.842 34.866 0.555556
47656 46.091 -19.118 34.275 0.111111
47657 46.848 -18.822 34.889 0.333333
47661 52.384 -18.584 32.740 0.444444
47662 51.486 -19.080 33.292 0.444444
47663 46.906 -18.985 33.794 0.111111
47664 47.496 -18.456 34.550 0.333333
47665 46.204 -19.558 33.231 0.111111
47672 52.457 -19.025 31.864 0.444444
47673 47.037 -19.513 32.578 0.222222
47674 47.762 -18.839 33.297 0.222222
47687 47.263 -19.309 31.602 0.111111
47688 46.719 -19.660 30.960 0.111111
47698 51.680 -19.055 31.193 0.222222
47699 49.116 -18.953 30.120 0.222222
47700 49.877 -18.384 30.211 0.222222
47708 48.565 -18.982 29.220 0.222222
47709 47.941 -19.557 28.970 0.222222
47716 48.175 -18.987 28.225 0.111111
47717 47.151 -19.733 27.500 0.111111
48407 48.684 -18.049 35.235 0.555556
48408 47.571 -18.673 35.354 0.333333
48412 50.169 -17.338 34.602 0.555556
48413 49.246 -17.333 34.748 0.666667
48414 48.077 -18.153 35.114 0.333333
48415 48.684 -17.572 34.822 0.333333
48419 52.356 -17.780 33.071 0.444444
48420 51.536 -18.056 33.669 0.444444
48421 48.109 -17.996 34.195 0.333333
48422 49.148 -16.897 33.246 0.444444
48426 52.613 -18.239 32.177 0.444444
48427 48.406 -18.486 32.745 0.333333
48428 48.753 -17.700 32.499 0.333333
48443 52.169 -18.533 31.463 0.444444
48444 48.183 -17.483 31.628 0.111111
48445 47.252 -17.833 31.088 0.111111
48446 47.022 -18.809 31.002 0.111111
48451 51.538 -18.128 30.976 0.222222
48452 50.615 -17.765 30.410 0.222222
48453 49.793 -17.649 29.688 0.222222
48454 46.424 -18.094 30.608 0.111111
48461 48.713 -18.483 28.673 0.111111
48462 49.126 -17.737 28.676 0.222222
48470 48.648 -18.240 27.754 0.111111
48471 48.193 -18.821 27.245 0.111111
48482 48.180 -18.620 26.509 0.111111
48483 48.664 -18.285 26.779 0.111111
48491 48.190 -18.377 25.852 0.111111
48492 48.787 -18.211 26.177 0.111111
48502 48.209 -18.040 25.222 0.111111
48503 48.926 -17.985 25.703 0.111111
48510 47.475 -17.850 24.530 0.111111
49169 51.441 -17.135 33.901 0.444444
49170 50.728 -16.845 34.470 0.444444
49171 49.910 -16.614 34.372 0.444444
49172 49.254 -16.986 34.363 0.555556
49173 49.562 -16.238 33.885 0.555556
49177 52.143 -16.982 33.192 0.444444
49190 52.472 -17.402 32.427 0.444444
49191 49.262 -16.035 32.987 0.444444
49192 48.818 -16.741 32.240 0.333333
49198 52.042 -17.577 31.149 0.222222
49199 48.156 -16.287 31.561 0.111111
49200 47.194 -16.668 31.045 0.111111
49201 46.563 -17.247 30.735 0.111111
49205 51.378 -17.224 30.675 0.222222
49206 50.572 -16.822 29.853 0.222222
49213 49.756 -16.995 29.019 0.111111
49219 49.139 -17.686 27.081 0.111111
49220 49.416 -16.925 27.986 0.111111
49228 49.720 -17.650 26.368 0.111111
49229 49.728 -17.127 27.044 0.111111
49230 49.144 -17.981 26.356 0.111111
49236 51.084 -17.339 25.900 0.111111
49237 51.983 -16.964 25.833 0.111111
49238 51.345 -16.954 26.340 0.111111
49239 50.233 -17.659 25.918 0.111111
49240 49.430 -17.938 26.009 0.111111
49252 50.837 -17.238 24.822 0.111111
49253 51.491 -17.291 25.333 0.222222
49254 50.003 -17.531 25.268 0.111111
49255 49.315 -17.710 25.384 0.111111
49260 49.950 -17.240 24.463 0.111111
49261 50.491 -16.907 24.032 0.111111
49262 49.248 -17.468 24.722 0.111111
49263 48.309 -17.532 24.420 0.111111
49265 49.576 -16.885 23.682 0.111111
49266 48.732 -16.828 22.967 0.111111
49278 57.502 -17.870 20.279 0.111111
49284 57.387 -17.803 19.054 0.111111
49936 51.269 -15.699 33.655 0.333333
49937 50.985 -16.304 34.157 0.444444
49938 50.611 -16.113 34.176 0.444444
49939 50.101 -15.792 34.105 0.444444
49948 51.846 -16.233 33.181 0.333333
49949 49.777 -15.498 33.648 0.222222
49959 52.254 -16.471 32.630 0.444444
49960 49.524 -15.202 32.777 0.444444
49961 48.847 -15.762 32.111 0.444444
49966 48.319 -15.441 31.499 0.222222
49967 47.553 -15.616 31.075 0.222222
49974 51.455 -16.484 30.326 0.111111
49975 52.065 -15.833 30.422 0.222222
49982 51.221 -15.982 29.620 0.111111
49983 51.185 -15.675 28.953 0.111111
49993 51.005 -15.866 28.151 0.111111
49994 51.810 -15.742 27.669 0.222222
49995 51.807 -15.449 28.651 0.111111
49996 50.264 -16.513 27.551 0.111111
50003 51.931 -16.306 26.675 0.222222
50004 52.877 -16.215 26.242 0.111111
50005 51.146 -16.449 27.106 0.111111
50013 53.670 -16.250 26.065 0.111111
50014 53.563 -15.770 26.526 0.111111
50024 54.376 -17.145 25.103 0.111111
50025 54.566 -16.643 25.225 0.111111
50026 54.162 -16.515 25.670 0.111111
50027 53.352 -17.245 25.114 0.111111
50028 52.407 -17.251 25.179 0.111111
50036 54.785 -17.283 24.250 0.111111
50037 55.128 -17.012 24.629 0.222222
50038 53.784 -17.288 24.485 0.111111
50040 51.255 -16.944 24.269 0.111111
50044 55.989 -16.454 22.975 0.111111
50045 55.503 -16.746 23.645 0.222222
50052 56.068 -17.507 22.201 0.111111
50053 56.459 -17.187 22.337 0.111111
50064 57.288 -17.554 21.016 0.111111
50072 57.586 -17.079 20.334 0.111111
50080 57.677 -17.530 19.509 0.111111
50777 50.933 -15.125 33.813 0.444444
50778 50.650 -15.475 33.943 0.444444
50789 51.927 -15.417 32.942 0.333333
50790 50.640 -14.904 33.655 0.333333
50791 50.113 -14.821 33.465 0.333333
50797 52.439 -14.953 31.718 0.222222
50798 52.371 -14.032 32.103 0.222222
50799 51.758 -14.348 32.699 0.222222
50800 49.849 -14.283 32.801 0.444444
50801 49.047 -14.801 31.860 0.333333
50805 52.649 -15.139 30.932 0.333333
50806 52.760 -14.136 31.506 0.222222
50807 48.128 -14.891 31.068 0.222222
50808 47.325 -14.986 30.573 0.222222
50812 52.626 -15.056 30.122 0.222222
50813 53.071 -14.355 30.763 0.222222
50819 52.655 -15.056 29.223 0.222222
50820 53.402 -14.465 29.915 0.333333
50821 51.939 -15.473 29.482 0.222222
50830 52.586 -15.254 28.246 0.333333
50831 53.330 -14.776 28.821 0.333333
50838 53.245 -15.565 27.009 0.222222
50839 53.988 -15.210 27.266 0.222222
50840 53.300 -15.155 27.832 0.333333
50850 54.035 -15.800 26.290 0.111111
50851 54.328 -15.823 25.781 0.222222
50852 54.391 -15.043 26.729 0.222222
50860 54.672 -15.503 24.903 0.222222
50869 55.246 -15.943 24.166 0.222222
50870 55.752 -15.614 23.680 0.222222
50871 55.568 -14.568 24.379 0.222222
50878 55.836 -15.152 22.977 0.222222
50883 56.560 -16.037 22.324 0.111111
50887 57.228 -16.517 21.119 0.111111
50888 57.116 -17.003 21.828 0.111111
50894 57.086 -15.734 20.261 0.111111
50898 57.446 -16.300 19.556 0.111111
50900 57.635 -16.701 18.860 0.111111
51562 51.039 -14.402 33.251 0.222222
51563 50.431 -14.214 33.187 0.222222
51566 52.061 -13.500 32.194 0.333333
51567 51.417 -13.778 32.679 0.222222
51568 50.264 -13.742 32.777 0.222222
51572 52.707 -13.206 31.820 0.333333
51573 47.905 -14.359 30.554 0.111111
51574 48.815 -14.363 31.129 0.222222
51578 53.373 -13.426 30.732 0.333333
51579 47.806 -14.002 30.027 0.111111
51580 48.650 -13.896 30.398 0.222222
51581 47.298 -14.465 30.056 0.111111
51587 53.957 -14.016 29.315 0.333333
51588 54.185 -12.648 29.768 0.333333
51589 53.859 -13.405 30.184 0.333333
51590 47.451 -14.101 29.301 0.111111
51591 48.301 -13.711 29.511 0.111111
51598 53.960 -14.586 28.336 0.333333
51599 54.496 -13.593 28.863 0.333333
51608 54.677 -14.275 27.818 0.222222
51609 54.913 -14.035 26.929 0.222222
51610 55.161 -13.231 27.667 0.222222
51621 55.103 -13.392 26.148 0.222222
51631 55.059 -13.949 25.201 0.222222
51638 55.710 -13.081 23.902 0.222222
51648 55.872 -13.621 22.994 0.222222
51659 56.000 -14.410 22.247 0.222222
51664 56.552 -14.986 20.961 0.111111
51665 56.428 -15.063 21.766 0.111111
51667 56.580 -14.304 20.031 0.111111
51669 56.689 -13.904 19.237 0.111111
51671 56.739 -14.895 17.685 0.111111
51679 56.600 -14.692 16.592 0.111111
51687 56.771 -14.476 15.510 0.111111
51701 57.239 -14.168 14.411 0.111111
52333 51.455 -13.194 32.314 0.333333
52334 50.514 -13.409 32.418 0.222222
52339 52.422 -12.848 31.872 0.333333
52340 51.917 -12.765 31.834 0.333333
52341 50.956 -12.973 31.873 0.333333
52342 50.117 -13.358 31.669 0.333333
52346 52.984 -12.644 31.368 0.333333
52347 52.532 -12.444 31.369 0.333333
52348 50.293 -13.083 30.286 0.222222
52349 51.426 -12.687 31.053 0.333333
52350 49.253 -13.448 29.793 0.222222
52357 54.722 -12.369 29.003 0.222222
52358 53.438 -12.542 30.527 0.333333
52359 49.967 -13.041 29.279 0.222222
52360 51.160 -12.725 29.883 0.111111
52366 55.112 -12.272 28.229 0.222222
52368 50.795 -12.749 28.756 0.111111
52374 55.188 -12.210 27.367 0.222222
52384 55.278 -12.183 26.489 0.222222
52389 55.267 -12.406 25.470 0.222222
52395 55.505 -11.601 23.778 0.222222
52396 55.326 -12.080 24.543 0.222222
52403 56.129 -12.079 23.107 0.222222
52411 56.232 -12.681 22.180 0.222222
52421 56.393 -12.651 21.270 0.222222
52426 56.730 -12.924 19.849 0.111111
52427 56.460 -13.396 20.649 0.111111
52429 56.785 -12.711 19.125 0.111111
52439 56.564 -13.626 17.268 0.111111
52440 56.512 -12.841 16.757 0.111111
52447 56.762 -13.577 15.320 0.111111
52448 56.513 -13.677 16.215 0.111111
52458 57.002 -13.367 14.629 0.111111
52473 57.587 -13.213 13.058 0.111111
52486 57.583 -13.804 11.989 0.111111
52487 57.065 -12.947 11.357 0.111111
53125 53.020 -12.102 30.759 0.333333
53126 52.330 -12.203 30.539 0.333333
53133 52.952 -11.794 30.024 0.222222
53139 54.417 -11.505 28.459 0.222222
53140 53.465 -11.325 28.754 0.111111
53142 51.679 -12.372 28.211 0.111111
53148 54.863 -11.564 27.741 0.222222
53159 54.969 -11.202 26.877 0.222222
53167 55.166 -11.288 25.898 0.222222
53176 55.071 -11.108 24.392 0.222222
53182 55.788 -10.897 23.117 0.222222
53188 56.137 -11.309 22.433 0.222222
53194 55.839 -10.902 21.836 0.222222
53202 56.692 -11.953 19.721 0.111111
53203 56.546 -12.057 20.572 0.222222
53211 56.539 -12.458 17.975 0.111111
53212 56.183 -11.678 17.894 0.111111
53223 56.363 -12.020 17.049 0.111111
53230 56.691 -12.896 15.228 0.111111
53231 56.428 -12.440 16.059 0.111111
53235 57.094 -12.733 14.223 0.111111
53236 56.465 -12.168 15.176 0.111111
53245 57.282 -12.255 13.091 0.111111
53259 57.173 -12.349 11.968 0.111111
53275 55.144 -11.611 11.184 0.111111
53283 56.387 -12.368 10.935 0.111111
53284 55.703 -11.955 10.888 0.111111
53928 53.748 -10.959 27.992 0.111111
53935 54.334 -10.985 27.522 0.111111
53936 53.483 -10.808 27.039 0.222222
53943 54.327 -10.758 26.737 0.222222
53944 53.783 -10.775 25.979 0.111111
53945 52.700 -11.022 26.060 0.111111
53950 54.633 -10.896 25.949 0.222222
53951 54.113 -10.730 25.042 0.111111
53958 54.593 -10.835 24.080 0.222222
53959 54.213 -10.751 24.143 0.111111
53960 52.605 -10.692 23.906 0.111111
53961 53.619 -10.580 24.121 0.111111
53966 55.159 -10.285 23.136 0.111111
53967 55.111 -10.669 23.686 0.222222
53968 52.290 -10.524 23.015 0.111111
53969 53.245 -10.265 23.324 0.111111
53973 55.576 -10.573 22.595 0.111111
53979 55.475 -11.014 21.157 0.111111
53980 55.134 -10.816 22.248 0.111111
53981 54.722 -11.065 21.426 0.111111
53982 54.486 -10.757 22.159 0.111111
53984 53.814 -10.496 22.420 0.111111
53989 56.394 -11.365 20.213 0.111111
53990 55.968 -10.932 20.370 0.111111
54024 56.817 -11.767 14.234 0.111111
54028 56.790 -11.459 13.409 0.111111
54029 56.422 -10.800 14.144 0.111111
54037 52.719 -10.903 13.160 0.111111
54050 56.785 -12.051 11.291 0.111111
54051 55.172 -10.535 11.178 0.111111
54052 54.520 -11.191 11.669 0.111111
54053 53.694 -10.782 12.496 0.111111
54058 56.123 -11.563 11.153 0.111111
54059 55.423 -11.313 11.148 0.111111
54729 54.552 -10.459 23.535 0.222222
54730 54.054 -10.368 23.481 0.111111
54735 54.570 -10.223 23.118 0.111111
54736 53.907 -10.218 23.004 0.111111
54742 55.046 -10.301 22.825 0.111111
54743 54.557 -10.364 22.754 0.111111
54799 56.264 -10.918 13.015 0.111111
54805 56.472 -10.019 12.550 0.111111
54806 56.303 -10.183 13.519 0.111111
54807 52.925 -10.394 13.146 0.111111
54808 53.723 -10.038 12.481 0.111111
54809 52.216 -10.056 13.531 0.111111
54823 56.133 -10.575 11.679 0.111111
54824 55.054 -9.659 11.267 0.111111
54825 54.528 -10.403 11.632 0.111111
54828 55.654 -10.795 11.274 0.111111
54829 55.677 -9.819 11.212 0.111111
55557 56.452 -9.354 13.478 0.111111
55558 56.183 -8.850 14.371 0.111111
55560 51.685 -9.651 13.932 0.111111
55574 56.664 -8.988 12.592 0.111111
55575 53.807 -9.256 12.702 0.111111
55576 53.072 -9.747 13.231 0.111111
55585 56.316 -9.428 11.713 0.111111
55586 55.016 -8.829 11.582 0.111111
55587 54.464 -9.518 11.937 0.111111
55593 56.048 -8.979 11.250 0.111111
55594 55.595 -8.946 11.273 0.111111
56326 56.447 -8.031 14.426 0.111111
56327 56.194 -7.463 15.381 0.111111
56332 56.895 -7.744 13.583 0.111111
56345 56.763 -8.133 12.678 0.111111
56346 54.494 -8.798 12.253 0.111111
56355 56.382 -8.550 11.811 0.111111
56356 54.831 -7.900 11.990 0.111111
56364 55.969 -8.248 11.410 0.111111
56365 55.527 -8.070 11.522 0.111111
57139 57.024 -7.350 12.676 0.111111
57151 56.405 -7.704 11.889 0.111111
57152 55.585 -7.165 11.549 0.111111
57153 56.013 -7.348 11.406 0.111111
57154 56.110 -6.545 11.372 0.111111
57946 57.092 -6.518 12.655 0.111111
57960 56.595 -6.024 11.713 0.111111
58729 56.964 -5.593 12.707 0.111111
59444 53.400 -4.319 18.667 0.111111
89137 47.198 -25.296 37.812 0.666667
89248 44.944 -37.295 32.340 0.111111
89249 57.330 -13.521 13.914 0.111111
89256 47.008 -26.636 37.527 0.666667
89294 38.717 -38.046 44.546 0.666667
89365 23.914 -41.582 43.168 0.111111
89370 19.402 -42.226 49.887 0.222222
89388 56.306 -11.683 21.548 0.222222
89422 44.756 -22.944 37.927 0.444444
89425 18.193 -42.834 49.662 0.111111
89432 31.405 -37.834 40.456 0.111111
89444 30.781 -38.139 42.301 0.222222
89517 29.274 -36.794 39.574 0.111111
89541 57.447 -12.920 12.236 0.111111
89552 48.898 -17.199 23.892 0.111111
89585 41.703 -26.645 37.490 0.111111
89602 39.619 -37.988 43.227 0.888889
89642 48.814 -17.768 25.168 0.111111
89925 42.621 -25.587 37.666 0.111111
90039 26.687 -41.058 43.700 0.111111
90074 26.465 -41.180 44.542 0.111111
90117 45.789 -22.720 27.962 0.111111
90171 48.149 -33.878 33.062 0.222222
90234 53.596 -16.805 25.617 0.111111
90250 56.103 -11.228 20.930 0.111111
90257 30.017 -37.866 42.551 0.222222
90347 22.404 -42.143 45.716 0.222222
90370 31.807 -38.047 45.073 0.444444
90387 43.779 -24.385 37.619 0.222222
90425 34.009 -38.351 46.826 0.777778
90428 46.524 -32.857 31.894 0.222222
90481 8.695 -45.369 57.798 0.333333
90511 24.313 -42.031 45.293 0.333333
90546 25.555 -41.650 45.674 0.444444
90565 31.354 -38.325 44.366 0.444444
90584 31.249 -37.900 46.875 0.555556
90615 43.860 -25.466 39.120 0.555556
90622 39.197 -39.487 38.766 0.666667
90623 32.284 -37.908 45.619 0.444444
90795 50.408 -27.330 32.963 0.444444
90797 40.690 -38.443 38.986 0.666667
90811 23.199 -42.197 46.288 0.444444
90818 42.089 -30.362 40.466 0.222222
90827 45.444 -32.678 31.445 0.222222
90868 46.673 -26.483 39.042 0.555556
90886 25.450 -40.921 42.467 0.111111
90911 41.751 -28.025 38.583 0.111111
90926 43.399 -23.210 36.481 0.111111
91058 41.340 -36.397 37.460 0.777778
91064 27.510 -41.037 43.489 0.111111
91115 25.448 -41.717 46.507 0.444444
91223 27.805 -37.822 45.437 0.222222
91356 11.869 -45.198 57.514 0.222222
91385 52.596 -15.635 27.249 0.222222
91435 23.226 -41.982 44.546 0.111111
91514 16.457 -41.090 53.226 0.222222
91623 42.830 -27.228 39.975 0.444444
91630 51.985 -16.713 30.885 0.222222
91636 30.742 -37.549 40.317 0.111111
91746 56.818 -11.592 12.286 0.111111
91792 34.984 -44.598 39.513 0.111111
91836 42.815 -41.109 35.156 0.111111
91837 46.392 -23.539 27.939 0.111111
91838 50.205 -23.565 32.539 0.666667
91899 18.397 -40.129 46.452 0.111111
91910 30.451 -41.094 43.316 0.111111
91975 50.131 -19.167 30.470 0.222222
92040 20.118 -42.839 47.320 0.111111
92093 37.421 -43.536 40.579 0.333333
92130 52.377 -17.749 31.698 0.444444
92146 19.185 -39.922 46.617 0.111111
92229 43.450 -37.822 31.763 0.111111
92296 30.717 -38.005 46.509 0.444444
92327 50.103 -25.601 32.648 0.666667
92418 46.460 -29.813 30.739 0.111111
92497 26.756 -41.396 46.728 0.444444
92507 45.377 -25.143 23.082 0.111111
92566 28.178 -38.092 46.093 0.111111
92590 27.315 -41.089 44.333 0.111111
92645 46.998 -24.155 32.403 0.777778
92704 42.311 -31.707 41.367 0.333333
92724 49.298 -25.745 32.585 0.777778
92831 50.293 -15.286 33.853 0.444444
92871 34.609 -37.339 44.870 0.555556
92874 40.387 -38.295 41.782 0.888889
92889 50.143 -20.065 33.906 0.666667
92908 55.244 -17.288 23.745 0.111111
92943 29.711 -40.976 43.518 0.111111
92949 44.783 -31.360 31.026 0.111111
93086 45.759 -24.244 22.886 0.111111
93141 25.569 -40.679 41.657 0.111111
93243 51.808 -17.171 24.725 0.111111
93328 33.700 -42.225 41.761 0.222222
93386 14.267 -44.358 51.655 0.111111
93400 37.790 -36.220 42.758 0.333333
93401 27.908 -41.229 46.818 0.333333
93504 18.497 -40.093 49.149 0.111111
93506 29.485 -37.768 45.438 0.222222
93567 43.412 -30.565 34.238 0.666667
93596 32.580 -38.419 41.073 0.111111
93627 27.407 -37.512 44.869 0.111111
93681 32.494 -37.906 45.020 0.555556
93704 47.547 -19.595 28.213 0.111111
93744 46.287 -27.218 39.274 0.444444
93812 16.769 -40.706 51.405 0.222222
93813 9.813 -43.339 55.750 0.111111
93855 47.936 -27.333 32.681 0.666667
93859 25.490 -37.779 44.268 0.111111
93972 17.633 -40.111 48.661 0.222222
94088 19.911 -40.607 49.337 0.222222
94155 45.309 -24.354 23.489 0.111111
94182 45.513 -26.673 32.561 0.777778
94234 26.420 -38.858 47.127 0.111111
94275 43.500 -32.683 33.680 0.666667
94312 31.591 -41.525 44.950 0.111111
94387 15.463 -40.534 54.022 0.111111
94393 41.939 -29.173 39.545 0.222222
94448 48.040 -26.611 32.558 0.777778
94452 46.025 -25.444 32.445 0.888889
94463 49.704 -13.523 30.708 0.222222
94618 24.488 -41.590 47.486 0.555556
94630 51.439 -20.640 30.846 0.333333
94637 43.992 -32.197 41.527 0.777778
94702 49.110 -26.582 32.756 0.777778
94783 17.600 -40.350 46.254 0.111111
94808 56.190 -13.847 21.457 0.111111
94864 36.162 -44.178 41.192 0.333333
94890 10.241 -45.414 57.689 0.333333
94930 32.465 -41.013 46.878 0.555556
94988 44.106 -36.574 34.658 0.444444
95060 48.143 -24.178 32.366 0.777778
95154 8.289 -55.258 51.102 0.111111
95233 50.848 -18.607 30.729 0.222222
95318 7.301 -54.206 51.950 0.111111
95354 13.917 -44.645 52.894 0.222222
95404 55.189 -11.376 25.131 0.222222
95458 48.481 -19.593 29.796 0.222222
95535 54.001 -11.142 20.800 0.111111
95552 53.531 -11.969 30.063 0.333333
95566 21.929 -39.785 48.060 0.222222
95706 7.878 -51.818 54.949 0.111111
95744 56.923 -15.053 19.546 0.111111
95858 10.358 -45.991 57.016 0.333333
95905 49.489 -31.938 33.291 0.111111
95912 7.092 -48.311 57.866 0.111111
95923 9.444 -47.601 56.858 0.333333
95963 52.246 -19.280 32.338 0.444444
95969 39.547 -35.121 42.679 0.222222
96176 28.381 -39.817 48.564 0.555556
96184 21.269 -41.356 48.532 0.333333
96241 50.026 -23.352 29.367 0.111111
96255 50.744 -24.632 32.126 0.555556
96289 50.766 -13.732 32.797 0.333333
96316 30.959 -41.220 42.774 0.111111
96375 45.752 -25.051 22.540 0.111111
96376 55.756 -14.435 23.649 0.222222
96386 45.527 -30.530 33.493 0.777778
96395 35.143 -44.757 37.832 0.111111
96455 13.543 -41.170 53.897 0.111111
96464 44.894 -21.824 37.437 0.444444
96480 53.045 -13.395 31.368 0.333333
96499 42.996 -36.577 38.965 0.888889
96532 42.434 -37.130 40.234 0.777778
96675 20.523 -40.823 49.068 0.333333
96683 45.501 -19.918 32.911 0.111111
96719 44.253 -20.569 33.604 0.111111
96760 55.206 -13.042 26.949 0.222222
96794 47.947 -17.278 22.472 0.111111
96839 38.717 -35.143 40.717 0.111111
96868 18.511 -42.805 48.848 0.111111
96876 39.622 -40.084 40.860 0.777778
96891 43.268 -36.988 31.239 0.111111
96994 47.841 -18.531 31.683 0.111111
97132 52.859 -16.970 25.541 0.111111
97135 49.802 -29.626 33.748 0.444444
97192 21.129 -38.684 44.756 0.111111
97239 15.107 -40.776 49.433 0.111111
97274 43.801 -32.434 37.288 0.888889
97290 52.271 -15.936 31.284 0.333333
97302 37.581 -43.066 39.301 0.444444
97322 40.951 -30.534 37.936 0.111111
97325 44.938 -33.515 39.361 0.777778
97490 41.885 -39.875 35.375 0.333333
97536 46.293 -19.228 35.213 0.222222
97591 52.611 -22.476 31.279 0.444444
97641 12.625 -44.338 57.778 0.222222
97644 51.073 -19.353 30.920 0.222222
97763 9.677 -51.965 52.455 0.111111
97770 47.240 -24.495 37.798 0.555556
97978 45.607 -38.812 34.780 0.222222
97982 47.211 -22.168 29.361 0.111111
98064 40.514 -33.100 40.733 0.222222
98079 36.821 -38.031 46.574 0.666667
98104 56.706 -7.416 14.366 0.111111
98109 6.984 -47.537 57.842 0.111111
98123 55.325 -13.216 24.680 0.222222
98143 52.565 -11.755 28.255 0.111111
98153 50.728 -28.275 32.302 0.444444
98189 39.872 -40.904 36.358 0.333333
98260 16.969 -40.272 48.408 0.111111
98315 34.464 -42.925 42.760 0.222222
98369 14.079 -43.848 53.379 0.333333
98395 40.124 -42.846 35.711 0.111111
98400 35.103 -43.272 43.092 0.222222
98428 44.966 -25.562 39.796 0.555556
98430 16.701 -40.920 52.874 0.222222
98443 15.279 -40.801 54.702 0.111111
98460 48.198 -23.255 32.593 0.777778
98504 56.539 -6.867 11.801 0.111111
98515 33.377 -41.528 45.772 0.444444
98593 42.643 -40.060 33.243 0.111111
98607 37.801 -43.721 36.424 0.111111
98624 17.451 -43.192 49.635 0.222222
98687 56.361 -10.923 12.176 0.111111
98700 8.453 -56.951 49.591 0.111111
98743 36.500 -43.981 41.296 0.333333
98766 28.865 -37.697 45.323 0.222222
98774 45.792 -30.059 30.759 0.111111
98861 40.754 -36.258 42.896 0.888889
98928 39.725 -33.966 38.433 0.111111
98993 56.635 -8.505 13.530 0.111111
99052 33.678 -37.888 46.284 0.444444
99095 37.251 -36.195 43.773 0.555556
99213 29.547 -40.969 44.212 0.111111
99251 26.709 -37.671 44.876 0.111111
99268 25.299 -38.675 46.448 0.222222
99307 56.988 -15.241 18.741 0.111111
99311 51.865 -25.867 30.837 0.444444
99320 32.208 -38.240 44.402 0.444444
99402 40.630 -35.583 42.824 0.777778
99404 54.594 -14.668 25.873 0.222222
99448 44.974 -33.416 31.422 0.111111
99489 48.961 -21.178 33.334 0.777778
99559 45.170 -33.046 39.794 0.777778
99810 14.869 -40.623 53.455 0.111111
99834 47.761 -34.640 34.841 0.333333
100068 25.730 -37.173 42.843 0.111111
100089 32.370 -42.018 44.415 0.111111
100159 52.267 -16.848 31.704 0.333333
100221 22.865 -39.094 47.152 0.111111
100334 37.836 -42.032 42.476 0.555556
100351 51.500 -22.366 30.330 0.222222
100372 52.017 -20.666 31.200 0.444444
100376 47.138 -23.387 32.605 0.777778
100484 45.974 -20.682 27.773 0.111111
100509 50.340 -16.203 28.767 0.111111
100516 15.166 -49.405 52.454 0.222222
100540 43.787 -35.713 40.559 0.777778
100542 56.436 -11.406 11.635 0.111111
100543 48.777 -17.585 33.623 0.333333
100556 7.594 -45.719 57.608 0.111111
100613 48.027 -22.626 29.526 0.111111
100646 29.433 -41.279 45.512 0.111111
100720 11.314 -48.721 52.184 0.111111
100735 6.915 -55.063 51.168 0.111111
100754 37.471 -40.651 44.664 0.666667
100767 46.714 -27.257 38.927 0.555556
100771 43.905 -28.698 33.694 0.777778
100802 52.749 -17.190 24.575 0.111111
100851 45.547 -29.843 33.356 0.666667
100908 44.351 -31.440 41.274 0.666667
100909 31.595 -38.606 47.620 0.666667
100956 54.782 -10.890 25.009 0.222222
100992 40.031 -37.842 35.120 0.333333
101019 38.302 -40.990 43.558 0.666667
101042 49.421 -13.892 31.164 0.222222
101127 49.593 -17.771 25.723 0.111111
101185 34.221 -38.818 47.183 0.777778
101186 50.195 -30.845 33.845 0.222222
101199 16.726 -41.872 52.819 0.222222
101254 28.222 -40.801 47.407 0.444444
101407 22.652 -38.141 44.235 0.111111
101442 14.804 -40.850 50.181 0.111111
101484 42.955 -31.777 41.585 0.333333
101643 41.828 -33.972 29.746 0.111111
101664 54.114 -11.703 29.442 0.222222
101672 50.036 -28.701 31.554 0.222222
101698 25.301 -41.212 43.240 0.111111
101740 8.139 -56.623 50.090 0.111111
101741 49.182 -25.234 28.171 0.111111
101756 42.224 -33.381 35.283 0.777778
101887 49.607 -19.285 34.621 0.666667
101940 50.809 -15.689 33.987 0.555556
101956 27.664 -39.267 47.846 0.333333
101961 56.716 -13.547 18.377 0.111111
102048 46.996 -24.675 21.794 0.111111
102056 14.345 -45.057 54.484 0.222222
102069 43.704 -34.943 33.880 0.444444
102155 9.188 -50.513 54.309 0.111111
102165 20.528 -38.673 44.455 0.111111
102216 47.123 -19.946 28.164 0.111111
102222 49.725 -31.429 32.929 0.111111
102235 21.375 -41.252 48.784 0.333333
102263 47.853 -32.966 32.478 0.222222
102321 29.463 -37.658 42.544 0.222222
102406 20.019 -41.374 49.291 0.222222
102540 24.652 -41.451 43.399 0.111111
102544 39.932 -43.023 36.296 0.222222
102610 36.567 -37.481 46.437 0.666667
102614 43.393 -31.093 35.971 0.888889
102657 20.701 -42.572 47.256 0.222222
102658 31.478 -38.043 47.025 0.555556
102720 43.659 -33.435 30.797 0.111111
102813 40.785 -31.201 37.617 0.111111
102842 42.863 -41.206 34.938 0.111111
102856 5.799 -49.624 57.506 0.111111
102881 47.406 -20.748 36.260 0.555556
102891 19.473 -42.933 47.441 0.111111
102907 21.452 -41.789 47.967 0.444444
102929 33.071 -38.665 42.413 0.111111
102942 14.002 -47.663 54.666 0.222222
103030 42.814 -32.187 35.489 0.888889
103156 51.506 -16.502 33.622 0.444444
103157 31.304 -38.360 42.901 0.222222
103182 45.801 -25.148 26.188 0.111111
103183 26.768 -39.176 47.810 0.111111
103321 46.551 -30.505 31.165 0.111111
103395 52.246 -20.732 31.313 0.444444
103408 37.220 -44.018 36.939 0.111111
103470 46.057 -38.057 33.798 0.222222
103481 28.563 -40.248 48.391 0.444444
103533 50.987 -17.471 34.565 0.444444
103579 24.847 -41.956 45.915 0.333333
103584 14.018 -43.661 54.152 0.333333
103587 48.523 -25.092 32.343 0.777778
103626 50.754 -17.422 25.490 0.111111
103637 43.664 -21.168 34.190 0.111111
103649 56.979 -16.033 21.727 0.111111
103679 50.766 -28.603 32.880 0.222222
103732 48.056 -20.600 34.818 0.777778
103749 52.155 -14.817 32.341 0.222222
103756 43.246 -28.661 40.779 0.333333
103778 48.753 -26.104 28.330 0.111111
103804 23.991 -39.602 48.051 0.222222
103819 26.889 -37.105 42.998 0.111111
103912 24.703 -41.786 44.612 0.111111
104052 14.756 -48.860 53.077 0.111111
104058 40.956 -32.861 41.235 0.444444
104108 49.684 -13.881 32.056 0.333333
104117 43.313 -34.470 30.817 0.222222
104191 45.279 -26.718 39.864 0.555556
104201 24.303 -41.287 47.967 0.555556
104282 47.744 -19.062 32.340 0.333333
104286 54.974 -11.043 11.202 0.111111
104321 55.013 -13.200 28.404 0.222222
104489 30.836 -38.844 47.606 0.666667
104570 12.481 -42.095 52.931 0.111111
104630 9.453 -57.138 49.106 0.111111
104634 15.826 -40.915 54.426 0.222222
104694 52.289 -15.746 32.148 0.333333
104733 49.134 -18.351 29.532 0.222222
104755 40.231 -39.495 40.425 0.777778
104784 14.180 -45.153 56.274 0.222222
104820 43.805 -36.523 31.456 0.111111
104822 24.836 -40.310 48.314 0.333333
104848 44.639 -34.234 39.568 0.888889
104870 17.294 -42.418 51.520 0.222222
104887 16.188 -40.624 52.859 0.111111
104891 34.714 -41.622 45.019 0.333333
104974 34.458 -43.016 40.573 0.111111
105009 38.649 -36.141 43.281 0.444444
105019 44.695 -30.678 33.492 0.555556
105073 15.434 -47.693 54.101 0.222222
105117 9.256 -56.187 50.432 0.111111
105171 11.507 -43.434 57.822 0.222222
105178 29.867 -40.136 48.046 0.555556
105236 45.367 -31.981 38.962 0.888889
105374 33.042 -38.526 43.123 0.222222
105444 48.049 -20.960 29.941 0.111111
105445 28.821 -37.928 46.254 0.111111
105494 50.440 -13.057 31.169 0.111111
105539 41.779 -31.124 40.130 0.222222
105627 15.845 -42.032 54.700 0.333333
105786 50.555 -17.207 26.521 0.111111
105845 14.509 -41.653 55.822 0.333333
105889 52.027 -19.707 31.444 0.444444
105954 38.931 -36.775 44.388 0.666667
105965 32.957 -38.249 46.832 0.666667
106005 53.444 -11.623 29.554 0.111111
106039 40.243 -36.063 43.177 0.777778
106048 49.305 -23.094 29.506 0.111111
106115 43.971 -35.733 39.657 0.888889
106120 50.701 -27.902 32.899 0.444444
106222 18.903 -40.466 49.801 0.111111
106275 31.082 -38.235 45.111 0.444444
106282 32.076 -38.072 40.609 0.111111
106289 49.021 -17.648 27.854 0.111111
106326 47.063 -25.152 21.328 0.111111
106375 34.326 -37.966 43.701 0.333333
106467 56.528 -13.069 15.912 0.111111
106476 40.133 -42.719 36.491 0.222222
106482 43.543 -35.630 34.157 0.444444
106486 10.775 -43.476 54.350 0.111111
106633 10.512 -44.230 57.815 0.333333
106675 50.227 -26.106 29.446 0.222222
106725 43.764 -32.614 30.826 0.111111
106743 34.359 -37.617 45.978 0.444444
106746 7.715 -55.531 50.767 0.111111
106845 39.405 -39.882 39.985 0.666667
106899 45.349 -25.047 25.233 0.111111
106965 14.168 -44.647 56.533 0.222222
107014 17.336 -42.976 50.594 0.111111
107034 46.406 -28.976 38.141 0.888889
107036 51.566 -26.240 31.711 0.555556
107043 44.646 -23.249 26.504 0.111111
107106 34.402 -40.039 46.874 0.555556
107146 46.901 -36.023 35.189 0.222222
107155 41.443 -31.618 39.956 0.222222
107181 9.715 -51.430 52.572 0.111111
107248 52.194 -25.044 31.028 0.444444
107299 37.662 -43.222 40.358 0.444444
107322 47.137 -24.021 28.197 0.111111
107370 30.634 -38.142 42.952 0.222222
107527 8.475 -54.888 51.385 0.111111
107622 43.597 -30.976 41.282 0.444444
107630 51.334 -14.920 33.364 0.222222
107678 56.726 -12.612 18.638 0.111111
107705 42.372 -33.913 30.171 0.111111
107925 41.584 -31.762 40.667 0.222222
108004 36.735 -44.638 39.963 0.333333
108054 8.875 -48.949 57.070 0.333333
108056 44.965 -34.810 32.038 0.222222
108068 53.127 -4.802 18.322 0.111111
108118 15.829 -43.230 51.801 0.111111
108272 12.233 -50.443 50.536 0.111111
108380 40.460 -36.786 35.492 0.666667
108395 11.279 -49.225 51.613 0.111111
108477 24.147 -41.092 48.174 0.555556
108589 47.588 -21.645 33.668 0.777778
108592 16.548 -41.227 52.949 0.222222
108602 48.388 -18.158 32.059 0.222222
108608 49.430 -17.221 24.194 0.111111
108672 28.264 -41.147 46.431 0.222222
108677 44.208 -25.703 39.656 0.555556
108801 30.902 -41.553 45.638 0.222222
108811 42.353 -36.620 41.366 0.888889
109024 13.161 -47.228 55.004 0.222222
109128 30.506 -40.427 47.706 0.333333
