#!ascii label  , from subject OAS1_0001-3 vox2ras=TkReg 
793
68087 39.993 8.643 20.208 0.000000
68088 39.597 8.959 19.633 0.000000
68680 48.152 10.077 28.301 0.000000
68682 48.655 9.833 26.751 0.000000
68683 49.018 10.132 27.094 0.000000
68684 48.717 10.307 27.780 0.000000
68688 48.728 9.868 25.870 0.000000
68689 49.243 10.213 26.269 0.000000
68696 48.661 9.887 24.904 0.000000
68697 49.336 10.386 25.318 0.000000
68699 41.211 9.824 25.034 0.000000
68700 40.653 10.173 25.632 0.000000
68701 40.201 9.758 24.916 0.000000
68702 39.902 10.272 25.520 0.000000
68707 48.530 9.971 23.885 0.000000
68708 49.499 10.528 24.316 0.000000
68709 47.584 9.328 24.350 0.000000
68710 43.243 9.951 23.648 0.000000
68711 42.721 9.876 24.450 0.000000
68712 41.886 9.683 24.402 0.000000
68713 42.104 9.993 25.068 0.000000
68714 41.015 9.515 24.256 0.000000
68715 40.136 9.450 23.948 0.000000
68716 38.637 9.560 24.009 0.000000
68717 38.817 10.090 24.568 0.000000
68718 38.133 10.067 24.077 0.000000
68720 48.485 9.979 22.986 0.000000
68723 42.502 9.780 23.078 0.000000
68724 43.310 10.023 22.663 0.000000
68725 41.763 9.529 23.602 0.000000
68726 40.976 9.280 23.320 0.000000
68727 38.565 9.182 23.225 0.000000
68728 37.842 9.320 22.840 0.000000
68729 37.426 10.048 23.426 0.000000
68730 37.173 9.741 22.453 0.000000
68734 42.600 9.717 22.073 0.000000
68735 43.630 9.868 21.859 0.000000
68736 41.661 9.333 21.829 0.000000
68737 40.893 8.917 21.509 0.000000
68738 39.171 8.769 21.873 0.000000
68739 38.496 8.971 22.305 0.000000
68740 37.800 9.283 21.825 0.000000
68741 37.202 9.884 21.481 0.000000
68742 36.587 10.252 22.061 0.000000
68743 36.654 10.402 21.371 0.000000
68750 44.091 9.913 21.136 0.000000
68753 39.507 8.832 21.107 0.000000
68754 38.597 9.036 21.329 0.000000
68755 37.935 9.599 20.710 0.000000
68756 37.107 10.471 20.576 0.000000
68767 38.990 9.100 20.284 0.000000
68768 38.429 9.915 19.746 0.000000
69406 48.249 11.137 29.013 0.000000
69409 48.467 10.611 28.419 0.000000
69410 49.033 11.324 27.873 0.000000
69411 48.867 12.632 28.171 0.000000
69413 49.420 10.749 26.650 0.000000
69414 43.303 10.774 26.878 0.000000
69415 42.765 10.998 27.709 0.000000
69416 41.562 10.636 26.882 0.000000
69417 41.662 11.063 27.608 0.000000
69418 41.071 10.837 27.068 0.000000
69421 49.696 11.099 25.689 0.000000
69422 49.947 12.470 25.756 0.000000
69423 49.759 11.628 26.410 0.000000
69424 43.745 10.802 26.138 0.000000
69425 44.532 11.021 25.898 0.000000
69426 44.192 11.107 26.712 0.000000
69427 42.917 10.509 26.029 0.000000
69428 41.929 10.417 26.260 0.000000
69429 41.008 10.514 26.384 0.000000
69430 40.541 11.019 26.713 0.000000
69431 40.232 10.671 26.070 0.000000
69432 39.922 11.310 26.242 0.000000
69433 39.641 10.806 25.705 0.000000
69438 49.919 11.129 24.603 0.000000
69439 50.298 11.965 24.912 0.000000
69440 44.787 10.942 25.093 0.000000
69441 45.589 11.478 25.669 0.000000
69442 43.802 10.624 25.314 0.000000
69443 42.900 10.262 25.156 0.000000
69444 41.524 10.193 25.673 0.000000
69445 39.108 10.765 25.109 0.000000
69450 50.519 11.254 23.642 0.000000
69451 50.963 12.213 23.575 0.000000
69452 44.623 10.617 23.601 0.000000
69453 45.133 10.832 24.332 0.000000
69454 43.951 10.340 23.845 0.000000
69455 37.722 10.719 24.001 0.000000
69456 38.398 10.761 24.498 0.000000
69461 45.013 10.819 22.964 0.000000
69462 45.718 11.153 22.959 0.000000
69463 44.006 10.103 22.351 0.000000
69464 36.645 10.405 22.848 0.000000
69465 36.996 10.922 23.504 0.000000
69469 44.998 10.469 21.683 0.000000
69470 45.529 10.861 22.191 0.000000
69471 44.381 10.110 21.752 0.000000
69472 36.178 10.699 21.712 0.000000
69473 36.046 10.809 22.321 0.000000
69474 35.724 11.362 21.660 0.000000
69478 44.815 10.344 21.102 0.000000
69479 45.630 11.068 21.081 0.000000
69480 44.628 10.135 20.516 0.000000
69481 36.273 10.934 20.988 0.000000
69495 37.803 10.368 19.987 0.000000
69497 36.661 11.418 20.025 0.000000
69505 38.633 11.488 18.364 0.000000
69506 38.199 10.893 19.242 0.000000
70116 48.413 12.642 28.835 0.000000
70125 49.287 12.674 27.430 0.000000
70126 45.446 12.175 27.952 0.000000
70127 46.174 13.286 28.325 0.000000
70128 45.092 12.609 28.763 0.000000
70129 44.406 11.771 28.243 0.000000
70130 43.993 12.378 28.908 0.000000
70131 43.307 11.618 28.369 0.000000
70132 42.888 12.456 28.927 0.000000
70133 42.211 11.717 28.348 0.000000
70134 41.922 12.760 28.653 0.000000
70136 49.595 11.551 27.140 0.000000
70137 49.669 12.611 26.645 0.000000
70138 46.535 12.852 27.457 0.000000
70139 47.541 13.698 27.425 0.000000
70140 44.775 11.500 27.396 0.000000
70141 43.764 11.247 27.559 0.000000
70142 40.867 11.465 27.405 0.000000
70143 41.213 11.990 28.244 0.000000
70144 40.644 12.481 27.573 0.000000
70147 46.271 12.140 26.528 0.000000
70148 47.453 12.952 25.913 0.000000
70149 45.177 11.423 26.569 0.000000
70150 40.319 11.802 26.825 0.000000
70154 50.339 12.964 25.040 0.000000
70155 47.201 12.599 25.122 0.000000
70156 48.293 13.421 25.413 0.000000
70157 46.258 11.819 25.004 0.000000
70158 39.380 11.476 25.685 0.000000
70164 50.609 12.652 24.295 0.000000
70165 47.321 12.326 23.714 0.000000
70166 47.924 13.059 24.392 0.000000
70167 46.444 11.591 23.486 0.000000
70168 38.428 11.638 24.425 0.000000
70169 38.417 12.462 23.831 0.000000
70172 50.544 12.739 22.906 0.000000
70173 47.335 12.107 22.932 0.000000
70174 48.044 13.086 23.407 0.000000
70175 46.423 11.469 22.549 0.000000
70176 37.691 11.623 23.850 0.000000
70177 36.722 11.875 23.370 0.000000
70178 36.193 11.144 23.015 0.000000
70180 50.124 12.669 22.319 0.000000
70181 47.293 12.059 21.963 0.000000
70182 48.881 13.375 22.059 0.000000
70183 46.290 11.396 21.765 0.000000
70184 35.640 12.265 22.517 0.000000
70185 35.354 12.113 21.940 0.000000
70188 47.628 12.666 21.118 0.000000
70189 46.701 11.816 21.082 0.000000
70191 35.952 11.776 20.600 0.000000
70192 35.385 12.218 21.159 0.000000
70203 36.296 12.403 19.453 0.000000
70204 35.577 12.547 20.129 0.000000
70738 44.627 13.188 32.486 0.000000
70740 44.004 13.947 31.895 0.000000
70750 42.409 13.039 31.504 0.000000
70755 47.203 14.436 29.743 0.000000
70765 48.159 13.801 28.718 0.000000
70766 47.878 13.542 29.286 0.000000
70767 45.804 13.738 29.110 0.000000
70768 47.009 14.207 28.865 0.000000
70769 46.361 14.724 29.531 0.000000
70770 44.745 13.334 29.304 0.000000
70771 44.548 14.487 29.456 0.000000
70772 43.693 13.370 29.283 0.000000
70773 43.503 14.718 29.411 0.000000
70774 42.676 13.650 29.156 0.000000
70787 48.529 13.651 27.674 0.000000
70788 48.452 13.527 28.322 0.000000
70789 47.248 13.786 28.062 0.000000
70790 47.954 13.937 27.853 0.000000
70791 47.724 14.068 28.477 0.000000
70792 41.197 13.158 28.296 0.000000
70793 41.184 14.571 28.290 0.000000
70794 40.677 13.722 27.742 0.000000
70801 49.016 13.573 26.754 0.000000
70802 48.154 13.785 27.123 0.000000
70803 40.353 13.223 26.933 0.000000
70805 49.494 13.240 26.099 0.000000
70806 49.015 13.574 25.922 0.000000
70807 39.702 12.180 26.251 0.000000
70808 40.001 12.962 26.285 0.000000
70812 49.704 13.438 25.420 0.000000
70813 49.082 13.572 24.880 0.000000
70814 39.452 12.430 25.309 0.000000
70815 40.042 13.299 25.418 0.000000
70821 49.994 13.489 24.541 0.000000
70822 49.108 13.526 23.936 0.000000
70823 39.902 13.172 24.362 0.000000
70824 39.051 12.446 24.432 0.000000
70825 39.209 13.050 23.665 0.000000
70828 50.167 13.297 23.495 0.000000
70829 49.042 13.581 22.936 0.000000
70830 37.652 12.531 23.466 0.000000
70831 36.889 12.690 23.219 0.000000
70832 36.193 12.495 22.981 0.000000
70834 49.764 13.169 22.361 0.000000
70835 49.331 13.286 21.566 0.000000
70836 35.751 13.056 22.599 0.000000
70837 35.055 12.904 21.418 0.000000
70838 35.329 13.585 22.243 0.000000
70841 49.765 13.048 21.397 0.000000
70856 35.122 13.158 19.725 0.000000
70857 34.637 13.324 20.524 0.000000
71347 46.652 14.907 30.407 0.000000
71348 46.231 15.183 30.925 0.000000
71349 45.850 14.595 31.572 0.000000
71350 44.944 14.664 31.881 0.000000
71351 43.982 15.116 31.411 0.000000
71352 42.979 14.362 31.386 0.000000
71361 47.665 14.185 28.986 0.000000
71362 46.458 15.135 29.954 0.000000
71363 45.478 15.411 29.742 0.000000
71364 44.341 15.637 29.694 0.000000
71365 43.255 15.799 29.597 0.000000
71366 42.535 15.212 29.119 0.000000
71375 48.105 14.030 28.327 0.000000
71376 41.730 15.600 28.751 0.000000
71377 41.037 15.668 28.544 0.000000
71378 40.579 14.909 27.797 0.000000
71391 40.256 14.113 27.033 0.000000
71396 40.333 13.627 26.191 0.000000
71399 40.601 13.942 25.366 0.000000
71405 40.641 13.732 23.814 0.000000
71406 41.434 14.157 23.941 0.000000
71407 40.733 13.826 24.513 0.000000
71408 39.904 13.472 23.544 0.000000
71411 40.968 14.294 23.337 0.000000
71412 40.194 14.009 23.185 0.000000
71413 39.284 13.700 23.042 0.000000
71414 37.524 13.254 23.129 0.000000
71416 40.499 14.400 22.784 0.000000
71417 39.792 14.340 22.655 0.000000
71418 38.252 13.792 22.863 0.000000
71419 36.565 13.348 22.895 0.000000
71420 35.902 13.884 22.617 0.000000
71421 35.354 14.361 22.244 0.000000
71912 45.830 15.539 30.632 0.000000
71913 45.552 15.377 31.216 0.000000
71914 44.760 15.619 31.055 0.000000
71915 43.226 15.414 30.836 0.000000
71916 43.909 15.770 30.509 0.000000
71917 42.362 15.274 30.665 0.000000
71920 46.194 15.349 30.406 0.000000
71921 42.936 16.020 30.085 0.000000
71922 41.240 15.831 29.809 0.000000
71923 40.564 15.620 29.506 0.000000
71926 45.585 15.645 30.171 0.000000
71927 44.012 15.997 29.868 0.000000
71928 43.049 15.996 29.716 0.000000
71929 42.224 16.063 29.301 0.000000
71930 39.877 15.446 29.118 0.000000
71934 41.553 16.131 29.026 0.000000
71935 40.909 15.899 28.832 0.000000
71936 40.344 15.561 28.237 0.000000
71937 38.552 15.331 28.309 0.000000
71946 39.938 14.942 27.191 0.000000
71954 40.648 14.558 25.331 0.000000
71957 41.399 14.414 24.453 0.000000
71962 42.172 14.520 23.788 0.000000
71963 42.622 14.946 23.814 0.000000
71964 42.211 14.868 24.302 0.000000
71970 42.115 14.584 22.992 0.000000
71971 42.653 14.836 23.281 0.000000
71972 41.699 14.416 23.410 0.000000
71974 41.806 14.868 22.280 0.000000
71975 41.215 14.575 22.657 0.000000
71976 40.306 14.724 22.262 0.000000
71977 39.473 14.855 22.308 0.000000
71978 36.057 14.756 22.551 0.000000
71979 35.373 15.199 22.174 0.000000
72418 45.283 15.785 30.525 0.000000
72419 44.598 15.993 30.174 0.000000
72423 41.723 16.189 29.417 0.000000
72424 41.311 16.134 29.169 0.000000
72427 41.796 16.201 29.228 0.000000
72428 40.549 15.832 28.897 0.000000
72431 40.154 15.667 28.468 0.000000
72432 39.295 15.814 27.914 0.000000
72433 38.619 15.837 27.895 0.000000
72436 39.584 15.604 27.607 0.000000
72437 39.124 16.005 26.972 0.000000
72438 38.561 16.080 27.334 0.000000
72449 39.811 15.310 26.257 0.000000
72450 39.211 16.188 26.090 0.000000
72451 38.585 16.371 26.556 0.000000
72457 41.409 14.997 24.820 0.000000
72458 40.534 15.290 25.327 0.000000
72462 42.978 15.325 23.489 0.000000
72463 42.647 15.460 24.069 0.000000
72464 40.777 15.889 24.838 0.000000
72469 42.969 15.199 22.790 0.000000
72470 43.627 16.261 22.696 0.000000
72471 43.389 15.766 23.043 0.000000
72473 43.227 15.785 22.294 0.000000
72474 42.428 15.300 22.103 0.000000
72475 40.873 15.034 21.985 0.000000
72476 40.017 15.204 21.806 0.000000
72477 39.015 15.684 22.166 0.000000
72478 37.910 15.569 22.395 0.000000
72479 36.817 15.399 22.445 0.000000
72480 35.971 15.547 22.371 0.000000
72481 35.465 16.021 22.121 0.000000
72483 42.671 15.839 21.732 0.000000
72484 41.949 15.861 21.569 0.000000
72485 40.588 15.572 21.654 0.000000
72486 39.784 16.013 21.644 0.000000
72939 37.907 16.399 26.783 0.000000
72947 38.730 16.637 25.932 0.000000
72948 38.192 16.795 26.116 0.000000
72949 37.763 17.298 25.761 0.000000
72956 39.917 16.025 25.441 0.000000
72957 39.255 16.720 25.421 0.000000
72958 38.561 17.262 25.502 0.000000
72963 43.070 16.041 23.668 0.000000
72964 42.285 16.358 24.130 0.000000
72965 40.977 16.732 24.372 0.000000
72966 39.968 16.691 24.789 0.000000
72973 44.041 16.867 22.732 0.000000
72974 43.673 16.563 23.192 0.000000
72975 42.822 17.097 23.676 0.000000
72977 43.695 16.428 22.344 0.000000
72978 38.092 16.243 22.091 0.000000
72979 36.274 16.174 22.238 0.000000
72981 43.155 16.292 21.652 0.000000
72982 42.341 16.364 21.270 0.000000
72983 42.652 16.891 20.953 0.000000
72984 41.451 16.671 21.124 0.000000
72985 40.547 16.500 21.405 0.000000
72986 39.582 17.044 21.470 0.000000
72987 37.620 17.022 21.776 0.000000
72988 36.611 16.879 21.948 0.000000
72989 35.768 16.779 21.951 0.000000
72990 34.826 16.614 21.603 0.000000
72999 42.076 16.962 20.780 0.000000
73479 38.603 17.830 24.958 0.000000
73480 38.022 17.846 25.236 0.000000
73488 41.643 17.368 23.926 0.000000
73489 40.632 17.795 24.064 0.000000
73490 39.980 17.470 24.431 0.000000
73492 38.195 18.329 24.609 0.000000
73500 44.629 17.492 22.832 0.000000
73501 44.325 17.768 23.174 0.000000
73502 43.632 17.468 23.338 0.000000
73503 41.983 17.951 23.663 0.000000
73504 41.152 18.254 23.738 0.000000
73508 44.441 17.304 22.587 0.000000
73509 44.942 17.844 22.668 0.000000
73510 44.006 16.874 22.392 0.000000
73512 44.973 17.860 22.249 0.000000
73513 43.842 17.125 21.742 0.000000
73514 44.297 17.947 21.369 0.000000
73515 43.262 16.907 21.283 0.000000
73516 40.266 17.354 21.101 0.000000
73517 38.480 17.516 21.385 0.000000
73518 37.544 17.980 21.355 0.000000
73519 36.780 17.601 21.561 0.000000
73520 35.420 17.436 21.435 0.000000
73521 36.061 17.927 21.237 0.000000
73529 43.458 17.622 20.855 0.000000
73530 42.877 17.519 20.461 0.000000
73531 43.215 18.121 19.755 0.000000
73532 42.269 17.604 20.189 0.000000
73533 41.559 17.454 20.452 0.000000
73534 40.865 17.967 20.116 0.000000
73535 40.165 17.951 20.492 0.000000
73536 39.283 17.959 20.849 0.000000
73537 38.181 18.359 20.857 0.000000
73545 42.691 18.037 19.620 0.000000
73546 41.612 18.169 19.651 0.000000
74069 39.787 18.242 24.166 0.000000
74070 39.223 18.567 23.985 0.000000
74079 45.278 18.207 22.903 0.000000
74080 46.029 18.803 23.160 0.000000
74081 45.272 18.860 23.289 0.000000
74082 44.363 18.715 23.327 0.000000
74083 43.490 18.537 23.405 0.000000
74084 42.665 18.212 23.530 0.000000
74085 40.747 19.024 23.622 0.000000
74086 39.804 19.028 23.739 0.000000
74092 45.798 18.515 22.555 0.000000
74093 47.031 19.239 22.278 0.000000
74095 46.241 18.752 21.832 0.000000
74096 45.276 18.544 21.498 0.000000
74104 44.722 18.902 20.355 0.000000
74105 46.031 19.078 20.872 0.000000
74106 43.814 18.249 20.339 0.000000
74107 40.107 18.637 19.833 0.000000
74108 38.640 18.782 20.188 0.000000
74118 47.814 18.604 18.113 0.000000
74119 48.614 18.636 18.732 0.000000
74120 44.814 19.029 19.177 0.000000
74121 45.868 19.122 19.711 0.000000
74122 43.487 18.403 18.626 0.000000
74123 42.976 18.218 18.971 0.000000
74124 42.031 18.522 18.649 0.000000
74125 41.177 18.971 18.924 0.000000
74126 40.223 19.385 19.164 0.000000
74127 39.166 19.228 19.399 0.000000
74136 48.487 18.617 17.718 0.000000
74137 48.926 18.813 17.719 0.000000
74138 48.993 18.658 18.391 0.000000
74139 47.598 18.481 17.341 0.000000
74140 46.773 18.605 17.775 0.000000
74141 47.261 18.831 19.019 0.000000
74142 44.435 18.567 17.147 0.000000
74143 43.702 18.535 17.613 0.000000
74144 43.070 18.450 18.177 0.000000
74145 42.616 18.629 17.950 0.000000
74146 41.422 19.190 17.920 0.000000
74147 40.374 19.560 18.095 0.000000
74151 48.534 18.706 17.076 0.000000
74152 47.845 18.532 16.795 0.000000
74153 46.789 18.411 16.639 0.000000
74154 44.882 18.567 16.289 0.000000
74155 43.978 18.502 16.505 0.000000
74156 43.190 18.713 17.004 0.000000
74158 42.485 19.096 16.968 0.000000
74161 47.985 18.833 16.394 0.000000
74162 46.284 18.540 15.731 0.000000
74163 47.061 18.786 15.756 0.000000
74164 45.257 18.698 15.560 0.000000
74165 44.306 18.582 15.418 0.000000
74166 43.524 18.619 15.597 0.000000
74171 46.306 18.880 15.448 0.000000
74172 45.494 18.915 15.263 0.000000
74173 44.506 18.855 14.786 0.000000
74174 43.695 18.789 14.537 0.000000
74615 46.562 19.554 23.202 0.000000
74616 47.082 20.413 23.270 0.000000
74617 46.194 20.417 23.538 0.000000
74618 45.287 19.927 23.460 0.000000
74619 44.582 19.528 23.436 0.000000
74620 43.640 19.725 23.433 0.000000
74621 41.269 19.625 23.252 0.000000
74622 40.260 19.683 23.181 0.000000
74632 47.768 19.783 22.420 0.000000
74633 48.291 20.383 22.057 0.000000
74635 48.424 19.342 20.741 0.000000
74636 48.885 19.869 21.148 0.000000
74637 47.275 19.172 21.367 0.000000
74645 48.578 18.883 19.751 0.000000
74646 49.150 19.331 20.123 0.000000
74647 47.316 19.070 20.316 0.000000
74653 49.084 18.800 19.172 0.000000
74654 49.210 18.970 18.431 0.000000
74655 49.222 19.296 19.159 0.000000
74666 49.050 19.176 17.732 0.000000
74679 48.735 19.025 17.061 0.000000
74680 41.948 19.322 15.809 0.000000
74690 48.262 19.569 16.595 0.000000
74691 47.551 19.356 16.008 0.000000
74699 46.755 19.171 15.577 0.000000
74700 45.904 19.349 15.332 0.000000
74701 44.788 19.174 14.793 0.000000
74702 43.788 19.048 14.127 0.000000
74703 43.016 19.197 14.219 0.000000
75144 47.522 21.334 23.122 0.000000
75145 46.811 21.397 23.519 0.000000
75146 45.981 21.483 23.637 0.000000
75147 45.290 21.017 23.528 0.000000
75148 44.478 20.446 23.412 0.000000
75149 42.778 20.457 23.016 0.000000
75150 43.716 20.910 23.128 0.000000
75151 41.788 20.333 22.869 0.000000
75152 40.807 20.413 22.729 0.000000
75167 42.972 21.435 22.732 0.000000
75168 42.201 21.031 22.596 0.000000
75169 41.406 21.156 22.470 0.000000
75170 40.464 21.327 22.427 0.000000
75177 48.582 20.695 21.267 0.000000
75185 49.053 20.106 20.614 0.000000
75190 48.939 20.019 19.472 0.000000
75196 49.018 19.684 18.282 0.000000
75197 48.465 20.441 17.508 0.000000
75203 48.676 19.696 17.301 0.000000
75204 48.149 20.645 16.862 0.000000
75207 47.744 20.204 16.348 0.000000
75208 46.863 19.797 15.880 0.000000
75209 47.082 20.742 16.251 0.000000
75210 45.194 19.808 15.199 0.000000
75211 45.806 20.735 16.033 0.000000
75212 44.430 20.365 15.275 0.000000
75220 43.623 19.717 14.386 0.000000
75221 42.905 19.332 14.214 0.000000
75625 47.155 22.345 23.226 0.000000
75626 46.294 22.358 23.497 0.000000
75627 45.383 22.273 23.685 0.000000
75628 44.581 22.688 23.584 0.000000
75629 43.798 22.013 23.173 0.000000
75638 48.001 21.467 22.011 0.000000
75639 43.066 22.497 22.936 0.000000
75640 42.135 22.008 22.539 0.000000
75641 41.133 22.155 22.381 0.000000
75642 40.245 22.349 22.429 0.000000
75651 47.818 21.798 21.067 0.000000
75652 47.468 22.470 22.164 0.000000
75659 48.427 20.799 20.299 0.000000
75660 47.284 21.585 19.682 0.000000
75661 46.668 22.247 20.352 0.000000
75662 46.290 22.081 19.351 0.000000
75669 47.842 20.926 18.831 0.000000
75670 46.942 21.663 18.853 0.000000
75678 48.080 21.068 17.595 0.000000
75679 47.549 21.907 17.953 0.000000
75680 46.443 22.232 18.648 0.000000
75690 48.142 22.053 16.547 0.000000
75701 47.823 22.027 16.058 0.000000
75702 46.977 21.513 16.173 0.000000
75703 46.135 21.813 16.309 0.000000
75704 44.966 21.392 16.256 0.000000
75705 43.241 20.620 15.316 0.000000
76098 46.523 23.309 23.191 0.000000
76099 45.760 24.144 23.402 0.000000
76100 45.225 23.479 23.710 0.000000
76101 44.588 23.644 23.708 0.000000
76102 43.875 23.109 23.381 0.000000
76110 47.633 22.076 22.747 0.000000
76111 47.069 23.027 22.867 0.000000
76112 46.465 23.988 23.032 0.000000
76113 43.168 23.599 23.393 0.000000
76114 41.732 23.041 22.786 0.000000
76115 40.892 23.154 22.739 0.000000
76116 40.081 23.396 22.811 0.000000
76126 47.046 22.629 21.431 0.000000
76127 46.650 23.353 22.342 0.000000
76135 45.560 22.424 19.963 0.000000
76136 44.969 22.949 20.709 0.000000
76137 44.698 22.656 19.673 0.000000
76138 44.006 23.046 20.308 0.000000
76139 44.100 23.122 19.315 0.000000
76148 45.514 22.474 19.120 0.000000
76156 48.292 22.154 16.989 0.000000
76157 47.919 23.080 17.274 0.000000
76158 46.983 22.753 18.046 0.000000
76159 44.929 22.957 18.843 0.000000
76166 48.418 23.002 16.415 0.000000
76177 47.318 22.371 15.859 0.000000
76629 45.061 24.895 23.326 0.000000
76630 44.266 24.990 23.617 0.000000
76631 42.354 23.952 23.444 0.000000
76632 42.146 24.925 23.719 0.000000
76633 41.482 24.088 23.382 0.000000
76634 41.088 25.106 23.769 0.000000
76642 45.657 24.587 23.061 0.000000
76643 40.101 24.583 23.474 0.000000
76647 45.647 23.685 21.942 0.000000
76648 45.366 24.635 22.659 0.000000
76649 44.533 23.979 21.650 0.000000
76650 44.635 25.071 22.659 0.000000
76651 43.716 24.594 21.959 0.000000
76658 43.367 23.427 19.665 0.000000
76659 43.395 23.741 20.811 0.000000
76660 42.632 23.820 20.002 0.000000
76669 43.709 23.617 18.901 0.000000
76670 43.106 24.001 19.029 0.000000
76678 46.747 23.510 17.800 0.000000
76679 45.591 23.679 18.179 0.000000
76680 44.001 24.335 18.386 0.000000
76686 48.494 24.088 15.772 0.000000
76687 48.181 23.882 16.599 0.000000
76688 47.473 23.992 17.314 0.000000
77157 44.402 25.351 23.180 0.000000
77158 42.760 25.257 23.515 0.000000
77159 41.915 25.442 23.411 0.000000
77160 40.262 25.501 23.500 0.000000
77161 39.269 24.911 23.394 0.000000
77162 39.473 25.783 23.193 0.000000
77168 45.116 25.105 23.026 0.000000
77169 43.049 25.413 22.804 0.000000
77170 43.615 25.493 23.133 0.000000
77171 42.732 25.551 23.209 0.000000
77174 42.762 24.314 21.275 0.000000
77175 42.271 24.967 21.941 0.000000
77176 42.156 25.549 22.763 0.000000
77177 41.264 24.865 21.236 0.000000
77185 41.977 24.378 20.484 0.000000
77186 41.468 24.786 19.666 0.000000
77196 42.327 24.427 19.267 0.000000
77205 46.516 24.403 17.622 0.000000
77206 45.275 24.684 17.857 0.000000
77214 48.501 24.695 15.656 0.000000
77215 47.933 24.709 16.406 0.000000
77216 47.392 24.729 17.140 0.000000
77217 46.414 25.355 17.429 0.000000
77763 41.057 25.772 23.302 0.000000
77764 40.339 25.996 23.096 0.000000
77765 38.941 26.027 22.934 0.000000
77772 41.679 25.786 23.106 0.000000
77773 40.887 26.016 22.994 0.000000
77775 39.381 26.015 22.064 0.000000
77779 41.239 25.617 22.506 0.000000
77784 40.604 25.162 20.136 0.000000
77785 39.911 25.625 20.501 0.000000
77793 42.123 25.162 18.689 0.000000
77794 41.231 25.622 19.001 0.000000
77795 40.318 26.208 19.361 0.000000
77809 45.411 25.844 17.557 0.000000
77812 42.194 26.177 18.456 0.000000
77823 47.644 25.521 16.291 0.000000
77824 46.801 26.064 16.775 0.000000
77825 46.256 26.303 17.226 0.000000
78346 41.327 26.873 18.650 0.000000
78347 40.486 27.274 19.096 0.000000
78348 39.847 26.897 19.448 0.000000
78356 44.833 28.145 17.739 0.000000
78367 46.943 26.363 16.468 0.000000
78368 46.399 27.257 16.685 0.000000
78369 46.055 27.304 17.220 0.000000
78370 45.349 27.030 17.566 0.000000
78381 47.660 25.986 15.970 0.000000
78382 47.028 26.740 15.953 0.000000
78907 40.702 28.157 19.209 0.000000
78908 39.797 27.665 19.484 0.000000
78912 45.133 29.450 17.998 0.000000
78915 41.992 27.894 18.533 0.000000
78919 45.781 28.126 16.927 0.000000
78920 45.419 29.170 17.067 0.000000
78921 45.165 28.991 17.491 0.000000
78926 45.710 27.993 16.063 0.000000
78927 45.430 28.823 16.402 0.000000
78933 46.359 27.489 15.453 0.000000
78934 45.713 28.446 14.928 0.000000
79414 40.251 28.582 19.702 0.000000
79415 40.852 29.272 20.089 0.000000
79420 41.749 28.686 18.989 0.000000
79423 41.183 28.977 19.572 0.000000
79425 45.415 29.927 17.654 0.000000
79426 45.037 30.137 18.521 0.000000
79429 45.285 30.241 17.040 0.000000
79431 45.155 29.689 16.222 0.000000
79433 45.322 29.145 15.488 0.000000
79434 44.826 29.894 14.942 0.000000
79439 45.609 30.044 13.309 0.000000
79941 41.180 29.976 20.805 0.000000
79942 41.057 30.436 21.674 0.000000
79947 41.949 29.876 20.135 0.000000
79972 45.334 30.829 17.663 0.000000
79973 44.939 31.082 17.194 0.000000
79983 44.312 30.430 16.262 0.000000
79984 43.208 30.284 16.042 0.000000
79997 43.660 30.323 15.381 0.000000
89162 48.401 23.524 15.791 0.000000
89246 48.577 20.420 18.310 0.000000
89562 43.510 10.235 24.487 0.000000
90079 44.875 18.091 23.098 0.000000
90224 44.061 24.211 23.719 0.000000
90306 38.092 9.617 23.559 0.000000
90327 39.365 9.671 24.418 0.000000
90530 44.519 23.684 18.544 0.000000
90641 38.772 16.601 21.793 0.000000
90673 39.244 17.437 24.849 0.000000
90874 40.802 18.597 19.542 0.000000
91023 45.528 18.584 17.183 0.000000
91325 44.013 10.375 23.059 0.000000
91332 40.347 14.362 26.247 0.000000
91370 44.893 24.357 23.651 0.000000
91461 40.930 9.123 22.369 0.000000
91615 46.829 12.109 24.335 0.000000
91679 44.241 17.070 23.042 0.000000
91751 46.499 26.700 16.952 0.000000
91923 46.621 12.178 25.750 0.000000
92521 48.458 9.922 27.585 0.000000
92658 47.077 25.483 16.922 0.000000
92668 40.114 9.090 22.992 0.000000
92727 40.410 18.517 23.875 0.000000
92768 35.739 11.525 22.424 0.000000
92877 45.941 22.896 18.449 0.000000
92901 42.228 16.133 29.476 0.000000
92989 39.822 15.679 28.503 0.000000
93236 39.584 26.064 22.819 0.000000
93319 48.562 13.279 21.271 0.000000
93708 40.719 24.081 23.275 0.000000
93778 44.290 10.588 24.446 0.000000
93891 48.058 19.627 21.690 0.000000
93987 46.078 24.223 22.757 0.000000
94217 45.917 11.418 24.284 0.000000
94301 44.287 19.493 14.560 0.000000
94472 41.743 9.487 22.699 0.000000
94691 39.293 9.243 23.632 0.000000
94724 42.454 9.675 23.860 0.000000
94803 45.836 23.181 23.498 0.000000
94980 47.376 13.210 26.722 0.000000
95215 37.350 13.845 22.841 0.000000
95358 45.346 22.325 16.371 0.000000
95562 48.179 21.313 17.019 0.000000
95738 36.683 14.189 22.711 0.000000
95920 43.739 16.083 29.965 0.000000
96099 43.224 24.788 23.721 0.000000
96113 45.945 19.428 23.384 0.000000
96146 39.580 21.606 22.441 0.000000
96285 46.329 11.631 20.410 0.000000
96320 45.932 18.326 16.107 0.000000
96858 40.511 25.406 21.516 0.000000
96894 43.870 25.335 22.755 0.000000
96928 48.268 13.575 26.319 0.000000
96932 38.440 13.149 23.298 0.000000
97051 44.536 21.559 23.432 0.000000
97304 45.703 18.933 18.491 0.000000
97305 40.237 12.519 26.763 0.000000
97454 47.807 21.191 16.541 0.000000
97529 46.071 22.831 21.125 0.000000
97779 46.162 20.065 15.658 0.000000
97802 36.131 17.341 21.685 0.000000
97809 47.026 14.436 29.564 0.000000
98010 48.031 13.026 22.516 0.000000
98015 44.003 18.468 19.322 0.000000
98145 45.480 28.130 17.379 0.000000
98288 38.900 14.344 22.621 0.000000
98396 47.109 18.525 16.143 0.000000
98475 37.588 16.816 26.224 0.000000
98621 44.903 15.973 29.936 0.000000
98964 40.874 17.365 20.706 0.000000
99105 47.221 19.642 22.881 0.000000
99356 41.937 15.998 30.001 0.000000
99363 44.056 21.213 16.002 0.000000
99571 45.053 30.716 16.934 0.000000
99658 44.343 17.274 22.205 0.000000
99742 37.199 16.237 22.172 0.000000
99813 41.671 18.776 23.547 0.000000
99922 35.270 12.827 22.116 0.000000
100103 49.064 13.571 25.444 0.000000
100133 43.674 16.613 21.938 0.000000
100206 45.476 10.989 23.608 0.000000
100220 44.730 30.167 16.180 0.000000
100418 38.631 15.029 22.470 0.000000
100497 41.851 15.653 24.521 0.000000
100586 39.025 11.639 24.957 0.000000
100653 41.832 14.114 28.743 0.000000
100797 42.366 10.590 26.944 0.000000
101057 42.284 10.277 25.624 0.000000
101250 45.436 14.395 29.428 0.000000
101517 42.427 19.416 23.370 0.000000
101539 46.934 14.158 30.469 0.000000
101600 41.467 15.358 21.807 0.000000
101863 39.180 15.697 28.219 0.000000
102130 37.685 14.623 22.628 0.000000
102142 46.904 12.575 26.215 0.000000
102218 47.720 20.383 22.782 0.000000
102531 46.583 19.090 22.856 0.000000
102628 43.219 13.254 31.819 0.000000
102936 42.459 19.453 14.318 0.000000
102992 48.066 12.975 21.785 0.000000
103055 49.153 10.677 27.309 0.000000
103075 44.439 18.722 18.178 0.000000
103390 45.232 10.608 20.548 0.000000
103393 39.270 8.916 22.687 0.000000
103680 50.680 11.727 24.160 0.000000
103902 45.641 11.903 27.206 0.000000
103928 40.044 8.740 21.952 0.000000
104030 42.462 14.884 22.660 0.000000
104066 38.719 11.184 24.781 0.000000
104305 43.137 24.939 22.243 0.000000
104954 45.385 30.353 18.118 0.000000
105165 46.556 18.388 16.071 0.000000
105220 35.074 12.824 20.646 0.000000
105298 42.477 23.012 22.934 0.000000
105537 39.465 18.523 20.202 0.000000
105771 42.119 18.918 17.764 0.000000
105849 39.455 10.107 25.042 0.000000
105977 44.624 10.453 22.423 0.000000
105984 45.502 11.292 24.878 0.000000
106080 42.273 18.151 19.411 0.000000
106189 43.566 25.320 23.411 0.000000
106265 39.477 17.863 24.461 0.000000
106273 46.397 27.372 16.192 0.000000
106562 47.891 21.140 22.577 0.000000
106568 42.614 18.310 18.804 0.000000
106855 45.613 18.341 22.116 0.000000
107206 41.194 15.954 21.530 0.000000
107293 41.718 25.299 22.193 0.000000
107508 38.935 25.369 23.295 0.000000
107731 41.180 27.768 18.836 0.000000
107763 48.696 11.535 28.531 0.000000
108458 35.972 11.828 22.967 0.000000
108472 40.249 8.785 21.069 0.000000
108523 38.020 11.163 24.240 0.000000
108726 44.527 10.614 23.011 0.000000
108754 36.778 14.727 22.599 0.000000
108758 39.691 12.717 25.885 0.000000
109002 39.523 10.475 25.358 0.000000
109005 45.103 15.939 30.126 0.000000
109136 40.839 17.000 21.127 0.000000
