#!ascii label  , from subject OAS1_0001-3 vox2ras=TkReg 
942
28638 2.851 -42.923 56.228 0.000000
28639 2.279 -43.180 56.119 0.000000
28640 1.822 -43.334 55.834 0.000000
28648 1.528 -43.066 55.449 0.000000
28662 0.812 -42.969 53.440 0.000000
28677 0.467 -42.456 50.872 0.000000
28686 0.495 -42.699 50.235 0.000000
29411 4.677 -41.904 56.269 0.000000
29412 4.309 -41.298 56.452 0.000000
29413 3.934 -42.120 56.171 0.000000
29414 3.656 -41.406 56.545 0.000000
29415 3.177 -42.131 56.433 0.000000
29416 2.548 -41.481 56.691 0.000000
29425 5.045 -42.240 56.121 0.000000
29426 2.351 -42.343 56.322 0.000000
29427 1.696 -41.591 56.167 0.000000
29432 6.008 -41.792 54.956 0.000000
29433 5.619 -41.451 55.700 0.000000
29434 1.257 -41.854 55.539 0.000000
29446 0.788 -42.042 53.484 0.000000
29455 0.649 -41.587 52.419 0.000000
29462 0.779 -41.627 50.733 0.000000
29469 0.918 -42.039 50.133 0.000000
29479 1.338 -42.273 49.077 0.000000
29503 1.932 -42.536 48.209 0.000000
30220 4.668 -40.380 56.658 0.000000
30221 5.734 -39.626 56.580 0.000000
30222 5.278 -39.427 56.912 0.000000
30223 3.989 -40.584 56.715 0.000000
30224 3.698 -39.923 57.028 0.000000
30225 3.403 -40.731 56.869 0.000000
30226 3.221 -40.174 57.112 0.000000
30227 2.835 -40.781 57.031 0.000000
30229 5.402 -40.512 56.330 0.000000
30230 6.014 -39.961 56.187 0.000000
30231 2.431 -40.526 56.943 0.000000
30232 2.037 -40.978 56.681 0.000000
30237 1.589 -40.815 56.172 0.000000
30245 1.231 -40.993 55.535 0.000000
30252 0.827 -41.340 54.089 0.000000
30259 0.749 -41.067 53.164 0.000000
30265 0.742 -40.731 52.204 0.000000
30270 1.179 -40.908 50.655 0.000000
30278 1.510 -41.376 50.063 0.000000
30300 2.121 -42.013 48.957 0.000000
30301 2.870 -40.466 48.996 0.000000
30302 2.312 -41.197 49.531 0.000000
30310 3.325 -41.226 48.348 0.000000
30311 3.935 -40.503 48.055 0.000000
30312 2.603 -41.944 48.259 0.000000
30321 3.065 -41.925 47.546 0.000000
30322 3.749 -41.354 47.533 0.000000
30331 4.009 -41.775 46.108 0.000000
30332 4.527 -41.001 46.342 0.000000
30333 3.384 -42.504 46.010 0.000000
30344 5.196 -40.943 44.803 0.000000
30345 4.996 -40.756 45.558 0.000000
30376 3.222 -41.353 41.872 0.000000
30377 2.590 -41.803 41.429 0.000000
30394 2.381 -41.575 40.808 0.000000
30407 2.370 -41.403 40.185 0.000000
31015 6.444 -39.216 56.700 0.000000
31016 5.061 -39.009 57.474 0.000000
31017 4.213 -39.262 57.526 0.000000
31018 3.498 -39.499 57.421 0.000000
31019 2.940 -39.927 57.251 0.000000
31022 7.147 -38.886 56.751 0.000000
31023 2.323 -39.702 56.866 0.000000
31024 1.865 -40.275 56.487 0.000000
31030 1.371 -40.134 55.910 0.000000
31037 1.131 -40.004 55.102 0.000000
31042 0.823 -39.791 54.284 0.000000
31049 0.674 -40.188 52.915 0.000000
31058 0.966 -40.433 51.280 0.000000
31068 1.438 -40.225 50.584 0.000000
31078 1.874 -40.603 50.098 0.000000
31079 2.413 -40.108 49.646 0.000000
31080 1.778 -39.674 50.067 0.000000
31108 3.463 -40.236 48.577 0.000000
31119 4.232 -40.730 47.252 0.000000
31120 4.617 -40.118 46.799 0.000000
31121 4.218 -39.776 47.597 0.000000
31129 4.960 -40.318 46.045 0.000000
31130 5.454 -40.161 45.408 0.000000
31136 5.563 -40.220 44.452 0.000000
31144 5.111 -40.877 43.769 0.000000
31146 5.510 -40.049 43.414 0.000000
31147 3.989 -40.861 42.293 0.000000
31148 4.841 -40.597 42.783 0.000000
31151 3.478 -40.520 41.691 0.000000
31152 2.851 -41.057 41.254 0.000000
31158 2.513 -40.869 40.635 0.000000
31733 6.996 -38.054 57.604 0.000000
31734 7.636 -37.901 57.543 0.000000
31735 7.242 -37.586 57.828 0.000000
31736 6.392 -38.271 57.622 0.000000
31737 6.384 -37.776 58.019 0.000000
31738 5.741 -38.288 57.841 0.000000
31739 5.360 -37.930 58.090 0.000000
31740 4.851 -38.599 57.876 0.000000
31741 4.654 -38.177 58.100 0.000000
31746 6.730 -38.570 57.238 0.000000
31747 3.918 -38.785 58.000 0.000000
31748 3.253 -39.093 57.641 0.000000
31754 2.957 -38.502 57.418 0.000000
31755 2.303 -38.692 56.805 0.000000
31756 10.781 -39.009 55.989 0.000000
31757 11.679 -38.740 55.859 0.000000
31758 11.141 -38.590 56.540 0.000000
31759 9.891 -39.002 56.102 0.000000
31761 1.133 -38.678 55.952 0.000000
31765 1.060 -39.102 54.723 0.000000
31769 0.487 -38.986 54.051 0.000000
31770 0.607 -38.342 54.446 0.000000
31774 0.574 -39.580 53.546 0.000000
31775 0.398 -38.770 53.356 0.000000
31779 0.559 -39.354 52.721 0.000000
31780 0.424 -38.545 52.533 0.000000
31785 1.119 -39.565 50.973 0.000000
31786 0.860 -38.671 51.085 0.000000
31794 1.239 -38.897 50.198 0.000000
31815 2.401 -39.302 49.108 0.000000
31816 2.168 -38.308 48.888 0.000000
31837 3.659 -39.471 48.237 0.000000
31838 2.983 -38.490 48.130 0.000000
31839 2.387 -37.963 48.247 0.000000
31853 4.384 -39.145 46.936 0.000000
31854 3.719 -38.802 47.625 0.000000
31855 3.031 -38.021 47.407 0.000000
31856 2.578 -37.809 47.724 0.000000
31864 5.057 -39.654 46.212 0.000000
31865 4.934 -38.799 46.275 0.000000
31866 3.585 -38.229 46.992 0.000000
31874 5.432 -39.287 45.596 0.000000
31886 5.634 -39.355 44.305 0.000000
31896 5.568 -39.049 43.467 0.000000
31897 4.947 -39.643 42.639 0.000000
31902 4.482 -38.690 42.334 0.000000
31903 3.674 -39.445 41.630 0.000000
31904 3.004 -40.099 41.019 0.000000
31906 2.601 -39.245 40.637 0.000000
32515 6.338 -37.393 58.337 0.000000
32516 6.881 -37.388 58.121 0.000000
32517 6.716 -37.067 58.367 0.000000
32518 9.750 -37.170 57.479 0.000000
32519 10.080 -36.734 57.693 0.000000
32520 9.263 -36.906 57.826 0.000000
32521 8.917 -37.352 57.646 0.000000
32522 8.507 -37.256 57.868 0.000000
32523 8.025 -37.462 57.763 0.000000
32524 7.646 -37.167 58.099 0.000000
32525 5.748 -37.327 58.387 0.000000
32526 4.946 -37.579 58.157 0.000000
32527 4.060 -38.017 58.239 0.000000
32528 11.597 -37.996 56.825 0.000000
32529 11.794 -37.213 57.087 0.000000
32530 11.365 -36.722 57.571 0.000000
32531 10.352 -37.551 57.259 0.000000
32532 10.833 -36.811 57.606 0.000000
32533 9.485 -37.797 57.224 0.000000
32534 3.666 -37.649 57.924 0.000000
32535 3.187 -37.915 57.551 0.000000
32536 2.775 -38.080 57.073 0.000000
32537 12.410 -37.506 56.541 0.000000
32538 12.468 -36.682 56.954 0.000000
32539 10.717 -38.143 57.006 0.000000
32540 2.209 -37.891 56.599 0.000000
32541 12.474 -38.364 55.468 0.000000
32542 12.975 -37.315 56.032 0.000000
32543 1.219 -38.078 55.823 0.000000
32544 1.471 -37.533 56.053 0.000000
32545 0.922 -37.605 55.470 0.000000
32547 11.923 -38.787 55.117 0.000000
32548 1.064 -38.393 55.215 0.000000
32549 0.653 -37.788 54.807 0.000000
32550 12.346 -38.337 54.498 0.000000
32551 0.228 -37.475 54.115 0.000000
32556 0.261 -37.740 52.161 0.000000
32560 0.530 -37.954 51.265 0.000000
32564 1.223 -38.218 49.617 0.000000
32565 0.862 -38.165 50.406 0.000000
32572 1.690 -37.939 49.090 0.000000
32573 1.030 -37.674 49.185 0.000000
32587 1.992 -37.640 48.403 0.000000
32588 1.460 -37.453 48.576 0.000000
32602 2.580 -37.530 47.238 0.000000
32603 2.199 -37.398 47.687 0.000000
32616 3.447 -37.795 46.442 0.000000
32617 2.681 -37.375 46.708 0.000000
32618 2.283 -37.098 47.039 0.000000
32630 5.306 -38.479 45.503 0.000000
32631 5.034 -37.725 45.161 0.000000
32632 4.009 -37.418 45.627 0.000000
32633 3.013 -37.169 46.064 0.000000
32645 5.580 -38.400 44.533 0.000000
32659 5.530 -38.210 43.573 0.000000
32660 5.192 -37.669 43.033 0.000000
32677 4.398 -37.427 42.526 0.000000
32678 3.649 -38.128 41.864 0.000000
32679 3.066 -38.770 41.179 0.000000
32691 2.399 -38.138 40.828 0.000000
32712 1.927 -37.885 38.876 0.000000
32722 1.652 -37.704 38.003 0.000000
32736 1.074 -37.546 36.648 0.000000
33307 9.794 -36.401 58.159 0.000000
33308 10.325 -36.266 58.258 0.000000
33309 9.799 -36.157 58.419 0.000000
33310 9.056 -36.410 58.269 0.000000
33311 8.608 -36.320 58.404 0.000000
33312 8.168 -36.686 58.291 0.000000
33313 7.851 -36.499 58.418 0.000000
33314 7.464 -37.205 58.205 0.000000
33315 7.124 -36.665 58.431 0.000000
33316 6.095 -36.814 58.536 0.000000
33317 5.777 -36.793 58.519 0.000000
33318 12.203 -36.102 57.605 0.000000
33319 12.768 -35.898 57.587 0.000000
33320 11.963 -36.047 57.966 0.000000
33321 11.675 -36.370 57.673 0.000000
33322 11.330 -36.159 58.179 0.000000
33323 11.148 -36.593 57.731 0.000000
33324 10.886 -36.204 58.282 0.000000
33325 5.208 -37.049 58.331 0.000000
33326 4.433 -37.331 58.101 0.000000
33327 12.831 -36.160 57.286 0.000000
33328 13.724 -36.017 57.351 0.000000
33329 13.518 -35.919 57.441 0.000000
33330 11.907 -36.615 57.267 0.000000
33331 4.148 -37.096 57.749 0.000000
33332 3.680 -37.492 57.465 0.000000
33333 3.119 -37.833 56.931 0.000000
33334 13.924 -36.224 56.764 0.000000
33335 14.869 -35.985 56.544 0.000000
33336 14.402 -35.990 57.111 0.000000
33337 13.040 -36.704 56.561 0.000000
33338 2.355 -37.427 56.382 0.000000
33339 14.953 -36.025 55.879 0.000000
33340 15.381 -35.634 55.423 0.000000
33342 14.297 -36.437 55.560 0.000000
33344 1.575 -36.893 55.994 0.000000
33345 0.967 -36.938 55.587 0.000000
33346 14.936 -35.945 55.172 0.000000
33347 14.442 -36.367 54.880 0.000000
33348 13.813 -36.894 55.092 0.000000
33349 0.623 -37.133 54.871 0.000000
33350 14.958 -35.791 54.526 0.000000
33351 14.439 -36.270 54.320 0.000000
33352 15.021 -35.676 53.989 0.000000
33353 13.761 -36.912 54.056 0.000000
33354 13.009 -37.641 54.207 0.000000
33355 14.358 -36.193 53.734 0.000000
33356 13.740 -36.528 53.370 0.000000
33358 12.990 -37.169 53.394 0.000000
33359 0.164 -37.050 53.357 0.000000
33362 0.055 -36.872 52.071 0.000000
33365 -0.037 -36.629 51.156 0.000000
33368 0.336 -36.940 50.100 0.000000
33371 0.550 -37.047 49.302 0.000000
33379 1.729 -37.216 47.905 0.000000
33380 1.103 -37.058 48.143 0.000000
33390 1.965 -36.925 47.341 0.000000
33391 1.477 -36.788 47.559 0.000000
33405 2.192 -36.659 46.857 0.000000
33406 1.880 -36.495 47.097 0.000000
33422 4.531 -37.064 44.717 0.000000
33423 3.646 -36.688 45.260 0.000000
33424 2.428 -36.885 46.476 0.000000
33446 5.329 -37.567 44.130 0.000000
33447 4.824 -36.904 43.712 0.000000
33467 4.753 -36.880 43.014 0.000000
33485 4.274 -36.583 42.842 0.000000
33486 3.552 -36.932 42.303 0.000000
33503 1.767 -37.059 41.040 0.000000
33504 1.978 -37.620 40.289 0.000000
33518 2.037 -37.209 39.515 0.000000
33529 1.893 -37.105 38.482 0.000000
33538 1.186 -37.238 37.328 0.000000
33551 0.924 -37.045 36.461 0.000000
34140 11.428 -36.018 58.305 0.000000
34141 11.200 -35.743 58.535 0.000000
34142 10.889 -36.092 58.456 0.000000
34143 10.692 -35.792 58.605 0.000000
34144 9.962 -35.886 58.594 0.000000
34145 9.064 -35.853 58.614 0.000000
34146 8.095 -35.901 58.673 0.000000
34147 7.466 -36.223 58.531 0.000000
34148 6.800 -36.332 58.551 0.000000
34149 6.213 -36.445 58.589 0.000000
34150 14.372 -35.667 57.505 0.000000
34151 14.134 -35.476 57.718 0.000000
34152 13.342 -35.768 57.567 0.000000
34153 11.874 -35.817 58.184 0.000000
34154 5.678 -36.308 58.554 0.000000
34155 5.038 -36.235 58.297 0.000000
34156 4.429 -36.323 57.843 0.000000
34157 15.236 -35.394 57.450 0.000000
34158 15.873 -35.013 57.212 0.000000
34159 4.146 -36.870 57.468 0.000000
34160 3.754 -37.322 57.058 0.000000
34161 4.128 -36.714 57.070 0.000000
34164 16.377 -34.959 56.494 0.000000
34165 15.734 -35.448 56.801 0.000000
34166 15.053 -35.792 57.001 0.000000
34167 3.422 -36.883 56.566 0.000000
34168 2.554 -36.929 56.206 0.000000
34170 19.104 -34.408 55.407 0.000000
34172 16.677 -34.940 55.430 0.000000
34174 1.861 -36.482 55.605 0.000000
34175 1.279 -36.574 55.418 0.000000
34177 20.257 -34.452 54.604 0.000000
34178 19.982 -34.629 54.847 0.000000
34180 19.784 -34.593 55.055 0.000000
34181 18.188 -34.538 54.415 0.000000
34182 17.007 -34.811 54.630 0.000000
34183 15.979 -35.122 54.990 0.000000
34184 0.463 -35.942 54.156 0.000000
34190 18.456 -34.465 53.957 0.000000
34191 17.267 -34.814 53.955 0.000000
34194 0.087 -36.469 53.750 0.000000
34201 17.655 -34.631 53.479 0.000000
34203 15.433 -35.411 53.420 0.000000
34204 14.808 -35.750 53.457 0.000000
34205 -0.090 -36.361 52.888 0.000000
34216 -0.011 -36.107 51.940 0.000000
34230 -0.176 -35.912 50.555 0.000000
34244 0.086 -36.155 49.660 0.000000
34252 0.475 -36.483 48.720 0.000000
34256 0.790 -36.361 47.881 0.000000
34260 1.294 -36.139 47.300 0.000000
34266 2.128 -36.074 46.621 0.000000
34267 1.734 -35.778 46.775 0.000000
34272 3.440 -35.822 44.854 0.000000
34273 2.356 -36.161 46.199 0.000000
34274 2.190 -35.522 46.037 0.000000
34286 4.264 -36.171 44.327 0.000000
34287 3.843 -35.463 43.992 0.000000
34288 2.963 -35.017 44.565 0.000000
34289 2.348 -35.252 45.452 0.000000
34302 4.324 -36.260 43.470 0.000000
34313 3.627 -35.860 42.964 0.000000
34314 2.784 -36.354 42.156 0.000000
34330 1.967 -36.303 41.530 0.000000
34331 1.598 -36.180 41.007 0.000000
34347 2.157 -36.542 39.368 0.000000
34361 1.909 -36.754 38.028 0.000000
34362 2.417 -35.987 38.904 0.000000
34374 1.206 -36.589 36.828 0.000000
34375 1.583 -36.029 36.747 0.000000
34973 11.578 -35.656 58.444 0.000000
34974 12.352 -35.458 58.157 0.000000
34975 11.222 -35.303 58.673 0.000000
34976 10.888 -35.692 58.661 0.000000
34977 10.308 -35.641 58.648 0.000000
34978 9.487 -35.738 58.537 0.000000
34979 8.577 -35.880 58.515 0.000000
34980 7.765 -35.970 58.577 0.000000
34981 6.556 -35.790 58.550 0.000000
34982 15.447 -34.914 57.951 0.000000
34983 15.975 -34.636 57.712 0.000000
34984 15.662 -34.547 58.110 0.000000
34985 14.585 -34.795 57.969 0.000000
34986 13.405 -34.948 57.935 0.000000
34987 6.031 -35.984 58.630 0.000000
34988 5.455 -35.864 58.397 0.000000
34989 4.856 -35.818 58.022 0.000000
34993 16.383 -34.528 56.877 0.000000
34994 16.402 -34.103 57.315 0.000000
34995 4.360 -36.369 57.520 0.000000
34996 4.572 -35.979 57.661 0.000000
34998 19.208 -33.813 56.251 0.000000
34999 4.422 -36.158 57.118 0.000000
35000 2.781 -36.330 55.940 0.000000
35001 3.755 -36.343 56.564 0.000000
35002 20.217 -34.261 55.283 0.000000
35004 20.013 -33.943 55.933 0.000000
35005 19.909 -34.278 55.499 0.000000
35006 20.081 -33.703 56.232 0.000000
35007 1.444 -36.092 54.873 0.000000
35008 2.091 -36.072 55.205 0.000000
35012 1.044 -35.541 54.357 0.000000
35013 1.792 -35.599 54.711 0.000000
35016 0.073 -35.745 53.455 0.000000
35020 0.154 -35.584 52.581 0.000000
35025 0.226 -35.340 51.750 0.000000
35030 -0.016 -35.108 50.972 0.000000
35036 0.003 -35.212 50.100 0.000000
35047 0.482 -34.797 48.815 0.000000
35059 0.712 -35.535 47.679 0.000000
35069 1.024 -35.281 47.012 0.000000
35073 1.415 -34.929 46.346 0.000000
35076 1.926 -34.683 45.273 0.000000
35077 1.594 -34.475 45.514 0.000000
35082 2.437 -34.365 43.839 0.000000
35083 1.873 -34.054 44.217 0.000000
35093 3.089 -34.936 43.434 0.000000
35094 2.338 -34.553 42.842 0.000000
35102 2.501 -35.412 42.283 0.000000
35103 2.177 -34.915 42.024 0.000000
35111 2.086 -35.559 40.722 0.000000
35120 2.289 -36.105 39.770 0.000000
35121 2.598 -35.658 39.836 0.000000
35134 3.343 -35.239 37.624 0.000000
35135 4.484 -34.977 38.150 0.000000
35136 4.071 -35.359 38.644 0.000000
35137 2.972 -35.737 38.129 0.000000
35138 3.145 -35.662 38.978 0.000000
35157 2.227 -35.688 37.198 0.000000
35755 12.040 -34.931 58.259 0.000000
35756 10.670 -35.196 58.745 0.000000
35757 9.815 -35.091 58.541 0.000000
35758 9.100 -35.443 58.454 0.000000
35759 8.128 -35.772 58.522 0.000000
35760 7.279 -35.791 58.551 0.000000
35761 16.013 -34.042 57.761 0.000000
35762 15.465 -33.950 57.937 0.000000
35763 14.907 -34.065 57.950 0.000000
35764 13.962 -34.292 57.793 0.000000
35765 11.587 -34.698 58.298 0.000000
35766 10.993 -34.745 58.617 0.000000
35767 10.463 -34.772 58.604 0.000000
35768 9.771 -34.834 58.483 0.000000
35769 9.002 -34.900 58.408 0.000000
35770 7.655 -35.442 58.437 0.000000
35771 8.166 -34.910 58.292 0.000000
35772 5.308 -35.588 58.119 0.000000
35777 7.267 -34.768 58.170 0.000000
35778 6.455 -34.547 58.015 0.000000
35779 5.548 -35.201 57.934 0.000000
35780 5.898 -34.686 57.770 0.000000
35781 5.051 -35.567 57.699 0.000000
35785 5.447 -35.099 57.589 0.000000
35786 5.156 -35.327 57.263 0.000000
35787 4.206 -35.919 56.608 0.000000
35790 4.239 -35.348 55.870 0.000000
35791 5.177 -35.016 56.305 0.000000
35792 3.308 -35.417 55.543 0.000000
35793 2.563 -35.676 55.347 0.000000
35797 3.823 -34.877 55.146 0.000000
35798 4.798 -34.905 55.341 0.000000
35799 2.972 -34.963 54.914 0.000000
35800 2.229 -35.237 54.725 0.000000
35805 5.959 -34.216 54.252 0.000000
35806 5.355 -34.396 53.775 0.000000
35807 5.374 -34.372 54.741 0.000000
35808 3.617 -34.638 54.299 0.000000
35809 2.748 -34.894 54.129 0.000000
35810 1.898 -35.154 53.980 0.000000
35811 1.085 -35.206 53.905 0.000000
35817 6.475 -34.447 52.850 0.000000
35819 5.827 -34.489 53.007 0.000000
35820 5.141 -34.661 52.828 0.000000
35821 3.421 -34.607 53.361 0.000000
35822 2.488 -34.904 53.253 0.000000
35823 1.567 -35.050 53.174 0.000000
35824 0.610 -35.081 52.240 0.000000
35828 6.726 -34.604 52.202 0.000000
35829 7.225 -34.172 52.799 0.000000
35830 5.938 -34.981 52.099 0.000000
35831 5.197 -34.935 51.246 0.000000
35832 4.374 -34.955 51.550 0.000000
35833 2.857 -34.946 51.646 0.000000
35834 1.785 -34.572 51.447 0.000000
35835 0.768 -34.696 51.490 0.000000
35839 6.716 -34.748 51.331 0.000000
35841 5.968 -34.909 50.834 0.000000
35842 5.275 -34.906 50.332 0.000000
35843 3.638 -34.926 51.045 0.000000
35844 2.760 -34.682 50.656 0.000000
35845 1.678 -34.266 50.311 0.000000
35846 0.674 -34.518 50.491 0.000000
35855 4.772 -34.681 49.475 0.000000
35856 3.803 -34.478 49.036 0.000000
35857 1.023 -34.149 49.747 0.000000
35858 0.443 -34.630 49.588 0.000000
35867 4.444 -34.126 48.590 0.000000
35868 2.978 -33.973 48.771 0.000000
35869 1.796 -33.895 49.199 0.000000
35870 0.803 -34.082 49.034 0.000000
35871 1.193 -33.561 48.652 0.000000
35879 0.711 -34.131 48.304 0.000000
35880 0.652 -34.622 47.599 0.000000
35891 0.757 -34.217 46.845 0.000000
35902 1.159 -34.032 46.061 0.000000
35911 1.119 -33.681 45.188 0.000000
35917 1.504 -33.594 43.658 0.000000
35918 1.506 -33.956 44.622 0.000000
35924 1.937 -34.066 43.258 0.000000
35933 2.243 -34.486 42.110 0.000000
35941 2.427 -34.653 41.353 0.000000
35942 2.796 -34.009 41.325 0.000000
35947 5.454 -34.552 39.763 0.000000
35948 5.000 -34.581 40.378 0.000000
35949 4.658 -34.968 39.612 0.000000
35950 4.089 -34.518 40.440 0.000000
35951 3.523 -35.181 39.767 0.000000
35952 3.164 -34.476 40.755 0.000000
35958 4.965 -34.736 38.884 0.000000
35959 5.676 -34.350 38.974 0.000000
35967 5.066 -34.361 38.168 0.000000
35968 4.036 -34.674 37.707 0.000000
36582 15.863 -33.337 57.335 0.000000
36583 15.032 -33.559 57.509 0.000000
36584 14.476 -33.623 57.515 0.000000
36585 12.249 -34.059 57.735 0.000000
36586 13.069 -33.504 57.394 0.000000
36587 11.381 -34.259 58.122 0.000000
36588 10.836 -34.322 58.398 0.000000
36589 10.232 -34.275 58.421 0.000000
36590 9.470 -34.250 58.377 0.000000
36591 8.658 -34.240 58.241 0.000000
36595 11.990 -33.690 57.602 0.000000
36596 10.718 -33.741 58.143 0.000000
36597 11.365 -33.392 57.709 0.000000
36598 9.924 -33.634 58.117 0.000000
36599 9.094 -33.689 57.948 0.000000
36600 8.288 -33.698 57.772 0.000000
36601 7.805 -34.127 58.066 0.000000
36602 6.313 -34.043 57.550 0.000000
36607 9.952 -32.967 56.685 0.000000
36608 10.642 -32.715 56.348 0.000000
36609 8.751 -33.326 57.138 0.000000
36610 7.984 -33.436 57.011 0.000000
36611 7.094 -33.676 57.043 0.000000
36612 6.269 -33.937 56.692 0.000000
36613 5.641 -34.615 57.153 0.000000
36616 9.755 -32.752 55.883 0.000000
36617 8.886 -33.008 55.522 0.000000
36618 8.460 -33.234 56.281 0.000000
36619 6.969 -33.757 55.992 0.000000
36620 6.214 -34.004 55.725 0.000000
36621 5.563 -34.410 55.543 0.000000
36624 9.609 -32.750 55.038 0.000000
36625 10.366 -32.565 55.390 0.000000
36628 6.071 -33.975 54.914 0.000000
36673 3.160 -33.404 48.488 0.000000
36674 3.946 -33.214 48.362 0.000000
36675 2.204 -33.411 48.720 0.000000
36681 2.376 -32.859 48.626 0.000000
36682 1.437 -32.898 48.476 0.000000
36683 0.795 -33.220 48.116 0.000000
36692 0.600 -32.721 47.647 0.000000
36703 0.540 -32.473 46.466 0.000000
36719 0.779 -32.777 45.068 0.000000
36732 1.162 -32.808 43.658 0.000000
36733 1.038 -33.267 44.314 0.000000
36748 1.550 -33.189 43.199 0.000000
36766 2.427 -33.787 42.095 0.000000
36767 3.054 -33.319 41.715 0.000000
36768 2.620 -33.042 42.281 0.000000
36785 6.256 -33.388 40.719 0.000000
36786 6.681 -32.742 41.045 0.000000
36787 6.069 -33.141 41.321 0.000000
36788 5.620 -33.930 40.747 0.000000
36789 5.258 -33.287 41.563 0.000000
36790 4.674 -33.974 41.058 0.000000
36791 4.058 -33.055 41.658 0.000000
36792 3.572 -33.818 41.153 0.000000
36806 6.137 -33.832 39.826 0.000000
36807 6.534 -33.098 40.322 0.000000
36819 5.896 -33.701 38.696 0.000000
36820 6.443 -32.995 39.444 0.000000
36832 4.961 -33.370 38.156 0.000000
37437 15.344 -33.049 56.945 0.000000
37438 14.764 -33.177 57.007 0.000000
37439 14.086 -33.289 57.305 0.000000
37447 14.436 -32.735 56.870 0.000000
37449 13.750 -32.953 57.134 0.000000
37450 12.167 -33.177 57.342 0.000000
37454 13.043 -32.721 56.944 0.000000
37455 12.088 -32.692 56.628 0.000000
37456 11.389 -32.940 57.035 0.000000
37458 12.616 -32.201 56.160 0.000000
37460 11.851 -32.334 55.843 0.000000
37461 11.123 -32.462 55.640 0.000000
37464 12.381 -31.933 55.288 0.000000
37466 11.576 -32.205 55.089 0.000000
37510 3.515 -32.318 48.706 0.000000
37511 2.411 -32.097 48.872 0.000000
37512 1.503 -32.196 48.595 0.000000
37513 1.413 -31.322 48.954 0.000000
37517 0.897 -32.371 48.136 0.000000
37518 0.846 -31.369 48.315 0.000000
37519 0.648 -31.924 47.810 0.000000
37523 0.497 -32.031 47.157 0.000000
37527 0.561 -31.721 46.372 0.000000
37533 0.752 -31.828 45.007 0.000000
37540 1.198 -31.953 43.756 0.000000
37541 0.887 -32.320 44.263 0.000000
37552 1.704 -32.293 43.255 0.000000
37563 6.349 -32.482 41.591 0.000000
37564 6.785 -32.059 41.536 0.000000
37565 6.323 -31.831 42.123 0.000000
37566 5.767 -32.558 41.898 0.000000
37567 5.472 -31.898 42.456 0.000000
37568 4.882 -32.544 42.151 0.000000
37569 4.536 -31.834 42.609 0.000000
37570 3.200 -32.640 42.138 0.000000
37571 3.064 -31.453 42.951 0.000000
37572 2.542 -32.317 42.734 0.000000
37586 7.091 -32.122 41.046 0.000000
37587 7.160 -31.540 41.424 0.000000
37599 7.241 -31.539 40.787 0.000000
37600 6.873 -32.325 40.288 0.000000
37610 5.683 -32.727 38.744 0.000000
37611 6.262 -32.028 39.319 0.000000
37612 5.226 -31.801 38.889 0.000000
37624 4.535 -32.427 38.464 0.000000
38267 1.846 -31.139 49.630 0.000000
38269 1.179 -30.572 49.791 0.000000
38275 1.062 -30.466 48.915 0.000000
38284 0.586 -31.064 46.941 0.000000
38287 0.748 -30.914 46.134 0.000000
38291 1.015 -30.883 45.182 0.000000
38294 1.673 -31.153 43.651 0.000000
38295 1.070 -31.371 44.275 0.000000
38299 3.403 -30.472 43.015 0.000000
38300 2.469 -30.716 43.273 0.000000
38301 2.219 -31.546 43.171 0.000000
38307 6.891 -31.504 41.923 0.000000
38308 7.263 -31.000 41.916 0.000000
38309 6.827 -30.998 42.477 0.000000
38310 6.031 -31.230 42.794 0.000000
38311 5.023 -31.143 42.821 0.000000
38312 4.037 -31.149 42.847 0.000000
38329 7.422 -30.889 41.276 0.000000
38340 7.187 -30.683 40.569 0.000000
38341 6.690 -31.244 39.916 0.000000
38352 5.674 -31.156 39.333 0.000000
38354 4.731 -31.055 38.974 0.000000
38355 3.763 -30.726 38.870 0.000000
39034 1.012 -29.434 50.620 0.000000
39042 0.922 -29.881 49.793 0.000000
39044 0.690 -30.429 48.105 0.000000
39045 1.041 -29.586 48.640 0.000000
39047 0.882 -29.837 47.629 0.000000
39048 0.973 -30.264 46.764 0.000000
39051 1.260 -30.453 45.929 0.000000
39052 1.712 -30.102 46.282 0.000000
39056 1.760 -30.258 45.271 0.000000
39058 2.888 -29.919 43.393 0.000000
39059 3.731 -29.907 43.322 0.000000
39060 2.735 -29.640 44.226 0.000000
39061 2.043 -30.147 43.720 0.000000
39062 1.982 -29.979 44.446 0.000000
39065 7.107 -30.115 42.759 0.000000
39066 6.369 -30.363 43.007 0.000000
39067 5.869 -29.888 43.592 0.000000
39068 5.514 -30.494 43.118 0.000000
39069 5.134 -29.946 43.528 0.000000
39070 4.483 -30.300 43.048 0.000000
39071 4.404 -29.659 43.870 0.000000
39073 7.505 -29.843 42.396 0.000000
39080 7.483 -30.075 41.095 0.000000
39087 6.879 -29.836 40.422 0.000000
39088 5.992 -30.543 39.613 0.000000
39089 5.789 -29.725 39.887 0.000000
39098 4.795 -30.365 39.413 0.000000
39101 2.663 -29.555 38.662 0.000000
39849 1.232 -29.006 49.613 0.000000
39861 1.544 -28.742 48.541 0.000000
39865 1.786 -28.792 47.982 0.000000
39869 1.491 -29.738 47.118 0.000000
39870 1.985 -29.335 47.316 0.000000
39874 2.227 -29.979 45.890 0.000000
39875 2.623 -29.734 45.670 0.000000
39876 2.373 -29.657 46.419 0.000000
39878 6.423 -28.828 44.850 0.000000
39879 5.773 -28.803 45.503 0.000000
39880 5.493 -29.067 44.769 0.000000
39881 5.035 -28.966 45.318 0.000000
39882 4.614 -29.163 44.732 0.000000
39883 3.756 -29.197 45.304 0.000000
39884 2.981 -29.401 45.065 0.000000
39885 2.445 -29.903 45.064 0.000000
39887 6.953 -28.859 44.160 0.000000
39888 7.423 -28.737 43.537 0.000000
39889 7.217 -28.384 44.790 0.000000
39890 6.096 -29.264 44.144 0.000000
39891 5.258 -29.536 44.126 0.000000
39893 7.716 -28.444 42.898 0.000000
39896 7.513 -28.500 42.162 0.000000
39902 7.217 -29.307 40.926 0.000000
39903 6.963 -28.456 41.272 0.000000
39909 6.368 -29.013 40.522 0.000000
39910 4.387 -29.427 39.655 0.000000
39911 5.151 -28.823 40.231 0.000000
39912 3.296 -29.150 39.288 0.000000
39913 3.143 -28.517 39.482 0.000000
39920 2.859 -29.042 38.932 0.000000
40683 1.455 -28.866 50.919 0.000000
40698 3.704 -28.134 50.013 0.000000
40699 2.541 -28.165 49.715 0.000000
40700 1.571 -28.597 50.024 0.000000
40706 4.683 -28.443 48.995 0.000000
40708 3.654 -28.219 49.235 0.000000
40709 2.673 -28.128 48.694 0.000000
40710 2.026 -28.362 48.282 0.000000
40719 6.248 -28.178 48.399 0.000000
40720 6.831 -27.402 48.574 0.000000
40721 6.316 -27.943 49.199 0.000000
40722 5.143 -28.680 48.198 0.000000
40723 2.899 -28.420 47.934 0.000000
40724 2.278 -28.841 47.687 0.000000
40731 6.534 -28.376 47.060 0.000000
40733 5.339 -28.826 47.152 0.000000
40734 3.242 -29.123 47.081 0.000000
40735 2.509 -29.387 46.960 0.000000
40737 6.849 -28.178 46.394 0.000000
40738 7.276 -27.657 46.052 0.000000
40739 7.268 -27.695 46.865 0.000000
40740 3.958 -29.273 46.165 0.000000
40741 2.987 -29.442 46.028 0.000000
40745 6.802 -28.371 45.619 0.000000
40746 7.474 -27.745 45.261 0.000000
40749 7.675 -27.949 43.649 0.000000
40754 7.158 -27.759 42.011 0.000000
40756 5.832 -28.204 40.756 0.000000
40757 6.100 -27.590 41.457 0.000000
40758 4.685 -28.047 40.619 0.000000
40759 5.025 -27.418 41.230 0.000000
40770 3.628 -28.018 40.166 0.000000
41492 7.227 -26.901 47.993 0.000000
41503 7.504 -27.057 47.270 0.000000
41511 7.477 -27.051 45.674 0.000000
41520 7.319 -27.183 43.452 0.000000
41523 7.702 -27.795 43.015 0.000000
41526 7.292 -27.421 42.684 0.000000
41527 6.530 -27.089 42.265 0.000000
42233 7.249 -26.361 47.428 0.000000
42268 6.831 -26.864 42.907 0.000000
89023 1.848 -35.611 41.433 0.000000
89029 1.895 -33.794 42.795 0.000000
89132 1.162 -39.276 55.617 0.000000
89196 7.425 -29.294 42.909 0.000000
89279 1.574 -39.303 56.311 0.000000
89324 0.713 -40.449 53.792 0.000000
89341 2.996 -39.402 48.683 0.000000
89357 1.883 -36.669 40.311 0.000000
89379 4.538 -34.570 54.499 0.000000
89521 2.049 -35.294 41.470 0.000000
89534 1.934 -36.112 40.474 0.000000
89603 4.375 -34.488 53.537 0.000000
89624 1.186 -42.433 55.073 0.000000
89691 7.511 -33.667 54.552 0.000000
89947 0.969 -41.600 54.932 0.000000
89948 0.495 -42.024 51.585 0.000000
89949 0.609 -42.492 52.542 0.000000
89950 1.034 -42.691 54.258 0.000000
89953 0.363 -43.465 50.895 0.000000
89954 0.525 -42.904 51.722 0.000000
89955 0.738 -43.337 52.611 0.000000
89956 1.155 -43.469 54.201 0.000000
90083 1.644 -42.558 55.811 0.000000
90121 4.743 -35.791 57.246 0.000000
90206 15.794 -35.415 53.831 0.000000
90228 3.389 -35.923 56.053 0.000000
90563 0.942 -40.710 54.627 0.000000
90684 3.820 -28.344 48.372 0.000000
90703 1.580 -38.325 56.265 0.000000
90729 4.168 -34.715 52.521 0.000000
90776 3.113 -34.878 52.483 0.000000
90981 1.524 -30.542 44.346 0.000000
91139 1.616 -41.875 49.558 0.000000
91342 13.987 -35.427 57.751 0.000000
91359 2.669 -35.007 40.588 0.000000
91383 0.532 -33.128 46.928 0.000000
91408 3.376 -38.315 57.969 0.000000
91504 14.427 -36.245 56.200 0.000000
91582 5.901 -35.522 58.374 0.000000
91607 7.311 -30.496 42.324 0.000000
91614 0.330 -37.841 53.178 0.000000
91640 14.945 -34.994 57.987 0.000000
91728 6.649 -26.443 43.500 0.000000
91776 15.466 -35.496 54.702 0.000000
91778 2.139 -34.302 42.572 0.000000
91797 19.318 -34.545 54.418 0.000000
91997 6.076 -28.399 47.726 0.000000
92012 3.670 -29.341 44.482 0.000000
92059 7.722 -33.489 56.192 0.000000
92150 0.762 -41.209 51.455 0.000000
92205 3.992 -28.619 39.879 0.000000
92312 18.925 -34.528 54.782 0.000000
92378 0.447 -37.469 50.686 0.000000
92379 7.610 -33.732 57.620 0.000000
92756 6.698 -33.948 54.212 0.000000
92926 2.150 -34.883 52.398 0.000000
93033 0.400 -35.597 48.390 0.000000
93037 16.436 -35.130 54.305 0.000000
93044 11.228 -33.887 58.010 0.000000
93060 4.107 -28.669 47.597 0.000000
93062 6.956 -35.742 58.674 0.000000
93109 1.522 -35.365 54.373 0.000000
93258 3.142 -37.388 56.560 0.000000
93356 0.181 -37.159 52.754 0.000000
93383 4.737 -36.720 58.151 0.000000
93397 5.197 -41.415 56.278 0.000000
93398 9.566 -33.266 57.358 0.000000
93497 1.705 -38.845 49.419 0.000000
93517 2.025 -29.782 46.636 0.000000
93525 6.848 -33.788 55.097 0.000000
93628 1.158 -30.143 50.630 0.000000
93690 1.389 -29.229 47.877 0.000000
93716 0.630 -39.104 51.847 0.000000
93831 6.033 -28.591 46.299 0.000000
93926 1.936 -35.280 46.138 0.000000
93960 7.556 -29.374 41.733 0.000000
93969 13.463 -37.277 54.680 0.000000
94040 3.497 -41.915 46.810 0.000000
94117 4.187 -39.996 42.080 0.000000
94177 10.539 -33.138 57.473 0.000000
94332 0.673 -35.220 53.108 0.000000
94400 0.247 -38.313 53.876 0.000000
94649 10.469 -36.067 58.475 0.000000
94670 2.422 -40.148 40.473 0.000000
95232 9.264 -36.172 58.433 0.000000
95633 4.427 -39.680 56.962 0.000000
95797 9.212 -33.024 56.449 0.000000
95876 17.721 -34.636 54.851 0.000000
95983 6.087 -38.884 57.070 0.000000
96112 2.688 -35.719 45.445 0.000000
96355 7.534 -30.321 41.821 0.000000
96423 6.691 -35.313 58.347 0.000000
96439 2.091 -36.289 37.740 0.000000
96513 5.970 -37.772 58.243 0.000000
96637 0.161 -35.444 49.221 0.000000
96689 5.758 -34.366 56.301 0.000000
96730 3.927 -35.689 56.182 0.000000
96944 0.575 -31.182 47.656 0.000000
97014 11.059 -36.000 58.538 0.000000
97223 1.643 -43.735 55.547 0.000000
97349 4.521 -38.051 46.000 0.000000
97650 4.036 -41.413 46.847 0.000000
97795 12.886 -35.651 57.781 0.000000
97855 0.758 -37.732 49.834 0.000000
98099 7.576 -27.823 44.486 0.000000
98116 12.155 -38.227 56.225 0.000000
98119 0.686 -33.165 45.989 0.000000
98169 6.594 -30.382 39.994 0.000000
98223 0.620 -33.648 47.599 0.000000
98512 7.471 -27.338 44.155 0.000000
98697 11.116 -37.450 57.259 0.000000
98703 7.021 -33.959 57.891 0.000000
98765 17.443 -34.713 54.210 0.000000
99062 11.411 -32.599 56.299 0.000000
99306 7.548 -27.062 46.497 0.000000
99365 5.643 -38.986 45.040 0.000000
99434 4.710 -35.542 56.647 0.000000
99435 13.693 -36.608 56.113 0.000000
99561 4.468 -34.917 50.479 0.000000
99580 0.478 -38.423 51.783 0.000000
99684 0.881 -37.267 48.717 0.000000
99705 12.850 -33.293 57.340 0.000000
99707 7.358 -34.289 51.833 0.000000
99731 2.789 -36.458 45.785 0.000000
99821 3.891 -32.946 37.897 0.000000
99829 15.280 -34.536 58.097 0.000000
99937 3.933 -32.308 42.284 0.000000
99978 3.485 -29.631 43.826 0.000000
99983 4.480 -29.078 45.522 0.000000
100318 5.341 -36.630 58.423 0.000000
100510 4.938 -41.046 56.487 0.000000
100634 0.772 -39.908 51.994 0.000000
100641 1.189 -34.776 52.332 0.000000
100651 0.656 -30.504 47.441 0.000000
100774 3.766 -31.796 42.721 0.000000
100831 1.768 -28.307 49.066 0.000000
100832 2.074 -28.448 50.492 0.000000
101053 2.253 -34.585 44.702 0.000000
101074 0.879 -36.417 54.835 0.000000
101273 5.749 -38.720 57.388 0.000000
101507 2.809 -34.377 49.546 0.000000
101734 6.775 -29.494 43.433 0.000000
101737 1.129 -29.025 50.518 0.000000
101874 6.056 -34.992 58.080 0.000000
102231 3.169 -32.810 48.496 0.000000
102264 11.676 -38.449 56.388 0.000000
102302 0.386 -36.653 54.344 0.000000
102420 13.453 -33.816 57.592 0.000000
102424 7.653 -27.954 42.548 0.000000
102429 14.772 -35.175 57.862 0.000000
102460 3.149 -41.353 56.787 0.000000
102463 7.428 -28.366 44.134 0.000000
102641 4.982 -29.010 46.133 0.000000
103238 6.820 -34.142 53.432 0.000000
103357 7.424 -26.535 46.816 0.000000
103361 4.325 -29.052 46.843 0.000000
103406 0.622 -32.258 45.771 0.000000
103414 4.096 -38.378 46.618 0.000000
103459 6.512 -36.088 58.616 0.000000
103702 2.547 -38.640 48.640 0.000000
103805 2.188 -40.105 40.104 0.000000
103834 -0.144 -35.771 51.265 0.000000
103969 2.019 -33.097 42.708 0.000000
104076 8.175 -33.331 55.631 0.000000
104220 16.041 -34.400 57.919 0.000000
104228 5.201 -40.193 56.556 0.000000
104322 5.291 -38.612 42.897 0.000000
104420 13.987 -36.754 54.597 0.000000
104467 0.660 -43.642 51.893 0.000000
104739 8.476 -35.375 58.427 0.000000
104756 13.348 -37.456 55.210 0.000000
104769 5.604 -40.772 56.045 0.000000
104865 5.567 -28.403 48.901 0.000000
104929 12.641 -34.646 57.908 0.000000
105015 2.317 -36.373 38.788 0.000000
105139 2.719 -41.438 48.865 0.000000
105329 10.772 -36.545 57.864 0.000000
105468 3.633 -34.748 50.045 0.000000
105555 0.935 -42.032 54.393 0.000000
105679 0.578 -35.480 53.849 0.000000
105752 6.828 -37.900 57.729 0.000000
105825 3.266 -32.099 42.557 0.000000
105906 13.203 -36.275 57.075 0.000000
105931 1.708 -35.779 41.057 0.000000
106075 2.569 -37.406 41.590 0.000000
106251 2.454 -40.964 56.942 0.000000
106499 0.679 -37.455 49.566 0.000000
106517 1.204 -34.406 50.977 0.000000
106534 5.018 -34.943 52.076 0.000000
106553 5.425 -27.786 41.000 0.000000
106927 2.107 -39.469 49.543 0.000000
106945 2.699 -35.292 55.140 0.000000
107030 7.516 -29.115 42.474 0.000000
107195 4.386 -40.331 42.367 0.000000
107230 0.935 -35.926 54.506 0.000000
107233 0.427 -44.210 50.925 0.000000
107457 0.544 -34.913 48.172 0.000000
107669 4.195 -34.761 49.716 0.000000
107861 3.703 -33.905 48.499 0.000000
107957 10.307 -36.997 57.438 0.000000
107972 15.280 -33.518 57.466 0.000000
108000 3.627 -35.002 51.847 0.000000
108008 0.757 -33.641 46.486 0.000000
108064 0.686 -31.507 45.686 0.000000
108216 0.218 -37.322 51.476 0.000000
108298 5.707 -39.610 44.994 0.000000
108384 2.820 -39.221 57.213 0.000000
108667 6.579 -36.738 58.481 0.000000
108700 2.987 -37.762 46.938 0.000000
108825 12.619 -35.750 57.779 0.000000
109076 2.702 -34.466 41.030 0.000000
109089 5.163 -35.165 56.942 0.000000
