#!ascii label  , from subject OAS1_0001-3 vox2ras=TkReg 
595
29481 29.949 -40.388 47.799 0.000000
29482 29.397 -40.477 47.842 0.000000
29483 28.947 -40.849 47.480 0.000000
29484 28.789 -40.543 47.904 0.000000
29545 36.617 -42.344 45.073 0.000000
30279 29.657 -40.297 47.952 0.000000
30281 29.282 -40.125 48.306 0.000000
30282 29.127 -40.300 48.203 0.000000
30283 28.660 -40.036 48.604 0.000000
30284 27.984 -40.438 48.068 0.000000
30285 27.782 -40.032 48.663 0.000000
30286 26.947 -40.349 48.284 0.000000
30287 26.593 -40.012 48.767 0.000000
30288 26.156 -40.757 48.402 0.000000
30289 25.812 -40.272 48.460 0.000000
30290 25.096 -41.017 48.244 0.000000
30303 32.543 -40.707 47.191 0.000000
30306 31.024 -40.195 47.951 0.000000
30314 34.239 -40.699 46.474 0.000000
30315 33.865 -40.379 47.032 0.000000
30334 36.650 -40.931 45.223 0.000000
30335 35.893 -41.556 45.418 0.000000
30348 38.038 -41.261 44.309 0.000000
30356 38.262 -41.000 42.894 0.000000
31081 30.447 -39.911 48.188 0.000000
31082 30.930 -39.777 47.981 0.000000
31083 30.150 -39.918 48.115 0.000000
31084 29.486 -39.915 48.286 0.000000
31085 28.900 -40.220 48.825 0.000000
31086 27.909 -39.937 48.743 0.000000
31087 27.050 -39.948 48.850 0.000000
31089 25.767 -40.272 48.482 0.000000
31099 32.692 -40.231 47.520 0.000000
31100 33.507 -39.987 47.354 0.000000
31101 32.989 -39.488 47.659 0.000000
31102 31.939 -39.761 47.900 0.000000
31109 34.903 -40.312 46.286 0.000000
31110 35.457 -39.671 46.613 0.000000
31111 34.941 -39.438 47.145 0.000000
31112 34.286 -39.481 47.286 0.000000
31122 35.863 -40.540 46.045 0.000000
31123 36.479 -39.907 45.834 0.000000
31124 36.139 -39.378 46.505 0.000000
31131 37.059 -39.828 45.261 0.000000
31137 38.377 -39.605 43.280 0.000000
31138 37.838 -40.211 43.972 0.000000
31139 37.518 -39.704 44.622 0.000000
31154 40.487 -39.321 41.033 0.000000
31155 39.794 -39.640 41.464 0.000000
31795 30.962 -39.172 47.739 0.000000
31796 30.406 -39.557 47.967 0.000000
31797 29.805 -39.613 48.077 0.000000
31799 27.576 -39.805 48.681 0.000000
31800 26.941 -39.875 48.775 0.000000
31817 33.723 -39.276 47.462 0.000000
31818 34.256 -38.872 47.369 0.000000
31819 33.367 -38.773 47.602 0.000000
31820 32.434 -39.033 47.843 0.000000
31821 31.718 -39.032 47.786 0.000000
31840 35.611 -38.813 47.070 0.000000
31841 36.358 -38.534 46.792 0.000000
31842 34.961 -38.899 47.400 0.000000
31857 36.877 -38.915 46.138 0.000000
31867 37.502 -38.903 45.275 0.000000
31875 38.675 -38.604 43.823 0.000000
31876 38.005 -38.957 44.287 0.000000
31887 39.120 -39.595 42.536 0.000000
31888 39.558 -38.782 42.489 0.000000
31889 39.024 -38.704 43.155 0.000000
31898 39.706 -39.393 41.888 0.000000
31899 40.406 -39.030 41.401 0.000000
31900 39.991 -38.779 41.900 0.000000
31905 40.852 -38.759 40.939 0.000000
31907 40.631 -39.228 40.579 0.000000
31908 40.912 -38.667 40.617 0.000000
32566 30.286 -39.176 47.858 0.000000
32567 29.593 -39.307 47.924 0.000000
32569 27.995 -39.624 48.463 0.000000
32574 34.649 -38.765 47.205 0.000000
32575 33.596 -38.786 47.402 0.000000
32576 32.959 -38.301 47.893 0.000000
32577 32.413 -38.382 47.811 0.000000
32578 30.208 -38.806 47.692 0.000000
32579 29.494 -38.953 47.721 0.000000
32580 28.594 -39.158 47.693 0.000000
32581 29.041 -38.780 47.472 0.000000
32589 36.146 -38.051 47.035 0.000000
32590 35.270 -38.379 47.081 0.000000
32604 37.434 -38.119 45.964 0.000000
32619 38.067 -38.126 45.237 0.000000
32620 38.367 -37.422 45.035 0.000000
32621 37.766 -37.433 45.733 0.000000
32634 39.274 -37.980 43.983 0.000000
32635 39.649 -37.311 43.742 0.000000
32636 39.088 -37.303 44.428 0.000000
32646 40.019 -38.069 42.466 0.000000
32647 40.670 -37.449 42.290 0.000000
32648 40.164 -37.324 43.172 0.000000
32661 40.883 -38.044 41.183 0.000000
32662 41.419 -37.204 41.623 0.000000
32680 41.213 -38.121 40.549 0.000000
32681 41.656 -37.563 40.804 0.000000
32692 41.422 -38.131 40.201 0.000000
32693 41.835 -37.644 40.341 0.000000
32702 41.960 -37.669 40.071 0.000000
32704 41.754 -37.918 39.781 0.000000
33372 32.858 -38.395 47.857 0.000000
33373 32.126 -38.182 47.549 0.000000
33374 31.025 -38.391 47.385 0.000000
33375 30.124 -38.467 47.446 0.000000
33376 29.619 -38.373 47.281 0.000000
33381 35.707 -37.767 46.841 0.000000
33382 34.918 -38.379 46.971 0.000000
33383 33.417 -38.690 47.319 0.000000
33384 31.912 -37.940 47.000 0.000000
33385 30.460 -38.066 47.016 0.000000
33387 28.778 -38.307 46.863 0.000000
33392 37.215 -37.560 46.213 0.000000
33393 36.150 -37.354 46.357 0.000000
33395 34.764 -37.862 46.448 0.000000
33396 32.559 -37.943 46.360 0.000000
33407 38.030 -36.939 45.415 0.000000
33408 37.388 -37.045 46.024 0.000000
33409 34.016 -37.704 45.370 0.000000
33425 39.518 -36.750 43.818 0.000000
33426 38.559 -36.972 44.819 0.000000
33448 41.148 -36.702 42.480 0.000000
33449 40.560 -36.778 43.046 0.000000
33450 40.073 -36.879 43.479 0.000000
33468 42.110 -37.071 41.187 0.000000
33469 42.254 -36.128 41.875 0.000000
33470 41.798 -36.608 41.859 0.000000
33487 42.181 -37.279 40.603 0.000000
33488 42.557 -36.883 40.820 0.000000
33505 43.023 -36.557 40.096 0.000000
33506 42.944 -36.526 40.529 0.000000
33519 42.739 -36.862 39.665 0.000000
33520 42.229 -37.485 39.717 0.000000
33530 42.414 -37.210 39.063 0.000000
33531 41.810 -37.704 39.164 0.000000
34261 36.737 -36.978 46.014 0.000000
34262 35.893 -37.106 45.779 0.000000
34268 37.460 -36.759 45.258 0.000000
34275 39.689 -36.310 43.433 0.000000
34276 39.093 -36.600 43.981 0.000000
34277 38.392 -36.695 44.668 0.000000
34278 36.904 -36.358 44.378 0.000000
34279 37.745 -36.360 44.298 0.000000
34290 41.180 -35.837 42.684 0.000000
34291 40.178 -36.496 43.346 0.000000
34303 41.490 -36.217 42.457 0.000000
34315 42.778 -36.371 41.130 0.000000
34316 43.293 -36.053 40.820 0.000000
34317 42.902 -35.799 41.470 0.000000
34332 43.572 -36.088 40.181 0.000000
34348 43.497 -36.255 39.513 0.000000
34363 43.496 -35.996 38.768 0.000000
34364 42.210 -36.542 38.381 0.000000
34365 42.770 -36.111 38.414 0.000000
34376 42.106 -35.878 37.730 0.000000
34378 41.292 -35.652 36.677 0.000000
35079 38.551 -36.397 43.885 0.000000
35084 41.758 -35.678 42.392 0.000000
35085 41.851 -35.090 42.262 0.000000
35086 41.338 -35.271 42.523 0.000000
35087 41.018 -34.826 42.548 0.000000
35095 42.337 -35.402 42.003 0.000000
35096 42.924 -35.012 41.660 0.000000
35097 42.237 -34.663 41.932 0.000000
35104 43.497 -35.456 41.120 0.000000
35112 44.184 -35.493 40.090 0.000000
35113 44.577 -34.670 40.074 0.000000
35114 44.110 -35.065 40.658 0.000000
35122 43.969 -35.647 39.152 0.000000
35123 44.288 -35.037 39.487 0.000000
35139 44.037 -34.950 38.990 0.000000
35140 42.877 -35.506 38.095 0.000000
35141 43.619 -35.258 38.560 0.000000
35158 43.036 -34.708 37.645 0.000000
35159 42.160 -35.186 37.150 0.000000
35160 42.170 -34.518 36.551 0.000000
35170 41.590 -35.091 35.995 0.000000
35919 41.660 -34.557 42.111 0.000000
35925 42.921 -34.085 41.744 0.000000
35926 42.205 -34.118 41.810 0.000000
35927 41.352 -34.233 42.117 0.000000
35929 41.064 -33.785 42.033 0.000000
35934 43.687 -34.610 41.348 0.000000
35935 44.455 -34.017 40.781 0.000000
35936 43.810 -33.757 41.491 0.000000
35943 44.856 -33.742 39.974 0.000000
35953 44.504 -34.228 38.945 0.000000
35960 43.865 -34.511 38.368 0.000000
35969 43.508 -34.031 37.670 0.000000
35970 42.775 -33.905 36.968 0.000000
35984 41.792 -34.581 35.286 0.000000
35985 42.163 -33.906 35.829 0.000000
36749 42.573 -33.622 41.727 0.000000
36750 41.993 -33.791 41.773 0.000000
36751 41.617 -33.694 41.825 0.000000
36752 42.043 -33.131 41.722 0.000000
36769 44.323 -33.023 41.266 0.000000
36770 43.339 -33.102 41.676 0.000000
36793 44.971 -33.049 40.496 0.000000
36808 45.283 -32.639 39.259 0.000000
36821 44.138 -33.700 38.140 0.000000
36822 44.807 -33.264 38.698 0.000000
36834 44.347 -32.880 37.929 0.000000
36835 43.465 -33.230 37.277 0.000000
36836 43.090 -32.438 36.450 0.000000
36850 42.628 -33.227 36.288 0.000000
36851 42.519 -32.760 35.425 0.000000
37553 42.642 -33.069 41.685 0.000000
37573 44.849 -32.114 41.026 0.000000
37574 43.210 -32.309 41.652 0.000000
37575 42.531 -32.411 41.619 0.000000
37576 40.989 -32.509 40.636 0.000000
37577 41.635 -32.449 41.393 0.000000
37588 45.380 -32.259 40.101 0.000000
37589 45.556 -31.389 40.112 0.000000
37590 45.220 -31.567 40.653 0.000000
37613 45.513 -31.795 39.446 0.000000
37614 44.957 -32.425 38.526 0.000000
37628 44.480 -32.056 37.739 0.000000
37629 43.745 -31.650 36.887 0.000000
37639 43.120 -31.764 36.026 0.000000
38313 44.824 -31.323 40.986 0.000000
38314 45.178 -30.832 40.685 0.000000
38315 44.568 -30.817 41.013 0.000000
38316 44.041 -30.913 41.239 0.000000
38317 43.619 -31.504 41.462 0.000000
38318 42.983 -31.060 41.349 0.000000
38319 42.276 -31.035 40.888 0.000000
38330 45.576 -30.707 40.116 0.000000
38342 45.683 -30.986 39.485 0.000000
38356 45.100 -31.631 38.311 0.000000
38357 45.561 -31.276 38.854 0.000000
38368 45.402 -30.853 38.052 0.000000
38369 44.689 -31.253 37.482 0.000000
38388 44.128 -30.792 36.679 0.000000
38389 43.261 -30.774 34.973 0.000000
38408 43.239 -31.291 34.127 0.000000
38424 43.653 -30.891 33.807 0.000000
39074 44.771 -30.031 40.847 0.000000
39075 44.254 -30.377 41.077 0.000000
39076 43.571 -30.371 41.224 0.000000
39077 42.686 -30.288 41.053 0.000000
39081 45.353 -30.061 40.317 0.000000
39090 45.747 -30.168 39.627 0.000000
39103 45.887 -30.358 38.724 0.000000
39112 45.700 -30.046 37.762 0.000000
39113 44.972 -30.470 37.229 0.000000
39133 44.493 -30.140 36.530 0.000000
39134 43.731 -30.195 35.801 0.000000
39142 43.554 -29.995 34.793 0.000000
39154 43.674 -29.896 33.960 0.000000
39162 44.702 -29.936 33.444 0.000000
39897 45.213 -29.286 40.466 0.000000
39898 44.591 -29.140 40.781 0.000000
39899 44.085 -29.700 41.061 0.000000
39900 43.940 -28.898 40.931 0.000000
39904 45.712 -29.369 39.875 0.000000
39905 45.086 -28.521 40.491 0.000000
39914 46.126 -29.469 39.156 0.000000
39915 46.092 -28.647 39.430 0.000000
39922 46.192 -29.464 38.353 0.000000
39923 46.433 -28.685 38.680 0.000000
39927 46.489 -28.478 37.875 0.000000
39928 45.214 -29.711 36.866 0.000000
39929 46.024 -29.176 37.490 0.000000
39944 45.432 -28.899 36.345 0.000000
39945 44.549 -29.550 36.009 0.000000
39946 44.483 -28.810 35.493 0.000000
39952 43.868 -29.400 35.256 0.000000
39953 43.691 -29.247 34.472 0.000000
39960 43.700 -29.113 33.906 0.000000
39974 44.297 -28.503 33.264 0.000000
39975 44.074 -29.321 33.583 0.000000
40761 45.609 -28.604 40.027 0.000000
40762 45.922 -27.926 39.585 0.000000
40763 45.399 -27.903 40.101 0.000000
40764 44.944 -27.886 40.451 0.000000
40765 44.483 -28.342 40.681 0.000000
40766 43.769 -28.087 40.740 0.000000
40773 46.464 -27.912 39.093 0.000000
40778 46.678 -27.821 38.402 0.000000
40783 46.152 -28.457 37.048 0.000000
40797 45.966 -28.167 36.397 0.000000
40798 45.204 -28.161 35.706 0.000000
40805 43.931 -28.792 34.852 0.000000
40806 44.380 -28.115 34.875 0.000000
40814 43.830 -28.533 34.199 0.000000
40825 43.992 -28.089 33.636 0.000000
41531 45.634 -27.261 39.718 0.000000
41532 45.098 -27.293 40.202 0.000000
41533 44.420 -27.442 40.517 0.000000
41534 43.495 -27.314 40.439 0.000000
41535 44.064 -26.677 40.289 0.000000
41538 45.880 -26.543 39.487 0.000000
41539 43.308 -26.784 40.019 0.000000
41543 46.941 -26.974 38.318 0.000000
41549 46.665 -27.638 37.209 0.000000
41563 45.910 -27.484 36.065 0.000000
41564 45.625 -26.699 35.616 0.000000
41577 45.021 -27.394 35.318 0.000000
41578 44.518 -27.317 34.579 0.000000
41586 44.076 -27.843 34.176 0.000000
41587 44.310 -27.283 33.734 0.000000
42284 44.785 -26.658 40.139 0.000000
42287 46.515 -25.658 38.837 0.000000
42288 45.955 -25.851 39.331 0.000000
42289 45.199 -25.987 39.740 0.000000
42290 44.555 -25.973 39.905 0.000000
42292 43.648 -26.142 39.692 0.000000
42296 47.073 -25.983 38.302 0.000000
42297 43.146 -25.957 38.931 0.000000
42303 47.150 -25.871 37.291 0.000000
42310 46.541 -26.598 36.527 0.000000
42311 46.094 -26.014 35.840 0.000000
42326 44.959 -26.747 35.017 0.000000
42327 45.363 -25.942 35.019 0.000000
42335 44.730 -26.575 34.350 0.000000
42336 44.742 -26.498 33.468 0.000000
42343 44.972 -26.688 32.886 0.000000
42344 45.371 -25.864 32.958 0.000000
43116 46.267 -24.866 38.653 0.000000
43117 45.887 -25.358 39.032 0.000000
43118 45.248 -25.339 39.475 0.000000
43119 44.718 -25.331 39.611 0.000000
43120 45.098 -24.768 39.186 0.000000
43124 46.814 -25.062 38.327 0.000000
43125 44.470 -24.924 39.031 0.000000
43126 43.206 -25.521 38.285 0.000000
43127 43.833 -24.924 38.345 0.000000
43131 47.331 -25.006 37.079 0.000000
43132 43.170 -25.016 37.611 0.000000
43143 46.802 -25.574 36.424 0.000000
43144 46.845 -24.646 36.253 0.000000
43155 46.078 -25.195 35.588 0.000000
43156 45.491 -24.879 34.538 0.000000
43163 45.011 -25.731 34.026 0.000000
43164 45.326 -25.047 33.565 0.000000
43169 45.771 -24.793 32.891 0.000000
43831 45.629 -24.784 38.904 0.000000
43840 46.716 -24.025 38.358 0.000000
43841 46.111 -24.141 38.657 0.000000
43842 45.523 -23.952 38.720 0.000000
43843 44.596 -24.272 38.489 0.000000
43844 44.956 -23.522 38.357 0.000000
43849 47.290 -23.561 37.920 0.000000
43850 47.365 -23.151 37.413 0.000000
43851 44.295 -23.660 37.710 0.000000
43852 42.983 -24.417 36.996 0.000000
43853 43.618 -23.790 36.950 0.000000
43863 47.483 -23.977 37.036 0.000000
43864 46.816 -23.718 36.007 0.000000
43875 46.151 -24.320 35.320 0.000000
43876 46.303 -23.504 34.911 0.000000
43885 45.851 -24.073 34.419 0.000000
43886 45.630 -24.280 33.576 0.000000
43891 46.163 -23.846 32.765 0.000000
44558 46.881 -23.216 38.373 0.000000
44559 46.306 -23.316 38.593 0.000000
44560 45.607 -23.076 38.492 0.000000
44561 46.142 -22.755 38.445 0.000000
44573 47.116 -22.262 37.114 0.000000
44574 47.122 -22.716 37.988 0.000000
44575 45.435 -22.363 37.971 0.000000
44576 44.609 -22.383 37.477 0.000000
44583 47.247 -23.018 36.640 0.000000
44584 47.258 -22.105 36.190 0.000000
44585 44.022 -22.922 37.125 0.000000
44594 46.881 -22.820 35.535 0.000000
44602 46.032 -23.465 33.737 0.000000
44603 46.549 -22.727 34.315 0.000000
44611 46.595 -22.900 33.223 0.000000
44612 47.542 -22.407 32.996 0.000000
44613 46.933 -22.009 33.898 0.000000
44625 48.779 -22.723 32.742 0.000000
45334 46.630 -22.861 38.388 0.000000
45349 46.960 -21.472 36.937 0.000000
45350 46.780 -21.942 37.378 0.000000
45351 46.419 -22.272 37.917 0.000000
45352 45.646 -21.682 37.510 0.000000
45353 44.949 -21.279 36.996 0.000000
45368 47.219 -21.391 36.562 0.000000
45369 44.240 -21.993 36.849 0.000000
45376 47.013 -21.930 34.991 0.000000
45377 47.412 -21.263 35.823 0.000000
45387 47.503 -21.249 34.628 0.000000
45395 49.378 -22.145 32.832 0.000000
45397 48.307 -21.734 33.088 0.000000
45398 48.091 -21.047 33.894 0.000000
45406 52.238 -22.536 31.834 0.000000
45407 52.553 -21.841 31.546 0.000000
45408 52.144 -22.062 32.171 0.000000
46150 46.831 -21.211 36.878 0.000000
46151 46.409 -21.560 37.230 0.000000
46152 45.824 -21.211 37.044 0.000000
46153 46.454 -20.818 36.700 0.000000
46164 47.111 -20.807 36.503 0.000000
46165 46.935 -20.653 36.559 0.000000
46166 45.648 -20.796 36.537 0.000000
46167 44.990 -21.136 36.001 0.000000
46175 47.761 -20.567 35.650 0.000000
46184 48.765 -20.398 34.461 0.000000
46191 50.146 -21.683 33.036 0.000000
46192 50.985 -21.607 32.773 0.000000
46193 50.555 -20.875 33.156 0.000000
46194 49.691 -20.673 33.715 0.000000
46200 52.411 -21.183 31.453 0.000000
46201 52.219 -21.450 32.061 0.000000
46202 51.631 -21.874 32.498 0.000000
46209 52.558 -21.388 31.159 0.000000
46228 52.382 -21.387 30.964 0.000000
46906 47.504 -20.171 36.051 0.000000
46907 47.164 -20.319 36.270 0.000000
46908 46.816 -20.187 36.340 0.000000
46909 45.406 -20.365 35.847 0.000000
46910 46.107 -20.129 36.281 0.000000
46918 48.202 -19.982 35.567 0.000000
46919 47.987 -19.401 35.744 0.000000
46921 45.801 -19.741 35.598 0.000000
46926 49.425 -19.977 34.452 0.000000
46935 51.558 -20.990 32.595 0.000000
46936 51.824 -19.987 32.399 0.000000
46937 50.882 -20.025 33.084 0.000000
46938 50.483 -19.203 34.067 0.000000
46947 52.162 -20.692 31.788 0.000000
46948 52.182 -19.864 31.653 0.000000
46969 51.646 -19.899 31.093 0.000000
47639 47.338 -19.736 35.961 0.000000
47644 48.818 -19.424 35.283 0.000000
47645 49.134 -18.545 35.285 0.000000
47646 48.455 -18.809 35.520 0.000000
47647 48.075 -18.693 35.556 0.000000
47648 47.685 -19.126 35.723 0.000000
47649 47.106 -19.138 35.619 0.000000
47653 49.824 -18.539 34.603 0.000000
47654 50.636 -18.160 34.425 0.000000
47655 49.539 -17.842 34.866 0.000000
47657 46.848 -18.822 34.889 0.000000
47661 52.384 -18.584 32.740 0.000000
47662 51.486 -19.080 33.292 0.000000
47664 47.496 -18.456 34.550 0.000000
47672 52.457 -19.025 31.864 0.000000
47698 51.680 -19.055 31.193 0.000000
48407 48.684 -18.049 35.235 0.000000
48408 47.571 -18.673 35.354 0.000000
48412 50.169 -17.338 34.602 0.000000
48413 49.246 -17.333 34.748 0.000000
48414 48.077 -18.153 35.114 0.000000
48415 48.684 -17.572 34.822 0.000000
48419 52.356 -17.780 33.071 0.000000
48420 51.536 -18.056 33.669 0.000000
48421 48.109 -17.996 34.195 0.000000
48422 49.148 -16.897 33.246 0.000000
48426 52.613 -18.239 32.177 0.000000
48443 52.169 -18.533 31.463 0.000000
49169 51.441 -17.135 33.901 0.000000
49170 50.728 -16.845 34.470 0.000000
49171 49.910 -16.614 34.372 0.000000
49172 49.254 -16.986 34.363 0.000000
49173 49.562 -16.238 33.885 0.000000
49177 52.143 -16.982 33.192 0.000000
49190 52.472 -17.402 32.427 0.000000
49191 49.262 -16.035 32.987 0.000000
49936 51.269 -15.699 33.655 0.000000
49937 50.985 -16.304 34.157 0.000000
49938 50.611 -16.113 34.176 0.000000
49939 50.101 -15.792 34.105 0.000000
49948 51.846 -16.233 33.181 0.000000
49949 49.777 -15.498 33.648 0.000000
49959 52.254 -16.471 32.630 0.000000
49960 49.524 -15.202 32.777 0.000000
50777 50.933 -15.125 33.813 0.000000
50778 50.650 -15.475 33.943 0.000000
50789 51.927 -15.417 32.942 0.000000
50790 50.640 -14.904 33.655 0.000000
50791 50.113 -14.821 33.465 0.000000
50797 52.439 -14.953 31.718 0.000000
50798 52.371 -14.032 32.103 0.000000
50799 51.758 -14.348 32.699 0.000000
50805 52.649 -15.139 30.932 0.000000
50806 52.760 -14.136 31.506 0.000000
50813 53.071 -14.355 30.763 0.000000
50820 53.402 -14.465 29.915 0.000000
50830 52.586 -15.254 28.246 0.000000
50831 53.330 -14.776 28.821 0.000000
50838 53.245 -15.565 27.009 0.000000
50840 53.300 -15.155 27.832 0.000000
51562 51.039 -14.402 33.251 0.000000
51563 50.431 -14.214 33.187 0.000000
51566 52.061 -13.500 32.194 0.000000
51567 51.417 -13.778 32.679 0.000000
51568 50.264 -13.742 32.777 0.000000
51572 52.707 -13.206 31.820 0.000000
51578 53.373 -13.426 30.732 0.000000
51589 53.859 -13.405 30.184 0.000000
52333 51.455 -13.194 32.314 0.000000
52334 50.514 -13.409 32.418 0.000000
52339 52.422 -12.848 31.872 0.000000
52340 51.917 -12.765 31.834 0.000000
52341 50.956 -12.973 31.873 0.000000
52346 52.984 -12.644 31.368 0.000000
89137 47.198 -25.296 37.812 0.000000
89256 47.008 -26.636 37.527 0.000000
89294 38.717 -38.046 44.546 0.000000
89422 44.756 -22.944 37.927 0.000000
89602 39.619 -37.988 43.227 0.000000
90387 43.779 -24.385 37.619 0.000000
90425 34.009 -38.351 46.826 0.000000
90584 31.249 -37.900 46.875 0.000000
90615 43.860 -25.466 39.120 0.000000
90868 46.673 -26.483 39.042 0.000000
91630 51.985 -16.713 30.885 0.000000
92130 52.377 -17.749 31.698 0.000000
92645 46.998 -24.155 32.403 0.000000
92704 42.311 -31.707 41.367 0.000000
92831 50.293 -15.286 33.853 0.000000
92874 40.387 -38.295 41.782 0.000000
92889 50.143 -20.065 33.906 0.000000
93567 43.412 -30.565 34.238 0.000000
93744 46.287 -27.218 39.274 0.000000
94637 43.992 -32.197 41.527 0.000000
95233 50.848 -18.607 30.729 0.000000
95963 52.246 -19.280 32.338 0.000000
96176 28.381 -39.817 48.564 0.000000
96289 50.766 -13.732 32.797 0.000000
96464 44.894 -21.824 37.437 0.000000
96480 53.045 -13.395 31.368 0.000000
96499 42.996 -36.577 38.965 0.000000
96532 42.434 -37.130 40.234 0.000000
97274 43.801 -32.434 37.288 0.000000
97290 52.271 -15.936 31.284 0.000000
97325 44.938 -33.515 39.361 0.000000
97591 52.611 -22.476 31.279 0.000000
97770 47.240 -24.495 37.798 0.000000
98079 36.821 -38.031 46.574 0.000000
98428 44.966 -25.562 39.796 0.000000
98460 48.198 -23.255 32.593 0.000000
98861 40.754 -36.258 42.896 0.000000
99052 33.678 -37.888 46.284 0.000000
99402 40.630 -35.583 42.824 0.000000
99489 48.961 -21.178 33.334 0.000000
99559 45.170 -33.046 39.794 0.000000
100159 52.267 -16.848 31.704 0.000000
100372 52.017 -20.666 31.200 0.000000
100376 47.138 -23.387 32.605 0.000000
100540 43.787 -35.713 40.559 0.000000
100543 48.777 -17.585 33.623 0.000000
100754 37.471 -40.651 44.664 0.000000
100767 46.714 -27.257 38.927 0.000000
100771 43.905 -28.698 33.694 0.000000
100908 44.351 -31.440 41.274 0.000000
100909 31.595 -38.606 47.620 0.000000
101019 38.302 -40.990 43.558 0.000000
101185 34.221 -38.818 47.183 0.000000
101484 42.955 -31.777 41.585 0.000000
101756 42.224 -33.381 35.283 0.000000
101887 49.607 -19.285 34.621 0.000000
101940 50.809 -15.689 33.987 0.000000
102610 36.567 -37.481 46.437 0.000000
102614 43.393 -31.093 35.971 0.000000
102658 31.478 -38.043 47.025 0.000000
102881 47.406 -20.748 36.260 0.000000
103030 42.814 -32.187 35.489 0.000000
103156 51.506 -16.502 33.622 0.000000
103395 52.246 -20.732 31.313 0.000000
103481 28.563 -40.248 48.391 0.000000
103533 50.987 -17.471 34.565 0.000000
103732 48.056 -20.600 34.818 0.000000
103749 52.155 -14.817 32.341 0.000000
104191 45.279 -26.718 39.864 0.000000
104489 30.836 -38.844 47.606 0.000000
104694 52.289 -15.746 32.148 0.000000
104755 40.231 -39.495 40.425 0.000000
104848 44.639 -34.234 39.568 0.000000
105009 38.649 -36.141 43.281 0.000000
105178 29.867 -40.136 48.046 0.000000
105236 45.367 -31.981 38.962 0.000000
105889 52.027 -19.707 31.444 0.000000
105954 38.931 -36.775 44.388 0.000000
105965 32.957 -38.249 46.832 0.000000
106039 40.243 -36.063 43.177 0.000000
106115 43.971 -35.733 39.657 0.000000
106743 34.359 -37.617 45.978 0.000000
107034 46.406 -28.976 38.141 0.000000
107106 34.402 -40.039 46.874 0.000000
107155 41.443 -31.618 39.956 0.000000
107622 43.597 -30.976 41.282 0.000000
107630 51.334 -14.920 33.364 0.000000
108589 47.588 -21.645 33.668 0.000000
108677 44.208 -25.703 39.656 0.000000
108811 42.353 -36.620 41.366 0.000000
