#!ascii label  , from subject OAS1_0001-3 vox2ras=TkReg 
823
25119 2.559 -47.819 54.405 0.000000
25138 6.217 -48.117 52.537 0.000000
25858 4.059 -47.570 54.025 0.000000
25859 3.213 -47.652 54.561 0.000000
25865 5.534 -48.329 52.792 0.000000
25866 5.013 -47.254 53.114 0.000000
25874 7.259 -47.135 52.112 0.000000
25875 6.444 -47.289 52.121 0.000000
25876 5.783 -47.362 52.392 0.000000
25887 6.717 -46.657 51.577 0.000000
26679 2.682 -46.517 55.296 0.000000
26684 4.410 -46.629 54.093 0.000000
26685 3.485 -47.031 54.830 0.000000
26691 5.496 -46.481 52.415 0.000000
26692 5.068 -46.125 53.256 0.000000
26698 7.657 -46.457 51.518 0.000000
26700 6.026 -46.660 51.868 0.000000
26701 5.811 -45.971 51.836 0.000000
26704 6.952 -45.884 51.113 0.000000
26705 6.319 -46.165 51.545 0.000000
27318 3.770 -46.090 55.047 0.000000
27319 4.357 -45.378 54.956 0.000000
27327 4.728 -45.768 54.214 0.000000
27328 5.256 -45.231 53.462 0.000000
27329 4.988 -45.013 54.434 0.000000
27335 5.500 -45.586 52.552 0.000000
27340 5.865 -45.277 52.010 0.000000
27346 7.826 -45.817 50.873 0.000000
27347 6.801 -45.014 51.081 0.000000
27348 6.291 -45.527 51.508 0.000000
27350 9.038 -45.157 50.368 0.000000
27351 8.182 -45.298 50.506 0.000000
27352 7.492 -45.143 50.685 0.000000
27931 4.558 -44.711 55.247 0.000000
27932 5.227 -44.392 54.756 0.000000
27939 5.452 -44.423 53.838 0.000000
27944 5.838 -44.596 52.719 0.000000
27945 6.621 -43.305 52.546 0.000000
27946 5.947 -43.792 53.441 0.000000
27951 6.293 -44.778 51.776 0.000000
27956 6.736 -44.192 51.379 0.000000
27960 9.669 -44.710 49.905 0.000000
27962 8.027 -44.640 50.037 0.000000
27963 7.568 -43.733 49.760 0.000000
27964 7.167 -44.212 50.562 0.000000
27968 10.084 -44.324 49.476 0.000000
27969 9.249 -44.235 49.135 0.000000
27970 8.318 -44.074 49.351 0.000000
28654 5.600 -43.624 54.450 0.000000
28655 6.129 -42.994 53.786 0.000000
28668 6.885 -43.486 51.846 0.000000
28674 6.935 -43.591 51.100 0.000000
28675 7.125 -43.100 50.434 0.000000
28676 7.055 -42.878 51.430 0.000000
28683 10.724 -43.738 49.602 0.000000
28685 7.396 -42.971 49.611 0.000000
28691 10.693 -43.367 48.715 0.000000
28693 10.010 -43.844 48.843 0.000000
28694 8.569 -43.707 48.741 0.000000
28695 7.910 -43.249 48.995 0.000000
28703 10.643 -42.943 48.022 0.000000
28704 9.932 -43.273 48.173 0.000000
28705 8.485 -43.030 48.183 0.000000
29445 6.559 -42.516 53.077 0.000000
29452 6.994 -42.725 52.256 0.000000
29453 7.230 -42.003 51.832 0.000000
29461 7.193 -42.130 50.893 0.000000
29468 7.354 -42.279 49.992 0.000000
29478 7.637 -42.415 49.214 0.000000
29498 11.418 -42.734 48.007 0.000000
29500 9.886 -42.700 47.516 0.000000
29501 8.869 -42.446 47.671 0.000000
29502 7.996 -42.568 48.582 0.000000
29520 11.676 -42.444 47.322 0.000000
29521 10.746 -42.562 47.267 0.000000
29522 11.172 -42.243 46.742 0.000000
29523 9.485 -42.036 47.198 0.000000
29544 10.365 -41.891 46.691 0.000000
30264 7.329 -41.128 52.240 0.000000
30269 7.579 -41.493 50.434 0.000000
30275 7.744 -41.675 49.588 0.000000
30276 8.298 -41.052 49.238 0.000000
30277 8.025 -41.072 50.032 0.000000
30299 7.970 -41.859 48.765 0.000000
30307 12.966 -41.894 47.657 0.000000
30309 8.502 -41.407 48.317 0.000000
30317 12.708 -41.861 46.747 0.000000
30318 13.517 -41.537 47.098 0.000000
30319 9.305 -41.333 47.296 0.000000
30320 8.841 -41.768 47.622 0.000000
30326 13.135 -41.399 46.074 0.000000
30327 12.034 -41.596 45.876 0.000000
30328 11.140 -41.738 46.166 0.000000
30329 10.455 -41.033 46.091 0.000000
30330 9.785 -41.233 46.774 0.000000
30340 12.453 -40.765 44.716 0.000000
30341 11.709 -40.916 45.223 0.000000
30342 11.165 -41.130 45.662 0.000000
31097 8.876 -40.636 48.638 0.000000
31106 9.051 -40.969 47.841 0.000000
31107 9.465 -40.131 48.056 0.000000
31116 9.531 -40.646 47.284 0.000000
31117 10.073 -40.448 46.694 0.000000
31118 9.955 -40.038 47.362 0.000000
31128 10.491 -40.234 46.155 0.000000
31133 13.460 -40.854 44.764 0.000000
31134 11.567 -40.153 44.827 0.000000
31135 10.947 -40.361 45.503 0.000000
31141 13.904 -40.511 44.157 0.000000
31142 12.989 -40.379 44.111 0.000000
31143 12.183 -39.926 44.332 0.000000
31834 10.809 -38.880 47.762 0.000000
31836 10.137 -39.477 47.849 0.000000
31851 10.548 -39.577 46.858 0.000000
31852 11.218 -38.750 46.929 0.000000
31863 10.777 -39.718 45.946 0.000000
31873 11.678 -39.415 44.755 0.000000
31881 15.626 -40.010 43.057 0.000000
31882 14.830 -40.129 43.467 0.000000
31883 13.931 -39.623 43.052 0.000000
31884 13.446 -39.997 43.579 0.000000
31885 12.685 -39.538 43.886 0.000000
31891 15.949 -39.547 42.205 0.000000
31892 14.637 -39.788 42.767 0.000000
31893 14.122 -38.959 42.518 0.000000
31894 13.437 -38.484 42.963 0.000000
31895 13.061 -39.050 43.382 0.000000
31901 14.909 -39.380 42.175 0.000000
32586 11.442 -38.137 47.704 0.000000
32600 11.448 -38.603 46.041 0.000000
32614 11.728 -38.698 45.165 0.000000
32615 12.100 -37.855 45.864 0.000000
32628 12.100 -39.018 44.421 0.000000
32629 12.340 -38.205 44.915 0.000000
32642 12.535 -38.542 44.056 0.000000
32643 12.936 -37.984 43.659 0.000000
32644 12.788 -37.680 44.602 0.000000
32657 16.890 -39.402 42.167 0.000000
32658 13.788 -37.991 42.537 0.000000
32670 18.712 -38.797 42.026 0.000000
32671 17.808 -39.043 42.040 0.000000
32672 18.651 -38.406 41.112 0.000000
32673 16.798 -38.754 41.423 0.000000
32674 16.028 -38.865 41.639 0.000000
32675 15.220 -37.921 41.479 0.000000
32676 14.450 -38.197 41.976 0.000000
32688 17.622 -38.612 41.155 0.000000
32689 16.600 -37.991 40.654 0.000000
32690 15.940 -38.259 41.068 0.000000
33403 12.622 -37.499 45.340 0.000000
33420 13.700 -36.252 44.471 0.000000
33445 14.032 -36.229 43.454 0.000000
33464 14.119 -37.130 42.624 0.000000
33465 14.629 -36.955 42.063 0.000000
33466 14.465 -36.252 42.787 0.000000
33483 19.497 -38.000 41.183 0.000000
33484 15.117 -36.791 41.688 0.000000
33495 20.972 -37.569 41.159 0.000000
33496 21.315 -37.316 40.402 0.000000
33497 19.818 -37.734 40.779 0.000000
33498 19.147 -37.901 40.491 0.000000
33499 17.691 -38.052 40.510 0.000000
33500 16.997 -37.312 40.153 0.000000
33501 16.225 -36.804 40.621 0.000000
33502 15.661 -37.209 41.054 0.000000
33513 20.434 -37.517 40.621 0.000000
33514 19.724 -37.515 40.084 0.000000
33515 18.780 -37.423 39.648 0.000000
33516 17.870 -37.515 39.922 0.000000
33517 17.351 -36.696 39.759 0.000000
33527 18.359 -36.716 39.141 0.000000
33528 17.979 -37.020 39.456 0.000000
34285 14.594 -35.533 43.507 0.000000
34300 15.031 -35.752 42.540 0.000000
34312 15.432 -36.175 41.741 0.000000
34329 16.178 -35.788 40.854 0.000000
34343 21.189 -36.983 39.316 0.000000
34344 19.623 -37.042 39.323 0.000000
34345 17.234 -35.671 39.863 0.000000
34346 16.723 -36.260 40.273 0.000000
34353 23.481 -36.432 38.876 0.000000
34354 21.785 -36.799 38.880 0.000000
34355 21.898 -36.463 38.100 0.000000
34356 20.251 -36.707 38.756 0.000000
34357 19.490 -36.575 38.734 0.000000
34358 18.942 -36.713 38.936 0.000000
34359 18.462 -36.004 38.766 0.000000
34360 17.801 -36.198 39.288 0.000000
34370 29.786 -36.349 37.318 0.000000
34371 21.185 -35.952 37.591 0.000000
34372 19.598 -36.185 38.240 0.000000
34373 19.093 -36.222 38.568 0.000000
34382 32.062 -37.033 36.324 0.000000
34384 30.496 -36.611 36.911 0.000000
34392 34.849 -36.943 35.680 0.000000
34393 33.987 -36.985 35.574 0.000000
34394 33.115 -36.926 35.463 0.000000
34395 32.271 -36.852 35.504 0.000000
34396 31.473 -36.648 35.737 0.000000
34397 30.678 -36.430 36.065 0.000000
34398 29.931 -36.159 36.436 0.000000
34407 37.088 -35.832 35.513 0.000000
34408 36.187 -36.264 35.361 0.000000
34409 35.255 -36.463 35.124 0.000000
34410 33.694 -36.547 34.692 0.000000
34411 34.626 -36.131 34.573 0.000000
34412 32.659 -36.511 34.720 0.000000
34413 31.742 -36.361 34.878 0.000000
34414 30.893 -36.132 35.196 0.000000
34428 33.072 -35.969 34.044 0.000000
34429 32.148 -35.897 34.111 0.000000
35100 16.177 -34.898 41.619 0.000000
35108 17.465 -34.616 40.363 0.000000
35109 17.020 -34.198 41.333 0.000000
35110 16.667 -35.170 40.659 0.000000
35131 24.199 -35.927 38.436 0.000000
35132 22.698 -36.282 37.932 0.000000
35133 18.684 -35.219 38.821 0.000000
35149 25.528 -35.318 38.165 0.000000
35150 24.674 -35.368 37.966 0.000000
35151 22.736 -35.573 37.182 0.000000
35152 23.425 -35.110 37.193 0.000000
35153 21.975 -35.850 37.326 0.000000
35154 20.473 -35.172 37.524 0.000000
35155 19.694 -35.367 37.970 0.000000
35156 19.103 -35.640 38.426 0.000000
35163 28.625 -35.346 36.301 0.000000
35164 27.737 -35.162 37.325 0.000000
35165 22.676 -34.605 36.936 0.000000
35166 22.072 -35.080 36.980 0.000000
35167 21.337 -35.088 37.165 0.000000
35173 30.083 -35.959 35.546 0.000000
35174 29.318 -35.734 35.897 0.000000
35175 28.869 -35.027 35.429 0.000000
35179 36.620 -35.444 34.879 0.000000
35180 37.474 -35.149 35.139 0.000000
35181 35.613 -35.715 34.573 0.000000
35182 30.284 -35.579 34.746 0.000000
35183 29.831 -34.989 34.517 0.000000
35184 29.581 -35.361 35.107 0.000000
35205 37.096 -34.769 34.429 0.000000
35206 36.217 -34.984 34.174 0.000000
35207 34.752 -35.446 34.021 0.000000
35208 35.759 -34.576 33.412 0.000000
35209 33.961 -35.796 34.064 0.000000
35210 32.594 -35.329 33.516 0.000000
35211 31.745 -35.185 33.588 0.000000
35212 31.157 -35.611 34.293 0.000000
35213 30.396 -34.950 34.137 0.000000
35219 34.772 -34.756 33.353 0.000000
35220 33.855 -34.674 33.181 0.000000
35221 33.030 -34.709 33.101 0.000000
35222 32.191 -34.574 33.096 0.000000
35223 31.014 -34.782 33.708 0.000000
35932 17.659 -33.529 41.999 0.000000
35939 17.957 -33.756 41.092 0.000000
35940 18.846 -33.329 40.921 0.000000
35945 18.745 -34.445 39.256 0.000000
35946 19.153 -33.601 40.006 0.000000
35955 19.948 -34.280 38.111 0.000000
35956 19.445 -33.951 39.036 0.000000
35957 19.227 -34.812 38.529 0.000000
35962 27.086 -34.810 37.271 0.000000
35963 26.387 -34.368 37.123 0.000000
35964 24.986 -34.724 37.482 0.000000
35965 24.151 -34.819 37.321 0.000000
35966 20.830 -34.191 37.468 0.000000
35973 27.542 -34.596 36.624 0.000000
35974 26.930 -33.994 36.619 0.000000
35975 26.203 -33.360 36.534 0.000000
35976 25.766 -33.898 37.063 0.000000
35977 25.038 -33.758 37.135 0.000000
35978 23.503 -34.133 36.952 0.000000
35979 22.672 -33.671 36.979 0.000000
35980 21.798 -34.122 37.044 0.000000
35988 28.096 -34.587 35.820 0.000000
35989 27.425 -33.868 35.899 0.000000
35995 29.198 -34.661 34.624 0.000000
35996 28.510 -34.283 34.881 0.000000
36011 37.895 -34.455 34.765 0.000000
36012 36.696 -34.388 33.664 0.000000
36013 37.500 -34.066 34.046 0.000000
36014 29.762 -34.303 34.055 0.000000
36015 28.884 -33.829 34.221 0.000000
36021 37.165 -33.735 33.283 0.000000
36022 36.145 -33.853 32.894 0.000000
36023 34.374 -34.118 32.700 0.000000
36024 35.226 -34.159 32.818 0.000000
36025 33.477 -34.182 32.753 0.000000
36026 32.718 -34.165 32.750 0.000000
36027 31.645 -33.943 32.925 0.000000
36028 30.944 -34.110 33.274 0.000000
36029 30.454 -34.356 33.712 0.000000
36034 34.673 -33.453 32.299 0.000000
36035 33.878 -33.645 32.524 0.000000
36036 33.166 -33.768 32.612 0.000000
36803 20.628 -32.812 39.442 0.000000
36805 19.894 -33.208 39.804 0.000000
36817 20.604 -33.378 38.292 0.000000
36818 21.209 -32.707 38.617 0.000000
36829 21.339 -33.329 37.713 0.000000
36830 22.074 -33.145 37.347 0.000000
36831 21.766 -32.738 38.064 0.000000
36843 25.451 -33.219 36.821 0.000000
36844 24.789 -32.698 36.832 0.000000
36845 24.103 -33.293 36.937 0.000000
36846 22.846 -32.833 37.213 0.000000
36859 26.855 -33.157 35.931 0.000000
36860 26.361 -32.383 35.923 0.000000
36861 25.589 -32.512 36.424 0.000000
36867 27.920 -33.675 35.058 0.000000
36868 27.635 -32.718 34.774 0.000000
36869 27.007 -32.408 35.285 0.000000
36892 31.062 -33.548 33.209 0.000000
36893 31.465 -32.769 33.553 0.000000
36894 30.725 -32.737 33.759 0.000000
36895 30.258 -33.728 33.605 0.000000
36896 29.718 -32.988 33.863 0.000000
36897 28.919 -33.032 34.030 0.000000
36898 28.306 -33.221 34.426 0.000000
36905 37.895 -33.370 33.683 0.000000
36906 36.852 -33.343 32.688 0.000000
36907 37.570 -33.058 32.945 0.000000
36908 31.664 -33.331 33.033 0.000000
36914 37.022 -32.601 32.259 0.000000
36915 36.116 -33.145 32.298 0.000000
36916 35.361 -32.964 32.043 0.000000
36917 34.731 -32.646 31.941 0.000000
36918 34.153 -33.090 32.307 0.000000
36919 33.410 -33.076 32.514 0.000000
36923 35.321 -32.389 31.716 0.000000
37596 22.671 -31.660 39.659 0.000000
37607 22.686 -31.902 38.586 0.000000
37608 23.382 -31.389 38.882 0.000000
37609 21.935 -32.170 38.896 0.000000
37622 22.390 -32.450 37.908 0.000000
37623 23.194 -31.983 37.726 0.000000
37636 24.290 -31.995 36.825 0.000000
37637 23.680 -32.519 37.042 0.000000
37647 26.613 -31.532 35.367 0.000000
37648 25.825 -31.647 36.035 0.000000
37649 25.046 -31.799 36.512 0.000000
37673 30.174 -32.016 34.102 0.000000
37674 29.742 -31.499 34.416 0.000000
37675 27.380 -31.741 34.784 0.000000
37693 29.191 -32.196 33.952 0.000000
37694 28.290 -32.240 34.282 0.000000
37702 38.357 -31.751 32.743 0.000000
37703 32.822 -32.520 33.097 0.000000
37704 33.598 -32.149 32.870 0.000000
37709 37.844 -32.350 32.657 0.000000
37710 36.075 -32.388 31.789 0.000000
37711 34.462 -31.761 31.785 0.000000
37712 34.103 -32.441 32.302 0.000000
37718 36.957 -31.884 31.641 0.000000
37719 35.557 -31.739 31.301 0.000000
37720 34.945 -32.002 31.516 0.000000
38351 24.226 -30.958 38.663 0.000000
38363 23.951 -31.634 37.179 0.000000
38364 24.465 -30.894 37.516 0.000000
38375 24.625 -31.295 36.766 0.000000
38376 25.318 -31.030 36.312 0.000000
38377 25.003 -30.664 36.825 0.000000
38393 29.713 -30.955 35.151 0.000000
38394 28.785 -30.719 35.069 0.000000
38395 29.494 -30.522 36.136 0.000000
38396 28.502 -30.192 35.738 0.000000
38397 26.060 -30.886 35.800 0.000000
38413 28.950 -31.400 34.363 0.000000
38414 28.154 -31.312 34.537 0.000000
38415 27.676 -30.697 35.017 0.000000
38416 26.818 -30.698 35.378 0.000000
38427 33.891 -31.371 33.565 0.000000
38436 34.047 -31.633 32.601 0.000000
38437 34.131 -31.012 32.212 0.000000
38441 37.744 -31.820 32.107 0.000000
38442 38.393 -31.020 32.097 0.000000
38443 34.465 -30.971 31.406 0.000000
38449 37.617 -31.201 31.524 0.000000
38450 36.826 -31.254 31.195 0.000000
38451 36.110 -31.181 30.913 0.000000
38452 36.595 -30.738 30.848 0.000000
38453 35.430 -31.002 30.863 0.000000
38454 34.903 -31.409 31.218 0.000000
38459 36.001 -30.446 30.505 0.000000
39096 25.757 -29.945 38.679 0.000000
39097 24.948 -30.412 38.545 0.000000
39107 27.927 -29.629 37.299 0.000000
39108 27.263 -29.606 38.048 0.000000
39109 26.233 -29.772 37.775 0.000000
39110 25.286 -30.231 37.589 0.000000
39118 27.571 -29.916 36.047 0.000000
39119 26.563 -30.210 36.051 0.000000
39120 25.783 -30.240 36.611 0.000000
39165 38.852 -30.371 32.630 0.000000
39166 33.939 -30.365 32.888 0.000000
39170 38.368 -29.550 31.705 0.000000
39171 34.165 -30.347 31.797 0.000000
39177 37.536 -29.628 31.039 0.000000
39178 37.246 -30.570 31.095 0.000000
39179 35.212 -30.309 30.716 0.000000
39180 34.590 -30.285 31.087 0.000000
39187 36.755 -30.102 30.601 0.000000
39188 35.595 -29.695 30.418 0.000000
39189 34.735 -29.599 30.629 0.000000
39962 33.095 -29.868 34.565 0.000000
39963 33.143 -29.743 33.513 0.000000
39978 33.178 -29.508 32.345 0.000000
39982 38.606 -28.750 32.125 0.000000
39983 33.782 -29.858 32.081 0.000000
39984 33.424 -29.312 31.265 0.000000
39990 37.996 -28.768 31.425 0.000000
39991 36.773 -29.266 30.601 0.000000
39992 37.282 -28.816 30.953 0.000000
39993 34.091 -29.789 31.195 0.000000
39994 33.966 -29.163 30.685 0.000000
40002 36.078 -29.003 30.364 0.000000
40003 35.285 -28.925 30.341 0.000000
40816 32.704 -29.290 34.251 0.000000
40817 32.266 -28.518 34.638 0.000000
40818 32.050 -28.626 33.605 0.000000
40828 32.595 -29.166 32.975 0.000000
40829 32.030 -28.432 32.479 0.000000
40837 32.670 -28.743 31.603 0.000000
40838 32.115 -28.006 31.641 0.000000
40842 37.438 -28.051 31.191 0.000000
40843 36.656 -28.335 30.642 0.000000
40844 33.380 -28.617 30.817 0.000000
40845 32.792 -27.734 30.957 0.000000
40852 35.787 -28.228 30.352 0.000000
40853 34.937 -28.281 30.359 0.000000
41589 31.620 -27.861 34.042 0.000000
41600 31.431 -27.964 33.003 0.000000
41601 31.061 -27.344 32.336 0.000000
41613 37.423 -27.169 31.583 0.000000
41615 36.720 -26.791 31.198 0.000000
41616 31.727 -27.289 31.513 0.000000
41619 36.219 -27.487 30.639 0.000000
41620 35.835 -26.575 30.852 0.000000
41621 35.345 -27.514 30.510 0.000000
41622 34.749 -26.832 30.687 0.000000
41623 33.795 -27.209 30.571 0.000000
41624 33.204 -26.858 30.678 0.000000
41625 32.454 -26.901 30.998 0.000000
42347 30.790 -25.569 32.818 0.000000
42357 36.673 -26.140 31.279 0.000000
42358 31.037 -26.585 31.762 0.000000
42360 36.002 -26.198 30.867 0.000000
42361 35.216 -26.071 30.726 0.000000
42362 34.082 -26.367 30.416 0.000000
42363 32.899 -26.307 30.598 0.000000
42364 31.795 -26.322 31.105 0.000000
43184 36.772 -25.692 31.047 0.000000
43185 30.775 -25.123 32.002 0.000000
43189 35.834 -25.595 30.644 0.000000
43190 34.866 -25.664 30.399 0.000000
43191 35.433 -25.320 30.370 0.000000
43192 33.611 -25.787 30.176 0.000000
43193 32.373 -25.764 30.547 0.000000
43194 31.545 -25.567 30.917 0.000000
43195 31.106 -24.808 31.115 0.000000
43199 34.484 -25.412 30.077 0.000000
43200 32.719 -25.307 30.054 0.000000
43201 31.803 -25.100 30.423 0.000000
43904 37.231 -25.414 31.039 0.000000
43905 31.081 -24.129 31.824 0.000000
43911 37.869 -24.756 30.546 0.000000
43912 36.433 -25.338 30.632 0.000000
43913 31.165 -23.995 31.004 0.000000
43920 37.059 -24.827 30.154 0.000000
43921 36.239 -24.887 29.775 0.000000
43922 34.881 -25.016 29.951 0.000000
43923 33.959 -25.094 29.521 0.000000
43924 32.787 -24.137 29.398 0.000000
43925 32.045 -23.810 29.972 0.000000
43926 31.544 -24.287 30.461 0.000000
43938 37.898 -24.665 28.671 0.000000
43940 36.964 -24.807 28.959 0.000000
43941 35.981 -24.816 28.798 0.000000
43942 34.444 -24.796 28.923 0.000000
43943 33.567 -24.519 29.072 0.000000
43944 33.361 -23.712 28.855 0.000000
43959 37.452 -24.615 27.975 0.000000
43960 36.551 -24.536 28.118 0.000000
43961 35.671 -24.339 28.148 0.000000
43962 34.753 -24.170 28.155 0.000000
43963 33.986 -24.194 28.537 0.000000
43968 38.837 -23.791 27.490 0.000000
43969 37.846 -24.005 27.529 0.000000
43970 37.030 -24.030 27.597 0.000000
44630 31.519 -23.373 32.097 0.000000
44638 31.440 -23.401 31.328 0.000000
44648 32.072 -23.159 30.256 0.000000
44649 31.605 -23.565 30.632 0.000000
44673 33.336 -22.684 28.872 0.000000
44674 32.670 -23.145 29.520 0.000000
44682 35.438 -23.625 27.800 0.000000
44683 34.842 -23.314 27.884 0.000000
44684 34.645 -22.587 27.873 0.000000
44685 34.090 -23.313 28.254 0.000000
44692 38.805 -22.724 27.195 0.000000
44693 38.006 -23.152 27.246 0.000000
44694 36.623 -23.241 27.417 0.000000
44695 35.325 -22.849 27.651 0.000000
45414 32.285 -21.747 31.132 0.000000
45421 31.823 -22.780 30.869 0.000000
45445 32.411 -22.394 30.261 0.000000
45446 32.935 -22.078 29.622 0.000000
45447 32.735 -21.591 30.366 0.000000
45455 33.396 -21.636 29.053 0.000000
45462 34.488 -21.706 27.948 0.000000
45463 33.952 -22.206 28.370 0.000000
45470 39.559 -22.228 27.010 0.000000
45471 38.005 -22.214 27.078 0.000000
45472 37.154 -22.550 27.208 0.000000
45473 36.072 -22.403 27.406 0.000000
45474 35.149 -22.049 27.542 0.000000
46234 33.287 -21.020 30.011 0.000000
46235 33.874 -19.936 30.142 0.000000
46242 33.968 -21.232 28.658 0.000000
46243 34.090 -20.297 29.205 0.000000
46249 35.086 -20.497 27.658 0.000000
46250 34.493 -20.666 28.300 0.000000
46256 40.265 -21.652 26.938 0.000000
46257 39.418 -21.270 26.742 0.000000
46258 37.935 -21.357 26.785 0.000000
46259 37.149 -20.996 26.828 0.000000
46260 35.713 -21.279 27.354 0.000000
46975 34.336 -19.373 29.821 0.000000
46976 35.079 -18.680 30.344 0.000000
46983 34.430 -19.889 29.033 0.000000
46984 34.694 -19.789 28.304 0.000000
46990 35.292 -19.608 27.535 0.000000
46995 41.061 -20.128 27.074 0.000000
46996 40.131 -20.564 26.710 0.000000
46997 38.580 -20.879 26.618 0.000000
46998 39.500 -19.765 26.335 0.000000
46999 37.763 -20.531 26.442 0.000000
47000 36.882 -20.123 26.514 0.000000
47001 36.474 -19.465 26.647 0.000000
47002 36.107 -19.940 26.917 0.000000
47012 37.585 -19.796 26.187 0.000000
47706 35.938 -18.185 30.769 0.000000
47712 35.456 -18.362 29.881 0.000000
47713 35.501 -18.246 28.879 0.000000
47721 35.434 -18.715 27.816 0.000000
47725 42.028 -18.945 27.214 0.000000
47726 41.277 -19.300 26.900 0.000000
47727 40.416 -19.583 26.626 0.000000
47728 40.685 -18.824 26.392 0.000000
47729 36.417 -18.777 26.688 0.000000
47730 35.941 -19.154 27.091 0.000000
47735 39.816 -18.982 26.170 0.000000
47736 38.868 -19.047 26.013 0.000000
47737 37.836 -19.075 26.024 0.000000
47738 36.984 -19.254 26.307 0.000000
48460 36.268 -17.838 30.613 0.000000
48467 35.818 -17.887 29.848 0.000000
48474 35.912 -17.525 28.979 0.000000
48475 35.657 -17.979 27.956 0.000000
48485 42.085 -18.271 27.068 0.000000
48486 41.480 -18.566 26.692 0.000000
48487 41.736 -17.907 26.500 0.000000
48488 36.238 -18.031 26.900 0.000000
48489 35.930 -18.459 27.266 0.000000
48494 40.921 -18.094 26.161 0.000000
48495 40.130 -18.304 25.870 0.000000
48496 39.178 -18.197 25.929 0.000000
48497 38.136 -18.198 26.030 0.000000
48498 37.067 -18.237 26.327 0.000000
49217 36.461 -16.999 29.575 0.000000
49223 36.034 -17.409 27.679 0.000000
49224 36.446 -16.788 27.543 0.000000
49231 42.542 -17.622 27.043 0.000000
49232 42.018 -17.271 26.202 0.000000
49233 36.661 -17.333 26.841 0.000000
49234 36.955 -16.576 26.940 0.000000
49241 40.376 -17.568 25.677 0.000000
49242 41.210 -17.436 25.899 0.000000
49243 39.706 -17.707 25.676 0.000000
49244 39.027 -17.299 25.721 0.000000
49245 38.244 -16.754 25.958 0.000000
49246 37.491 -17.246 26.244 0.000000
49256 40.657 -16.769 25.439 0.000000
49257 39.758 -17.016 25.495 0.000000
49988 36.892 -16.429 29.239 0.000000
49999 37.308 -15.654 28.692 0.000000
50000 36.267 -16.823 28.491 0.000000
50001 36.744 -16.157 27.948 0.000000
50009 37.168 -15.859 27.157 0.000000
50016 43.568 -16.275 25.110 0.000000
50017 42.246 -16.749 25.652 0.000000
50018 38.218 -15.784 26.030 0.000000
50019 37.552 -16.283 26.403 0.000000
50029 42.610 -16.265 24.904 0.000000
50030 43.286 -15.886 24.562 0.000000
50031 41.495 -16.298 25.096 0.000000
50032 40.543 -15.880 25.130 0.000000
50033 39.763 -16.132 25.391 0.000000
50034 38.957 -16.413 25.584 0.000000
50041 42.678 -15.497 24.374 0.000000
50042 41.885 -15.665 24.611 0.000000
50825 38.054 -15.032 28.729 0.000000
50826 38.968 -14.492 28.867 0.000000
50835 37.539 -15.219 27.618 0.000000
50836 38.315 -14.568 27.728 0.000000
50843 37.622 -15.588 26.703 0.000000
50844 38.126 -15.048 26.763 0.000000
50856 38.560 -15.003 26.034 0.000000
50861 44.826 -15.552 24.943 0.000000
50862 45.579 -15.310 25.244 0.000000
50863 44.026 -15.810 24.644 0.000000
50864 41.133 -15.586 24.803 0.000000
50865 40.528 -15.008 25.023 0.000000
50866 39.765 -15.218 25.387 0.000000
50867 39.011 -15.478 25.631 0.000000
50872 44.454 -15.230 24.080 0.000000
50873 43.453 -15.240 24.105 0.000000
50874 42.749 -14.724 24.059 0.000000
50875 42.105 -15.083 24.324 0.000000
50876 41.370 -14.867 24.631 0.000000
50879 44.510 -14.601 23.384 0.000000
50880 43.752 -14.661 23.633 0.000000
51604 40.293 -13.533 27.757 0.000000
51615 39.543 -13.827 27.218 0.000000
51616 38.855 -14.411 26.746 0.000000
51617 39.599 -14.042 26.313 0.000000
51626 39.977 -14.455 25.638 0.000000
51627 40.758 -14.034 25.304 0.000000
51628 40.211 -13.755 26.032 0.000000
51629 39.184 -14.692 25.825 0.000000
51643 46.023 -14.830 23.502 0.000000
51644 43.206 -14.029 23.664 0.000000
51645 42.560 -14.028 24.136 0.000000
51646 42.049 -14.383 24.375 0.000000
51653 46.023 -14.426 22.778 0.000000
51654 45.312 -14.508 23.116 0.000000
51655 44.543 -13.795 22.933 0.000000
51656 43.907 -14.102 23.309 0.000000
51662 45.428 -13.894 22.582 0.000000
52377 40.906 -13.108 27.291 0.000000
52379 40.164 -13.460 26.770 0.000000
52386 40.860 -13.183 26.218 0.000000
52387 41.655 -12.747 26.090 0.000000
52392 42.088 -13.533 24.630 0.000000
52393 42.504 -12.777 24.722 0.000000
52399 42.762 -13.370 24.120 0.000000
52400 43.218 -13.177 23.727 0.000000
52401 43.004 -12.597 24.205 0.000000
52407 44.297 -12.638 23.035 0.000000
52408 43.742 -13.378 23.326 0.000000
52417 46.348 -13.002 21.818 0.000000
52418 44.953 -13.212 22.581 0.000000
53162 43.654 -11.675 25.590 0.000000
53164 42.959 -12.017 25.932 0.000000
53165 42.347 -12.386 26.088 0.000000
53170 43.430 -11.835 24.459 0.000000
53171 44.073 -11.277 24.996 0.000000
53172 42.855 -12.024 24.975 0.000000
53179 43.556 -12.512 23.659 0.000000
53180 44.144 -11.653 23.828 0.000000
53185 45.052 -12.436 22.578 0.000000
53186 44.715 -11.861 23.122 0.000000
53190 46.322 -12.091 21.687 0.000000
53191 45.701 -12.312 22.134 0.000000
53199 46.942 -12.457 21.299 0.000000
53953 45.570 -10.874 24.441 0.000000
53962 45.594 -10.923 23.525 0.000000
53963 46.292 -10.611 24.060 0.000000
53964 44.952 -11.231 23.689 0.000000
53970 45.332 -11.465 22.794 0.000000
53971 46.115 -10.825 22.888 0.000000
53977 46.482 -11.210 21.987 0.000000
53986 47.280 -11.046 20.775 0.000000
53987 46.865 -11.645 21.263 0.000000
53995 48.707 -11.311 19.812 0.000000
53996 48.428 -10.665 19.768 0.000000
53997 47.959 -11.340 20.233 0.000000
54003 49.263 -10.920 19.429 0.000000
54731 46.834 -10.334 23.619 0.000000
54737 46.802 -10.466 22.550 0.000000
54744 46.966 -10.787 21.594 0.000000
54745 47.292 -10.043 22.084 0.000000
54747 47.316 -10.176 21.065 0.000000
54750 48.308 -9.824 19.920 0.000000
54751 47.767 -10.413 20.324 0.000000
54761 49.607 -9.547 19.012 0.000000
54762 48.992 -10.087 19.366 0.000000
55506 47.857 -9.469 22.658 0.000000
55509 47.784 -9.527 21.574 0.000000
55510 48.352 -8.956 22.171 0.000000
55512 47.891 -9.639 20.628 0.000000
55513 48.299 -8.986 21.123 0.000000
55515 48.455 -9.113 20.234 0.000000
55519 49.516 -8.796 19.125 0.000000
55520 48.901 -9.288 19.516 0.000000
56282 48.826 -8.462 20.685 0.000000
56285 49.043 -8.608 19.804 0.000000
56288 50.081 -8.254 18.862 0.000000
56289 50.522 -7.754 18.682 0.000000
56290 50.131 -7.534 19.574 0.000000
89161 28.442 -35.496 37.208 0.000000
89586 35.374 -24.922 29.475 0.000000
90098 37.398 -21.749 27.022 0.000000
90656 31.959 -27.600 34.925 0.000000
90918 41.406 -13.316 25.337 0.000000
91994 39.221 -20.479 26.508 0.000000
92500 29.487 -33.611 33.966 0.000000
92523 23.461 -35.904 37.820 0.000000
92630 35.781 -25.070 30.276 0.000000
92828 9.181 -43.617 48.362 0.000000
93253 37.704 -24.656 29.671 0.000000
93450 25.840 -34.729 37.546 0.000000
93532 34.727 -19.108 29.383 0.000000
93662 32.720 -37.156 36.076 0.000000
94071 34.482 -36.664 35.070 0.000000
94289 35.612 -36.881 35.624 0.000000
94456 21.115 -36.573 38.367 0.000000
94457 29.188 -35.843 36.852 0.000000
94561 33.438 -35.302 33.548 0.000000
94629 23.819 -31.390 37.929 0.000000
94880 24.360 -34.128 37.100 0.000000
94899 18.317 -34.102 40.134 0.000000
95053 22.510 -36.666 38.897 0.000000
95311 35.199 -24.711 28.597 0.000000
95357 12.342 -42.171 47.272 0.000000
95386 38.692 -24.522 28.708 0.000000
95575 11.739 -37.947 46.803 0.000000
95630 8.814 -40.364 49.395 0.000000
96243 35.376 -33.587 32.406 0.000000
96335 11.028 -39.207 46.206 0.000000
96497 36.729 -24.989 30.241 0.000000
96659 38.037 -30.384 31.508 0.000000
96696 35.061 -18.971 28.619 0.000000
96720 15.672 -35.322 42.218 0.000000
96796 33.586 -25.380 29.865 0.000000
96904 45.934 -11.558 22.230 0.000000
96978 20.439 -37.199 39.752 0.000000
97037 31.022 -25.740 31.480 0.000000
97069 20.379 -32.665 40.394 0.000000
97331 36.390 -20.725 27.024 0.000000
97637 33.698 -20.809 29.394 0.000000
97693 31.498 -34.526 33.286 0.000000
97714 34.061 -30.921 33.281 0.000000
97806 9.205 -42.975 47.822 0.000000
97912 38.714 -21.774 26.888 0.000000
97932 33.887 -30.536 33.846 0.000000
97993 20.326 -36.127 37.863 0.000000
98426 36.218 -23.832 27.729 0.000000
98942 36.648 -21.597 27.151 0.000000
99060 38.389 -17.539 25.954 0.000000
99091 18.449 -37.899 40.348 0.000000
99292 33.556 -30.173 33.755 0.000000
99345 13.542 -37.282 43.370 0.000000
99388 15.778 -35.995 41.319 0.000000
99693 34.414 -27.718 30.437 0.000000
99764 8.331 -42.201 48.068 0.000000
100053 13.204 -37.163 44.282 0.000000
100095 27.339 -33.146 35.347 0.000000
100197 6.507 -44.034 52.183 0.000000
100251 39.007 -14.118 27.749 0.000000
100301 23.337 -33.292 36.980 0.000000
100368 11.186 -39.396 45.394 0.000000
100404 18.006 -35.150 39.397 0.000000
100442 45.280 -15.289 24.504 0.000000
100504 36.870 -27.576 31.027 0.000000
100614 23.341 -31.219 40.043 0.000000
100657 32.252 -24.596 29.914 0.000000
100819 21.357 -32.397 39.544 0.000000
100924 41.517 -16.905 25.658 0.000000
101038 38.869 -29.581 32.464 0.000000
101189 34.151 -35.186 33.631 0.000000
101440 12.637 -36.932 46.043 0.000000
101745 45.292 -14.987 23.815 0.000000
101762 11.881 -42.079 46.649 0.000000
101908 34.129 -28.468 30.449 0.000000
102342 12.486 -41.259 45.373 0.000000
102375 41.464 -13.999 24.778 0.000000
102840 31.550 -27.863 32.146 0.000000
102862 49.628 -8.252 19.484 0.000000
103078 35.673 -20.397 27.249 0.000000
103163 32.392 -33.428 32.783 0.000000
103220 30.803 -26.503 32.617 0.000000
103410 8.861 -44.644 49.693 0.000000
103461 38.549 -30.211 32.033 0.000000
103567 38.333 -24.537 29.322 0.000000
103640 34.873 -30.821 30.994 0.000000
104105 20.044 -33.460 38.890 0.000000
104110 33.102 -24.879 29.582 0.000000
104549 35.964 -17.985 27.380 0.000000
104748 6.237 -43.790 52.791 0.000000
104921 18.221 -38.756 41.576 0.000000
105450 23.991 -35.451 37.727 0.000000
105932 28.391 -33.750 34.607 0.000000
105955 45.568 -13.173 22.221 0.000000
106083 38.481 -19.971 26.146 0.000000
106214 32.195 -34.055 32.790 0.000000
106318 27.002 -31.154 34.934 0.000000
106335 35.394 -35.063 33.937 0.000000
106673 43.281 -14.672 23.818 0.000000
106680 37.342 -23.432 27.339 0.000000
106752 46.570 -14.628 23.195 0.000000
107020 33.561 -29.935 32.961 0.000000
107025 32.859 -29.486 34.876 0.000000
107139 35.935 -23.173 27.567 0.000000
107172 10.099 -42.313 47.127 0.000000
107222 26.850 -29.696 36.904 0.000000
107262 34.985 -21.241 27.708 0.000000
107920 24.197 -32.621 36.908 0.000000
107981 15.281 -38.881 41.731 0.000000
108106 36.248 -29.735 30.392 0.000000
108422 14.205 -40.216 43.626 0.000000
108509 33.625 -28.013 30.569 0.000000
108625 30.788 -25.911 32.102 0.000000
108648 34.898 -33.850 32.490 0.000000
108708 34.589 -28.879 30.423 0.000000
108711 42.044 -12.779 25.321 0.000000
108737 37.147 -15.678 27.815 0.000000
108800 6.323 -43.282 53.128 0.000000
108804 36.298 -31.722 31.336 0.000000
108901 9.309 -42.519 47.524 0.000000
109124 28.097 -35.013 36.695 0.000000
109130 42.493 -12.327 25.390 0.000000
