#!ascii label  , from subject OAS1_0001-3 vox2ras=TkReg 
769
62297 41.483 -0.271 25.339 0.000000
62298 41.727 0.324 25.557 0.000000
62299 41.255 0.119 25.658 0.000000
62303 41.939 0.278 25.380 0.000000
62304 41.647 -0.428 25.012 0.000000
62312 41.599 -0.300 24.281 0.000000
62953 41.487 1.485 27.383 0.000000
62954 40.818 1.190 27.684 0.000000
62955 40.863 0.811 27.051 0.000000
62956 40.207 0.814 27.881 0.000000
62957 39.400 0.710 27.675 0.000000
62962 42.009 0.813 25.884 0.000000
62963 42.406 1.019 25.639 0.000000
62964 42.436 1.292 26.244 0.000000
62965 40.867 0.615 26.176 0.000000
62966 40.055 0.583 26.657 0.000000
62967 38.942 0.501 26.414 0.000000
62970 42.380 0.782 25.266 0.000000
62971 43.116 1.330 25.459 0.000000
62973 42.374 0.629 24.791 0.000000
62974 43.055 1.227 25.083 0.000000
62975 42.090 0.048 24.952 0.000000
62978 42.790 1.188 24.400 0.000000
62979 42.125 0.496 23.996 0.000000
62980 42.446 1.219 23.560 0.000000
62982 41.623 0.981 22.905 0.000000
62983 40.934 0.282 22.638 0.000000
62984 41.104 0.784 21.782 0.000000
62987 41.522 0.904 20.661 0.000000
62989 42.108 1.323 19.963 0.000000
62992 43.026 1.347 18.912 0.000000
62993 42.647 1.559 19.533 0.000000
63015 45.354 0.752 14.680 0.000000
63016 44.858 0.450 15.299 0.000000
63024 45.679 1.087 14.044 0.000000
63050 44.658 1.684 9.413 0.000000
63051 44.442 1.297 8.315 0.000000
63057 44.290 1.201 7.262 0.000000
63063 41.006 0.673 6.034 0.000000
63067 41.480 1.437 5.427 0.000000
63073 42.386 1.095 4.667 0.000000
63074 41.840 1.240 4.805 0.000000
63574 40.272 1.358 28.239 0.000000
63576 43.106 1.463 25.922 0.000000
63577 44.152 2.267 25.988 0.000000
63578 42.948 1.882 26.445 0.000000
63579 42.210 1.779 27.018 0.000000
63580 44.090 1.469 25.261 0.000000
63581 44.911 2.015 25.489 0.000000
63583 43.845 1.433 24.765 0.000000
63584 45.036 1.647 24.970 0.000000
63587 44.303 1.862 24.343 0.000000
63588 43.258 1.767 23.723 0.000000
63589 44.127 2.327 23.438 0.000000
63591 42.373 1.716 22.697 0.000000
63592 41.707 1.498 21.760 0.000000
63595 41.960 1.690 20.812 0.000000
63596 42.385 2.122 21.564 0.000000
63598 42.594 2.117 20.356 0.000000
63599 43.129 2.117 19.434 0.000000
63601 43.514 1.942 18.581 0.000000
63603 43.824 1.744 17.784 0.000000
63604 44.279 2.286 17.458 0.000000
63605 44.073 2.486 18.227 0.000000
63616 44.352 2.087 16.787 0.000000
63620 44.379 1.765 15.982 0.000000
63625 45.230 2.397 14.807 0.000000
63626 44.941 2.058 15.435 0.000000
63631 45.569 1.925 14.082 0.000000
63646 45.365 2.620 11.364 0.000000
63647 45.022 2.127 10.918 0.000000
63652 44.949 2.512 10.020 0.000000
63656 44.516 2.175 8.471 0.000000
63657 41.290 1.659 8.484 0.000000
63660 44.360 2.080 7.571 0.000000
63661 41.160 1.703 7.504 0.000000
63664 44.052 2.409 5.801 0.000000
63665 41.197 1.613 6.400 0.000000
63670 41.663 2.454 5.671 0.000000
63674 43.088 2.474 5.041 0.000000
63675 42.378 1.975 4.939 0.000000
63676 42.234 2.485 5.182 0.000000
64172 41.580 2.034 27.532 0.000000
64179 43.875 2.925 25.962 0.000000
64180 43.422 2.459 26.386 0.000000
64181 42.655 2.441 26.700 0.000000
64182 41.890 2.465 27.030 0.000000
64184 45.869 2.292 25.093 0.000000
64185 44.765 2.639 25.824 0.000000
64187 46.585 2.545 24.801 0.000000
64188 47.120 3.077 25.014 0.000000
64189 46.487 2.778 25.220 0.000000
64190 45.774 2.131 24.687 0.000000
64193 47.359 2.982 24.458 0.000000
64194 45.958 2.327 24.120 0.000000
64195 45.145 2.055 24.274 0.000000
64197 47.093 2.910 23.547 0.000000
64198 46.076 2.650 23.245 0.000000
64199 44.116 2.835 22.157 0.000000
64200 45.218 3.055 22.320 0.000000
64201 43.168 2.324 22.490 0.000000
64204 43.839 3.084 21.081 0.000000
64205 44.622 3.324 21.362 0.000000
64206 43.184 2.629 21.307 0.000000
64208 43.432 2.709 20.273 0.000000
64209 44.236 3.245 20.355 0.000000
64211 43.848 2.805 19.244 0.000000
64212 44.521 3.214 18.668 0.000000
64213 44.632 2.993 17.856 0.000000
64222 44.757 2.788 17.106 0.000000
64228 44.648 2.620 16.192 0.000000
64229 45.092 3.379 15.827 0.000000
64230 45.108 3.405 16.673 0.000000
64233 45.185 3.260 14.963 0.000000
64238 45.426 2.834 14.152 0.000000
64243 45.758 3.737 12.324 0.000000
64244 45.684 2.339 13.443 0.000000
64252 45.284 3.095 10.510 0.000000
64253 41.770 2.198 10.206 0.000000
64257 45.254 3.415 9.530 0.000000
64258 41.620 2.161 9.285 0.000000
64262 44.773 2.815 9.015 0.000000
64263 45.052 3.725 8.464 0.000000
64264 41.539 2.377 8.110 0.000000
64269 44.630 3.059 7.826 0.000000
64270 41.456 2.499 6.899 0.000000
64271 41.963 3.175 7.608 0.000000
64274 41.921 3.355 6.394 0.000000
64277 43.790 2.890 5.150 0.000000
64278 42.417 3.355 5.499 0.000000
64281 43.440 3.118 5.062 0.000000
64282 42.838 2.841 5.109 0.000000
64798 42.922 3.005 26.323 0.000000
64805 45.677 2.778 25.545 0.000000
64806 44.678 3.199 25.590 0.000000
64807 43.713 3.557 25.315 0.000000
64808 42.898 3.532 25.447 0.000000
64812 47.695 3.560 24.395 0.000000
64813 46.439 3.298 25.240 0.000000
64814 45.403 3.497 25.123 0.000000
64816 47.967 3.384 23.889 0.000000
64819 48.436 3.720 23.144 0.000000
64820 48.829 4.211 22.925 0.000000
64821 48.326 3.896 23.720 0.000000
64822 47.453 3.303 22.784 0.000000
64823 46.313 3.065 22.438 0.000000
64826 48.971 3.892 22.358 0.000000
64827 47.909 3.522 22.019 0.000000
64828 46.524 3.426 21.421 0.000000
64829 45.539 3.333 21.617 0.000000
64831 49.355 4.216 21.497 0.000000
64832 48.322 3.799 21.287 0.000000
64833 46.453 3.781 20.483 0.000000
64834 47.315 4.100 20.241 0.000000
64836 46.176 4.054 19.599 0.000000
64837 45.274 3.732 19.097 0.000000
64838 45.194 3.607 17.519 0.000000
64839 45.879 4.149 18.583 0.000000
64846 45.493 4.094 17.026 0.000000
64854 45.500 4.165 16.308 0.000000
64859 45.430 4.163 15.369 0.000000
64863 45.487 3.934 14.206 0.000000
64868 45.899 4.819 12.358 0.000000
64869 45.804 4.068 13.133 0.000000
64873 46.009 4.639 11.720 0.000000
64877 45.591 3.588 11.031 0.000000
64878 46.102 4.492 10.850 0.000000
64882 45.758 3.982 10.067 0.000000
64887 45.498 4.319 8.952 0.000000
64893 44.759 3.667 6.767 0.000000
64894 45.451 4.425 7.816 0.000000
64895 42.462 4.061 7.100 0.000000
64899 44.941 4.270 6.177 0.000000
64900 45.250 4.397 6.902 0.000000
64901 42.376 4.203 6.098 0.000000
64906 44.474 4.247 5.583 0.000000
64907 42.914 4.358 5.625 0.000000
64911 43.263 3.602 5.215 0.000000
65434 42.952 4.172 24.715 0.000000
65438 46.982 3.686 24.822 0.000000
65439 45.982 3.944 24.742 0.000000
65440 43.018 4.891 24.064 0.000000
65443 48.082 4.150 24.015 0.000000
65444 46.382 4.289 24.151 0.000000
65445 45.107 4.606 23.723 0.000000
65446 44.508 5.442 22.964 0.000000
65449 49.454 4.582 22.127 0.000000
65450 48.600 4.324 23.266 0.000000
65451 46.264 5.298 22.618 0.000000
65452 45.556 4.975 23.054 0.000000
65455 50.195 4.778 21.453 0.000000
65456 50.601 4.990 21.207 0.000000
65458 49.792 4.442 20.682 0.000000
65459 50.758 4.869 20.776 0.000000
65460 48.636 4.107 20.493 0.000000
65462 50.184 4.705 19.881 0.000000
65463 51.097 5.157 20.085 0.000000
65464 48.940 4.396 19.643 0.000000
65465 47.841 4.417 19.640 0.000000
65466 46.885 4.421 19.178 0.000000
65468 50.393 5.103 19.109 0.000000
65469 49.227 4.765 18.845 0.000000
65470 49.552 5.312 18.181 0.000000
65471 46.662 4.556 18.326 0.000000
65474 48.319 5.249 17.959 0.000000
65475 47.008 4.975 17.606 0.000000
65476 47.857 5.478 16.951 0.000000
65477 46.072 4.683 16.894 0.000000
65489 46.754 5.195 16.726 0.000000
65490 45.985 5.031 15.967 0.000000
65491 47.053 5.553 16.059 0.000000
65503 45.749 5.000 14.833 0.000000
65504 46.379 5.546 15.303 0.000000
65514 45.711 5.022 13.756 0.000000
65515 46.407 5.752 14.338 0.000000
65524 45.974 5.397 12.923 0.000000
65532 46.489 5.467 11.874 0.000000
65538 46.577 5.163 11.232 0.000000
65542 46.053 4.751 9.442 0.000000
65543 46.598 5.031 10.104 0.000000
65549 46.901 5.692 8.006 0.000000
65550 42.927 4.611 7.942 0.000000
65556 45.756 4.932 7.148 0.000000
65557 46.386 5.430 7.211 0.000000
65558 42.722 4.916 6.875 0.000000
65559 43.285 5.398 7.494 0.000000
65564 45.386 4.872 6.524 0.000000
65565 45.896 5.282 6.681 0.000000
65566 42.742 4.865 6.141 0.000000
65567 43.184 5.449 6.460 0.000000
65570 45.520 5.352 6.381 0.000000
65571 44.972 4.825 6.118 0.000000
65572 44.942 5.484 6.050 0.000000
65573 43.427 5.283 5.748 0.000000
65577 44.433 5.013 5.653 0.000000
65578 43.962 5.366 5.579 0.000000
66083 43.154 5.705 23.756 0.000000
66087 44.442 6.283 22.757 0.000000
66088 43.808 5.891 23.224 0.000000
66091 49.201 4.676 22.525 0.000000
66092 48.549 4.940 22.687 0.000000
66093 46.972 5.570 22.032 0.000000
66094 45.677 6.144 21.897 0.000000
66095 45.104 5.810 22.416 0.000000
66098 50.048 4.979 21.833 0.000000
66099 49.277 5.196 22.136 0.000000
66100 48.003 5.476 21.757 0.000000
66101 46.815 6.181 20.891 0.000000
66102 46.001 6.388 21.312 0.000000
66104 50.867 5.146 20.626 0.000000
66105 50.479 5.265 21.157 0.000000
66106 49.732 5.815 20.726 0.000000
66107 48.406 5.764 20.975 0.000000
66109 51.075 5.639 19.211 0.000000
66110 51.327 6.122 18.620 0.000000
66111 51.102 5.749 19.813 0.000000
66113 51.295 5.829 18.182 0.000000
66114 50.534 5.491 18.438 0.000000
66116 51.613 5.801 17.284 0.000000
66117 51.804 6.225 17.663 0.000000
66118 50.273 5.513 17.369 0.000000
66119 48.906 5.503 17.460 0.000000
66128 51.065 5.798 16.435 0.000000
66129 52.200 6.101 16.637 0.000000
66130 49.665 5.757 16.219 0.000000
66131 48.235 5.984 16.004 0.000000
66137 51.778 6.209 15.701 0.000000
66138 50.292 6.214 15.322 0.000000
66139 48.183 6.361 15.107 0.000000
66140 49.025 6.520 14.493 0.000000
66141 47.233 6.044 15.207 0.000000
66145 46.735 6.008 13.408 0.000000
66153 46.826 6.033 12.517 0.000000
66154 47.758 6.342 13.146 0.000000
66162 47.144 5.983 11.347 0.000000
66163 47.981 6.461 12.322 0.000000
66172 47.113 5.687 10.633 0.000000
66173 47.978 6.361 10.895 0.000000
66174 42.671 6.191 11.064 0.000000
66179 47.908 6.205 10.115 0.000000
66180 48.605 6.451 10.422 0.000000
66181 47.280 5.699 9.636 0.000000
66182 43.190 5.966 9.313 0.000000
66187 48.590 6.512 9.603 0.000000
66188 47.920 6.116 9.104 0.000000
66189 48.221 6.468 8.648 0.000000
66190 43.777 6.071 8.335 0.000000
66194 47.592 6.030 8.173 0.000000
66195 46.969 5.848 7.369 0.000000
66196 43.744 5.974 6.912 0.000000
66200 46.292 5.665 6.591 0.000000
66201 43.680 5.876 6.134 0.000000
66206 45.519 5.811 6.164 0.000000
66207 44.108 5.927 5.814 0.000000
66212 44.435 5.623 5.751 0.000000
66752 43.545 6.498 23.981 0.000000
66753 44.143 6.742 23.501 0.000000
66756 44.720 7.144 23.051 0.000000
66759 45.106 6.864 22.270 0.000000
66761 45.946 6.891 20.767 0.000000
66762 45.579 6.930 21.475 0.000000
66765 50.705 5.757 20.449 0.000000
66766 48.327 6.430 19.969 0.000000
66767 47.243 6.502 20.186 0.000000
66768 46.382 6.953 20.116 0.000000
66769 50.778 6.261 19.735 0.000000
66770 49.507 6.954 18.736 0.000000
66771 48.177 7.002 19.059 0.000000
66772 46.999 7.153 19.415 0.000000
66781 51.583 6.567 17.892 0.000000
66782 51.002 6.492 18.778 0.000000
66792 52.512 6.704 16.792 0.000000
66793 52.449 7.111 16.839 0.000000
66794 52.238 6.659 17.298 0.000000
66802 52.476 6.642 15.937 0.000000
66803 52.539 7.103 16.051 0.000000
66808 52.258 6.715 14.919 0.000000
66809 52.596 7.208 15.066 0.000000
66819 52.387 7.259 14.065 0.000000
66820 52.080 7.395 13.069 0.000000
66821 49.501 6.417 13.415 0.000000
66822 48.531 6.513 13.604 0.000000
66829 50.620 6.693 12.153 0.000000
66830 51.640 7.404 12.237 0.000000
66831 49.740 6.397 12.478 0.000000
66832 48.741 6.536 12.786 0.000000
66837 50.373 6.569 11.206 0.000000
66838 50.927 7.249 11.603 0.000000
66839 49.851 6.317 11.553 0.000000
66840 48.893 6.738 11.946 0.000000
66848 50.252 6.640 10.371 0.000000
66849 50.673 7.150 10.776 0.000000
66850 49.856 6.272 10.884 0.000000
66851 49.085 6.471 11.050 0.000000
66860 50.465 7.343 10.044 0.000000
66861 49.435 6.514 10.084 0.000000
66862 50.087 7.073 9.460 0.000000
66863 42.809 6.711 9.923 0.000000
66868 49.254 6.848 8.933 0.000000
66869 43.974 7.019 8.660 0.000000
66870 43.268 7.890 9.471 0.000000
66874 48.372 6.924 8.336 0.000000
66875 47.517 6.250 7.775 0.000000
66876 47.499 7.093 7.905 0.000000
66877 44.435 7.094 7.677 0.000000
66882 46.885 6.503 7.159 0.000000
66883 46.201 6.250 6.388 0.000000
66884 46.189 6.894 6.897 0.000000
66885 45.424 6.845 6.605 0.000000
66886 44.157 6.386 6.462 0.000000
66887 44.655 6.701 6.539 0.000000
66890 44.756 5.961 5.898 0.000000
66891 45.140 6.268 6.110 0.000000
67385 44.591 7.393 23.815 0.000000
67386 45.188 7.840 23.670 0.000000
67389 45.305 7.793 22.783 0.000000
67392 45.590 7.651 21.948 0.000000
67396 45.872 7.527 21.130 0.000000
67397 46.129 7.412 20.476 0.000000
67399 46.409 7.758 19.933 0.000000
67410 48.130 7.764 18.519 0.000000
67411 47.360 7.707 18.907 0.000000
67418 50.907 7.170 17.859 0.000000
67419 49.962 7.216 18.069 0.000000
67420 48.925 7.963 17.927 0.000000
67427 51.461 7.780 16.565 0.000000
67428 50.513 8.097 16.956 0.000000
67429 49.819 7.798 17.562 0.000000
67436 51.947 7.734 15.952 0.000000
67441 52.309 8.101 15.071 0.000000
67447 52.432 7.957 14.197 0.000000
67453 52.377 7.910 13.418 0.000000
67454 52.154 8.246 12.566 0.000000
67461 51.577 7.922 11.834 0.000000
67469 50.599 8.059 10.487 0.000000
67470 50.239 8.216 9.553 0.000000
67471 41.369 7.931 9.880 0.000000
67473 39.948 8.280 9.647 0.000000
67477 49.424 8.715 9.009 0.000000
67478 48.998 7.744 8.565 0.000000
67479 44.134 7.804 9.005 0.000000
67480 44.602 8.036 8.412 0.000000
67481 42.522 8.897 8.941 0.000000
67482 41.792 8.514 9.351 0.000000
67483 40.622 8.472 9.549 0.000000
67487 48.090 7.948 8.300 0.000000
67488 46.482 7.487 7.805 0.000000
67489 46.561 8.736 8.129 0.000000
67490 44.906 7.377 7.396 0.000000
67495 45.527 7.450 7.486 0.000000
68066 45.892 8.448 22.488 0.000000
68067 46.534 8.843 23.013 0.000000
68069 46.137 8.295 21.660 0.000000
68070 46.852 8.896 21.470 0.000000
68071 46.736 8.928 22.318 0.000000
68075 46.382 8.180 20.808 0.000000
68076 47.500 9.271 20.976 0.000000
68082 46.891 8.201 19.389 0.000000
68083 47.577 9.113 19.855 0.000000
68084 41.569 8.508 19.521 0.000000
68085 40.872 8.577 19.776 0.000000
68095 47.597 8.529 18.977 0.000000
68096 48.336 8.762 18.487 0.000000
68097 48.238 9.337 19.225 0.000000
68098 41.917 8.430 18.896 0.000000
68099 42.352 8.689 19.742 0.000000
68104 48.860 9.028 17.916 0.000000
68105 41.405 8.699 17.974 0.000000
68106 42.351 8.519 18.200 0.000000
68107 41.098 9.657 17.290 0.000000
68112 50.652 9.036 16.233 0.000000
68113 50.166 9.934 17.001 0.000000
68114 49.481 8.741 17.420 0.000000
68115 41.830 9.073 17.302 0.000000
68120 51.678 8.751 15.405 0.000000
68121 51.266 9.671 15.737 0.000000
68132 52.338 8.964 13.456 0.000000
68133 51.953 9.804 14.161 0.000000
68135 40.679 9.417 14.187 0.000000
68139 51.603 9.694 12.766 0.000000
68141 40.787 8.968 13.009 0.000000
68143 50.523 8.702 11.234 0.000000
68144 51.336 8.942 12.160 0.000000
68145 50.459 9.185 11.971 0.000000
68147 40.633 9.292 11.828 0.000000
68150 50.176 9.024 10.556 0.000000
68151 49.780 9.233 11.640 0.000000
68152 49.203 9.676 11.209 0.000000
68153 39.888 8.857 9.985 0.000000
68156 49.702 9.318 9.938 0.000000
68157 49.021 9.994 9.813 0.000000
68158 40.341 8.887 9.443 0.000000
68159 41.067 9.498 9.337 0.000000
68160 40.486 9.371 9.779 0.000000
68163 48.549 8.926 8.744 0.000000
68164 48.308 9.908 9.149 0.000000
68165 47.644 9.174 8.449 0.000000
68166 44.070 8.731 8.829 0.000000
68167 42.256 9.611 8.706 0.000000
68168 41.660 9.234 8.898 0.000000
68172 45.029 8.351 7.901 0.000000
68173 44.688 9.127 8.285 0.000000
68174 44.118 9.799 8.450 0.000000
68175 43.154 9.488 8.670 0.000000
68721 49.476 10.551 23.335 0.000000
68722 47.504 9.317 23.207 0.000000
68732 47.709 9.673 22.114 0.000000
68733 49.103 10.454 22.287 0.000000
68747 48.403 9.742 20.647 0.000000
68748 49.214 10.518 21.286 0.000000
68749 43.195 9.647 21.192 0.000000
68751 42.246 9.338 21.212 0.000000
68752 40.861 8.709 20.653 0.000000
68764 48.420 9.666 19.895 0.000000
68765 42.740 9.243 20.496 0.000000
68766 43.709 9.688 20.353 0.000000
68776 49.042 9.845 18.681 0.000000
68777 43.687 9.336 19.332 0.000000
68778 44.461 9.713 19.141 0.000000
68779 44.508 9.958 19.820 0.000000
68780 42.831 8.699 19.122 0.000000
68789 49.537 9.990 17.844 0.000000
68790 49.940 11.022 17.690 0.000000
68791 49.778 10.976 18.524 0.000000
68792 44.037 9.269 18.504 0.000000
68793 44.830 9.829 18.586 0.000000
68794 42.706 8.656 17.514 0.000000
68802 50.390 10.957 17.011 0.000000
68803 44.990 9.322 17.129 0.000000
68804 45.633 9.913 17.315 0.000000
68805 45.226 9.894 17.911 0.000000
68806 43.982 8.820 16.792 0.000000
68807 42.296 9.256 16.651 0.000000
68808 41.479 10.042 16.536 0.000000
68814 51.352 10.820 15.681 0.000000
68815 50.854 10.478 16.366 0.000000
68816 45.746 9.642 16.446 0.000000
68817 46.654 10.327 16.506 0.000000
68818 43.994 9.219 15.872 0.000000
68819 42.968 9.295 16.031 0.000000
68820 41.964 10.277 15.846 0.000000
68825 51.620 10.808 14.393 0.000000
68826 51.870 9.906 14.986 0.000000
68827 47.426 10.215 15.227 0.000000
68828 48.176 10.471 14.661 0.000000
68829 47.398 10.661 16.117 0.000000
68830 46.595 9.731 14.926 0.000000
68831 44.089 9.426 14.952 0.000000
68832 42.951 10.116 14.795 0.000000
68833 42.452 10.311 15.294 0.000000
68835 40.480 10.677 14.900 0.000000
68841 51.587 10.326 13.524 0.000000
68842 48.313 10.313 13.887 0.000000
68843 49.138 10.619 13.336 0.000000
68844 49.141 10.825 14.160 0.000000
68845 46.578 9.537 14.069 0.000000
68846 45.032 9.193 13.873 0.000000
68847 44.315 9.531 13.616 0.000000
68848 43.311 9.974 13.414 0.000000
68849 41.281 9.927 13.955 0.000000
68853 50.796 10.253 12.450 0.000000
68854 51.050 10.977 12.765 0.000000
68855 50.014 10.258 12.992 0.000000
68856 48.954 10.347 12.745 0.000000
68857 48.076 9.839 12.867 0.000000
68858 46.408 9.470 13.292 0.000000
68859 45.244 9.393 13.207 0.000000
68860 44.273 9.756 12.855 0.000000
68861 41.366 9.603 12.939 0.000000
68864 49.624 9.820 12.295 0.000000
68865 48.526 9.707 12.356 0.000000
68866 47.582 9.520 12.394 0.000000
68867 46.592 9.628 12.181 0.000000
68868 44.471 9.886 12.109 0.000000
68869 43.638 10.104 12.486 0.000000
68870 40.597 9.548 10.655 0.000000
68871 41.367 9.838 11.789 0.000000
68874 48.554 9.597 11.860 0.000000
68875 47.918 9.516 11.921 0.000000
68876 47.180 9.683 11.737 0.000000
68877 46.331 10.056 11.323 0.000000
68878 45.475 9.785 11.835 0.000000
68879 40.989 9.996 9.953 0.000000
68881 48.324 9.894 11.177 0.000000
68882 47.737 10.245 10.437 0.000000
68883 47.027 10.153 10.792 0.000000
68884 41.547 10.113 9.487 0.000000
68887 47.843 10.385 9.158 0.000000
68888 47.061 10.923 9.416 0.000000
68889 42.615 10.248 8.716 0.000000
68890 41.818 9.990 8.885 0.000000
68893 46.246 10.700 8.642 0.000000
68894 44.485 10.733 8.411 0.000000
68895 43.538 10.468 8.578 0.000000
69459 50.231 11.134 22.768 0.000000
69460 50.893 11.877 22.889 0.000000
69467 49.939 10.941 22.000 0.000000
69468 49.978 11.884 22.353 0.000000
69476 49.641 11.216 20.613 0.000000
69477 49.965 12.275 20.766 0.000000
69491 49.601 10.843 19.535 0.000000
69492 50.001 11.815 19.958 0.000000
69493 45.232 10.521 19.940 0.000000
69494 45.770 11.184 20.116 0.000000
69502 45.095 10.323 19.274 0.000000
69503 45.799 11.201 19.249 0.000000
69512 49.925 11.757 18.246 0.000000
69513 46.220 11.266 18.446 0.000000
69514 39.756 11.211 17.520 0.000000
69520 49.879 11.409 17.420 0.000000
69521 46.296 10.435 17.179 0.000000
69522 47.076 10.964 17.014 0.000000
69523 46.598 11.215 17.735 0.000000
69524 40.859 10.875 16.700 0.000000
69525 40.197 11.476 16.821 0.000000
69526 39.665 11.950 16.932 0.000000
69533 51.064 11.316 15.509 0.000000
69534 50.597 11.180 16.416 0.000000
69535 48.014 10.756 15.482 0.000000
69536 47.810 11.430 16.644 0.000000
69537 41.591 11.108 15.269 0.000000
69538 40.796 11.513 15.533 0.000000
69539 40.517 11.599 16.136 0.000000
69545 51.593 11.012 15.096 0.000000
69546 50.279 11.061 14.300 0.000000
69547 49.405 11.367 15.530 0.000000
69548 48.775 10.929 15.054 0.000000
69549 48.460 11.306 15.920 0.000000
69550 42.163 10.706 14.881 0.000000
69551 41.636 10.929 14.749 0.000000
69552 41.054 11.461 15.002 0.000000
69558 51.198 11.185 13.716 0.000000
69559 51.237 11.296 14.685 0.000000
69560 50.161 10.645 13.631 0.000000
69561 41.856 10.398 14.099 0.000000
69562 41.253 10.903 14.511 0.000000
69563 40.703 11.327 14.958 0.000000
69566 42.748 9.988 12.814 0.000000
69567 41.933 9.851 13.108 0.000000
69569 43.923 10.328 11.735 0.000000
69570 43.027 10.136 11.683 0.000000
69571 42.030 10.079 11.163 0.000000
69574 45.454 10.286 10.838 0.000000
69575 43.822 10.549 10.678 0.000000
69576 42.684 10.454 10.396 0.000000
69577 41.684 10.346 10.092 0.000000
69579 46.277 10.742 10.196 0.000000
69580 45.384 11.022 9.759 0.000000
69581 44.397 11.016 9.617 0.000000
69582 43.372 10.856 9.567 0.000000
69583 42.338 10.504 9.307 0.000000
69586 46.004 11.207 9.095 0.000000
69587 44.998 11.203 8.924 0.000000
69588 43.975 11.052 8.924 0.000000
70187 49.882 12.584 21.505 0.000000
70190 47.143 12.252 20.374 0.000000
70201 49.727 12.687 20.208 0.000000
70202 46.656 11.850 19.660 0.000000
70212 49.678 12.356 18.696 0.000000
70213 46.730 11.816 18.831 0.000000
70214 47.396 12.445 19.098 0.000000
70221 47.330 12.307 18.380 0.000000
70222 47.934 12.503 17.942 0.000000
70223 48.099 12.884 18.765 0.000000
70224 46.808 11.807 18.187 0.000000
70232 49.739 11.654 16.908 0.000000
70233 49.536 12.254 17.858 0.000000
70234 48.148 12.182 17.170 0.000000
70235 47.321 11.886 17.573 0.000000
70236 39.762 12.000 16.301 0.000000
70245 50.173 11.469 16.015 0.000000
70246 49.176 11.633 16.340 0.000000
70247 40.160 11.744 15.726 0.000000
70248 39.566 11.939 15.857 0.000000
70249 39.095 12.278 16.407 0.000000
70255 40.517 11.495 15.373 0.000000
70842 49.131 13.360 20.827 0.000000
70843 48.157 13.019 20.376 0.000000
70852 49.451 13.141 20.514 0.000000
70853 48.854 13.320 19.963 0.000000
70854 48.129 13.000 19.498 0.000000
70865 49.204 13.194 19.596 0.000000
70866 48.925 13.185 18.891 0.000000
70872 49.325 12.723 18.590 0.000000
70873 48.756 12.655 18.297 0.000000
89263 42.189 9.959 12.179 0.000000
89405 51.737 7.193 17.270 0.000000
89496 45.987 9.585 12.628 0.000000
89520 43.233 8.792 18.428 0.000000
89768 47.481 9.963 14.372 0.000000
89769 46.652 9.980 15.800 0.000000
90030 45.843 9.570 15.474 0.000000
90116 46.909 10.065 8.470 0.000000
90147 44.030 4.013 24.607 0.000000
90485 50.452 6.559 13.150 0.000000
90614 50.314 6.416 14.158 0.000000
90824 41.754 8.747 20.395 0.000000
90965 41.503 9.013 21.150 0.000000
91012 44.618 10.117 11.267 0.000000
91030 48.987 12.224 16.994 0.000000
91175 47.089 9.499 12.847 0.000000
91205 43.381 6.826 9.330 0.000000
91220 44.980 9.223 15.634 0.000000
91499 43.085 9.132 19.832 0.000000
91558 44.739 3.413 19.636 0.000000
91752 44.497 9.332 14.229 0.000000
91801 48.472 10.268 13.218 0.000000
92032 44.731 9.214 16.386 0.000000
92317 45.894 4.348 17.695 0.000000
92417 51.256 8.532 15.924 0.000000
92633 44.434 9.280 17.784 0.000000
92714 45.490 10.596 18.610 0.000000
92786 45.076 2.583 23.245 0.000000
92879 41.314 11.191 15.997 0.000000
92907 44.732 10.578 10.464 0.000000
93094 44.442 2.791 6.696 0.000000
93162 47.793 4.732 18.725 0.000000
93207 50.860 7.874 11.298 0.000000
93391 44.997 2.738 15.463 0.000000
93394 48.927 5.644 16.815 0.000000
93448 45.400 10.806 8.414 0.000000
93465 49.026 6.261 15.440 0.000000
93675 45.921 8.517 23.468 0.000000
93700 46.677 5.384 9.028 0.000000
93931 51.473 6.783 13.837 0.000000
93935 51.262 7.042 12.852 0.000000
94007 41.914 1.130 26.728 0.000000
94092 49.126 10.251 20.278 0.000000
94385 46.925 6.003 6.882 0.000000
94746 45.651 9.595 8.176 0.000000
94756 44.107 6.544 7.486 0.000000
94776 43.550 9.815 14.197 0.000000
95037 43.700 4.542 5.380 0.000000
95310 42.074 7.258 10.279 0.000000
95408 42.460 10.142 13.608 0.000000
95411 45.668 2.751 12.420 0.000000
95683 49.060 9.541 11.990 0.000000
95872 41.503 0.817 26.223 0.000000
95897 45.135 3.605 18.261 0.000000
95899 44.436 3.438 5.692 0.000000
95937 47.803 4.722 23.198 0.000000
96185 44.007 1.712 17.167 0.000000
96294 49.824 6.432 19.882 0.000000
96653 43.889 3.622 5.151 0.000000
96812 46.841 8.580 20.253 0.000000
96850 48.410 9.901 21.482 0.000000
97326 41.246 10.073 10.673 0.000000
97653 46.008 5.104 8.213 0.000000
97722 46.844 8.926 23.691 0.000000
97742 44.502 6.249 6.022 0.000000
97906 45.905 10.583 17.885 0.000000
98279 41.442 0.209 23.454 0.000000
98529 49.977 11.701 19.104 0.000000
98790 47.641 6.367 14.204 0.000000
98797 40.907 10.710 14.483 0.000000
98979 48.116 6.517 11.609 0.000000
99088 44.879 1.271 15.342 0.000000
99237 45.617 3.707 20.002 0.000000
99755 43.889 1.700 25.724 0.000000
100154 42.546 7.592 9.842 0.000000
100268 45.740 2.944 12.930 0.000000
100306 45.603 3.122 11.819 0.000000
100336 48.933 9.946 19.514 0.000000
100751 45.311 1.578 14.726 0.000000
100769 43.913 4.940 23.596 0.000000
101024 44.216 1.935 6.672 0.000000
101033 52.219 8.915 14.371 0.000000
101110 41.871 1.937 5.052 0.000000
101228 40.122 11.486 15.410 0.000000
101296 49.726 11.636 21.459 0.000000
101538 43.576 1.932 26.140 0.000000
101571 49.699 12.498 19.462 0.000000
101694 40.980 8.914 9.184 0.000000
102015 47.556 9.796 13.523 0.000000
102367 51.256 6.455 14.800 0.000000
102481 41.602 10.095 13.843 0.000000
102487 45.613 3.180 13.515 0.000000
102521 40.004 8.961 10.930 0.000000
102525 43.288 9.640 15.384 0.000000
102801 49.765 7.627 8.887 0.000000
102960 48.683 12.428 17.657 0.000000
103080 50.349 11.373 15.129 0.000000
103214 42.496 10.340 14.293 0.000000
103329 37.952 0.335 25.622 0.000000
103401 52.264 6.257 17.178 0.000000
103440 45.268 3.556 20.707 0.000000
103615 45.419 9.296 14.588 0.000000
103692 43.142 10.725 8.966 0.000000
104122 46.983 4.558 23.627 0.000000
104144 42.507 6.650 10.506 0.000000
104210 47.634 9.840 11.331 0.000000
104341 47.372 5.790 8.714 0.000000
104411 44.995 3.932 7.532 0.000000
104547 45.753 3.935 11.569 0.000000
104608 44.826 10.148 8.037 0.000000
104632 47.209 6.151 11.907 0.000000
104688 49.929 12.877 20.896 0.000000
104772 42.812 1.717 4.897 0.000000
104918 49.822 5.341 21.540 0.000000
104956 45.060 9.531 12.497 0.000000
104962 47.490 12.528 19.767 0.000000
105033 46.864 8.765 20.895 0.000000
105055 43.560 8.808 17.646 0.000000
105126 51.029 8.501 11.663 0.000000
105185 48.647 13.255 19.316 0.000000
105200 44.842 4.144 24.298 0.000000
105580 48.336 10.404 10.084 0.000000
105670 46.708 2.600 24.108 0.000000
106172 46.617 5.036 10.753 0.000000
106605 46.145 4.521 10.142 0.000000
106729 49.360 12.939 19.020 0.000000
106768 42.032 0.189 24.561 0.000000
106983 48.476 11.785 16.599 0.000000
106998 47.903 11.038 16.045 0.000000
107115 45.726 9.326 13.787 0.000000
107138 45.947 3.636 20.624 0.000000
107148 45.497 3.935 17.998 0.000000
107258 47.255 8.072 8.104 0.000000
107278 45.747 8.249 8.025 0.000000
107680 46.132 5.588 13.569 0.000000
107799 49.528 11.131 14.778 0.000000
108049 41.388 1.033 27.126 0.000000
108396 47.429 4.047 24.412 0.000000
108432 46.214 5.479 12.337 0.000000
108618 43.444 8.545 9.087 0.000000
108747 43.071 8.724 16.892 0.000000
108837 42.211 2.911 26.542 0.000000
108942 47.312 3.604 21.039 0.000000
109081 42.543 4.566 6.477 0.000000
