#!ascii label  , from subject OAS1_0001-3 vox2ras=TkReg 
1135
24282 5.710 -49.107 55.904 0.000000
24287 6.211 -49.424 54.393 0.000000
25108 6.350 -48.600 55.217 0.000000
25117 6.715 -48.730 53.988 0.000000
25128 5.932 -49.111 52.918 0.000000
25129 6.627 -48.561 53.072 0.000000
25851 6.698 -47.792 54.754 0.000000
25855 7.056 -47.916 53.579 0.000000
25856 7.195 -46.877 54.397 0.000000
25864 7.511 -47.244 53.068 0.000000
25873 6.903 -47.790 52.631 0.000000
26683 7.860 -46.361 53.623 0.000000
26690 8.423 -45.955 53.065 0.000000
27304 8.666 -44.568 57.731 0.000000
27312 7.543 -45.244 57.171 0.000000
27314 7.486 -45.240 55.856 0.000000
27316 7.573 -45.837 54.698 0.000000
27317 8.251 -44.549 55.532 0.000000
27325 8.282 -45.628 54.039 0.000000
27326 8.593 -44.915 54.404 0.000000
27332 8.996 -45.603 52.593 0.000000
27333 9.389 -44.903 53.020 0.000000
27334 8.834 -45.265 53.506 0.000000
27338 9.018 -45.797 51.725 0.000000
27339 9.534 -45.221 52.151 0.000000
27345 9.489 -45.364 51.268 0.000000
27917 9.148 -44.017 57.572 0.000000
27919 8.641 -44.097 57.445 0.000000
27921 7.849 -44.603 56.577 0.000000
27922 8.419 -43.989 56.646 0.000000
27928 9.000 -44.314 54.821 0.000000
27929 9.442 -43.790 55.252 0.000000
27930 8.804 -43.985 55.685 0.000000
27937 9.259 -44.653 53.917 0.000000
27938 9.700 -44.050 54.316 0.000000
27942 9.972 -44.557 52.564 0.000000
27943 10.276 -43.985 52.966 0.000000
27949 10.092 -44.819 51.689 0.000000
27950 10.678 -44.159 52.213 0.000000
27954 10.008 -44.966 50.729 0.000000
27955 10.532 -44.295 51.190 0.000000
27961 10.375 -44.388 50.214 0.000000
28620 12.621 -42.824 57.438 0.000000
28621 11.807 -42.964 57.538 0.000000
28624 10.745 -43.304 57.367 0.000000
28628 9.961 -43.591 57.215 0.000000
28629 9.159 -43.704 57.137 0.000000
28631 9.229 -43.646 56.243 0.000000
28632 9.909 -43.135 56.631 0.000000
28644 10.241 -43.518 54.858 0.000000
28645 11.063 -43.193 54.900 0.000000
28646 10.464 -42.997 55.754 0.000000
28651 11.186 -43.194 53.875 0.000000
28652 11.692 -42.643 54.650 0.000000
28653 10.455 -43.790 53.826 0.000000
28660 10.853 -43.604 53.026 0.000000
28661 11.383 -42.999 52.896 0.000000
28666 10.956 -43.544 51.620 0.000000
28667 11.420 -42.963 52.027 0.000000
28672 10.861 -43.611 50.655 0.000000
28673 11.348 -42.947 51.130 0.000000
28684 11.415 -43.119 50.150 0.000000
28692 11.328 -43.088 49.249 0.000000
29407 12.160 -42.333 57.198 0.000000
29408 12.948 -41.931 56.717 0.000000
29409 11.336 -42.859 57.281 0.000000
29410 10.713 -42.981 56.999 0.000000
29421 12.081 -41.858 56.633 0.000000
29422 11.422 -42.299 56.795 0.000000
29423 11.824 -41.880 56.172 0.000000
29424 10.772 -42.786 56.494 0.000000
29429 11.321 -42.520 55.743 0.000000
29430 12.010 -41.953 55.344 0.000000
29437 11.978 -42.488 53.556 0.000000
29438 12.314 -41.977 54.462 0.000000
29443 11.983 -42.536 52.526 0.000000
29444 12.716 -41.782 53.682 0.000000
29450 11.996 -42.492 51.609 0.000000
29451 12.664 -42.151 52.153 0.000000
29459 11.953 -42.440 50.659 0.000000
29460 12.709 -41.919 51.163 0.000000
29466 11.916 -42.543 49.703 0.000000
29467 12.493 -41.960 50.144 0.000000
29476 11.779 -42.614 48.818 0.000000
29477 12.424 -42.103 49.189 0.000000
29499 12.294 -42.345 48.126 0.000000
30228 13.785 -42.161 56.581 0.000000
30234 13.713 -41.448 56.167 0.000000
30235 12.546 -41.471 56.004 0.000000
30240 13.274 -41.185 55.466 0.000000
30241 13.924 -41.041 55.546 0.000000
30242 12.620 -41.593 55.157 0.000000
30248 13.008 -41.409 54.579 0.000000
30249 13.842 -40.867 54.920 0.000000
30253 16.917 -41.167 52.503 0.000000
30255 13.236 -41.638 52.835 0.000000
30256 14.089 -40.973 53.189 0.000000
30262 13.289 -41.762 51.903 0.000000
30263 13.879 -41.240 52.214 0.000000
30267 13.163 -41.630 50.455 0.000000
30268 13.659 -41.361 51.182 0.000000
30273 13.139 -41.689 49.597 0.000000
30274 13.901 -41.275 50.087 0.000000
30297 13.063 -41.832 48.609 0.000000
30298 13.799 -41.422 49.013 0.000000
30308 13.700 -41.520 48.041 0.000000
31038 14.570 -40.655 54.257 0.000000
31043 16.198 -40.836 53.593 0.000000
31044 15.517 -40.590 53.127 0.000000
31045 14.680 -40.776 52.618 0.000000
31051 17.192 -40.931 52.200 0.000000
31052 16.480 -40.604 52.229 0.000000
31053 15.461 -40.559 52.133 0.000000
31054 14.437 -40.878 51.662 0.000000
31060 17.586 -40.991 51.359 0.000000
31061 15.885 -40.584 51.344 0.000000
31062 17.057 -40.623 50.587 0.000000
31063 15.039 -40.758 51.118 0.000000
31064 14.325 -40.983 50.842 0.000000
31073 16.173 -40.580 50.577 0.000000
31074 15.591 -40.639 49.918 0.000000
31075 14.479 -40.994 49.298 0.000000
31088 26.464 -40.024 48.714 0.000000
31094 15.054 -40.837 48.723 0.000000
31095 15.709 -40.633 49.101 0.000000
31096 14.380 -41.120 48.407 0.000000
31103 14.975 -40.884 47.884 0.000000
31104 15.702 -40.665 48.253 0.000000
31105 14.241 -41.131 47.512 0.000000
31113 14.788 -40.776 47.012 0.000000
31114 15.571 -40.580 47.368 0.000000
31115 14.024 -41.054 46.608 0.000000
31125 14.597 -40.747 46.106 0.000000
31126 15.353 -40.550 46.481 0.000000
31127 13.801 -40.966 45.666 0.000000
31132 14.470 -40.719 45.074 0.000000
31140 14.781 -40.345 44.269 0.000000
31781 18.656 -40.935 50.371 0.000000
31782 17.949 -40.779 50.580 0.000000
31789 18.278 -40.416 49.915 0.000000
31790 17.419 -40.367 49.891 0.000000
31791 16.453 -40.445 49.687 0.000000
31801 27.317 -39.657 48.590 0.000000
31802 26.249 -39.975 48.655 0.000000
31803 25.391 -39.754 48.461 0.000000
31804 23.998 -39.901 48.318 0.000000
31806 22.111 -40.205 48.447 0.000000
31808 20.457 -40.399 48.836 0.000000
31809 19.315 -40.294 49.344 0.000000
31810 17.779 -40.172 49.356 0.000000
31811 17.082 -40.224 49.113 0.000000
31812 16.384 -40.441 48.711 0.000000
31824 24.786 -39.730 48.166 0.000000
31825 23.353 -39.822 48.125 0.000000
31826 22.610 -39.984 48.180 0.000000
31827 22.884 -39.480 47.738 0.000000
31828 20.942 -39.969 48.242 0.000000
31829 20.088 -39.974 48.252 0.000000
31830 19.182 -39.991 48.395 0.000000
31831 18.196 -40.040 48.085 0.000000
31832 17.344 -40.195 47.832 0.000000
31833 16.449 -40.407 47.757 0.000000
31843 22.247 -39.568 47.692 0.000000
31844 21.403 -39.551 47.445 0.000000
31845 19.581 -39.875 47.444 0.000000
31846 20.473 -39.446 46.367 0.000000
31847 18.721 -39.969 47.343 0.000000
31848 17.862 -40.096 47.148 0.000000
31849 17.010 -40.212 46.959 0.000000
31850 16.165 -40.404 46.743 0.000000
31858 19.651 -39.720 46.023 0.000000
31859 18.885 -40.001 45.827 0.000000
31860 18.124 -40.239 45.670 0.000000
31861 17.360 -40.348 45.440 0.000000
31862 15.890 -40.513 45.836 0.000000
31868 18.546 -39.905 45.072 0.000000
31869 19.339 -39.626 45.225 0.000000
31870 17.868 -40.065 45.020 0.000000
31871 17.279 -40.074 44.586 0.000000
31872 15.627 -40.204 44.166 0.000000
31877 18.944 -39.488 44.386 0.000000
31878 18.057 -39.783 44.298 0.000000
31879 18.434 -39.436 43.623 0.000000
31880 16.519 -40.006 43.964 0.000000
31890 16.723 -39.857 42.993 0.000000
32582 26.047 -39.233 47.831 0.000000
32583 25.226 -39.261 47.779 0.000000
32584 24.398 -39.282 47.672 0.000000
32585 23.558 -39.270 47.562 0.000000
32591 28.220 -38.921 47.380 0.000000
32592 27.266 -38.912 47.230 0.000000
32593 27.788 -38.537 46.612 0.000000
32594 25.642 -38.919 47.099 0.000000
32595 24.881 -39.061 46.981 0.000000
32596 24.098 -38.976 46.863 0.000000
32597 23.415 -38.965 46.754 0.000000
32598 22.133 -39.134 46.946 0.000000
32599 21.305 -39.260 46.530 0.000000
32605 26.880 -38.540 46.453 0.000000
32606 25.998 -38.461 46.407 0.000000
32607 24.635 -38.668 46.198 0.000000
32608 25.384 -38.263 45.681 0.000000
32609 23.758 -38.695 45.971 0.000000
32610 22.807 -38.884 46.213 0.000000
32611 21.927 -38.997 45.967 0.000000
32612 21.033 -39.033 45.609 0.000000
32613 20.091 -39.191 45.508 0.000000
32622 24.457 -38.372 45.402 0.000000
32623 23.131 -38.639 45.338 0.000000
32624 21.843 -38.792 45.136 0.000000
32625 22.561 -38.518 44.828 0.000000
32626 20.494 -38.874 45.006 0.000000
32627 19.819 -38.971 44.604 0.000000
32637 21.868 -38.329 44.311 0.000000
32638 20.994 -38.347 44.038 0.000000
32639 20.231 -38.578 43.824 0.000000
32640 20.772 -38.245 43.238 0.000000
32641 19.330 -38.984 43.555 0.000000
32649 34.245 -38.403 43.049 0.000000
32650 33.608 -38.268 43.645 0.000000
32651 33.592 -38.555 42.882 0.000000
32652 32.682 -38.404 43.725 0.000000
32653 32.241 -38.546 42.829 0.000000
32654 19.993 -38.555 42.921 0.000000
32655 18.570 -39.146 42.822 0.000000
32656 19.590 -38.336 41.966 0.000000
32663 34.848 -38.420 42.414 0.000000
32664 35.522 -38.003 42.579 0.000000
32665 34.982 -37.793 43.272 0.000000
32666 33.974 -38.758 42.181 0.000000
32667 33.236 -38.697 41.586 0.000000
32668 32.367 -38.626 41.880 0.000000
32669 31.536 -38.461 42.127 0.000000
32682 35.532 -38.446 41.738 0.000000
32683 36.302 -38.146 41.288 0.000000
32684 34.872 -38.883 40.769 0.000000
32685 34.059 -38.788 41.182 0.000000
32686 33.359 -38.553 40.714 0.000000
32687 31.694 -38.191 41.271 0.000000
32694 35.690 -38.706 39.861 0.000000
32695 36.395 -38.357 40.367 0.000000
32696 34.882 -38.764 39.936 0.000000
32697 34.145 -38.679 40.288 0.000000
32698 33.402 -38.439 39.849 0.000000
32699 32.679 -38.217 40.281 0.000000
32705 35.855 -38.684 38.996 0.000000
32706 36.427 -38.425 39.489 0.000000
32707 35.094 -38.696 39.148 0.000000
32708 34.166 -38.668 39.284 0.000000
32709 33.317 -38.502 39.060 0.000000
32710 32.668 -38.183 39.449 0.000000
32716 35.979 -38.516 38.267 0.000000
32717 36.679 -38.104 38.270 0.000000
32718 35.374 -38.662 38.467 0.000000
32719 34.626 -38.710 38.376 0.000000
32720 33.713 -38.569 38.384 0.000000
32724 36.206 -38.210 37.587 0.000000
32725 35.278 -38.526 37.660 0.000000
33386 29.448 -38.031 46.697 0.000000
33394 35.563 -37.489 46.310 0.000000
33397 31.497 -38.018 46.098 0.000000
33398 29.922 -38.011 46.231 0.000000
33399 29.164 -37.806 45.949 0.000000
33400 28.515 -37.810 45.634 0.000000
33401 27.372 -38.163 45.906 0.000000
33402 26.470 -38.083 45.648 0.000000
33410 34.933 -37.347 45.672 0.000000
33411 33.034 -37.807 45.546 0.000000
33412 30.395 -37.969 45.549 0.000000
33413 29.729 -37.752 44.800 0.000000
33414 28.975 -37.688 44.748 0.000000
33415 28.207 -37.568 44.905 0.000000
33416 25.912 -37.979 44.855 0.000000
33417 25.003 -37.974 44.857 0.000000
33418 24.218 -38.168 44.641 0.000000
33419 23.352 -38.256 44.549 0.000000
33427 34.696 -37.322 44.115 0.000000
33428 35.302 -37.000 43.849 0.000000
33429 35.314 -36.900 44.744 0.000000
33430 34.084 -37.807 44.402 0.000000
33431 33.161 -37.968 44.582 0.000000
33432 31.776 -38.448 43.639 0.000000
33433 30.424 -38.003 44.383 0.000000
33434 29.348 -37.813 43.944 0.000000
33435 28.369 -37.559 44.086 0.000000
33436 27.555 -37.318 44.273 0.000000
33437 26.971 -37.227 44.437 0.000000
33438 26.278 -37.334 44.186 0.000000
33439 24.774 -37.900 44.044 0.000000
33440 25.452 -37.507 43.500 0.000000
33441 23.946 -37.939 43.891 0.000000
33442 23.130 -37.929 43.763 0.000000
33443 22.354 -37.977 43.646 0.000000
33444 21.554 -38.074 43.492 0.000000
33451 35.870 -37.198 43.134 0.000000
33452 30.940 -38.296 43.615 0.000000
33453 30.133 -37.990 43.407 0.000000
33454 29.395 -37.823 43.034 0.000000
33455 28.636 -37.545 43.265 0.000000
33456 27.692 -37.198 43.380 0.000000
33457 24.526 -37.700 43.230 0.000000
33458 23.660 -37.770 43.087 0.000000
33459 22.847 -37.825 43.029 0.000000
33460 23.246 -37.620 42.325 0.000000
33461 22.094 -37.908 42.906 0.000000
33462 21.323 -37.985 42.684 0.000000
33463 20.510 -38.091 42.378 0.000000
33471 36.163 -37.752 42.204 0.000000
33472 36.864 -37.411 41.766 0.000000
33473 36.697 -36.976 42.656 0.000000
33474 31.019 -38.073 41.673 0.000000
33475 30.244 -37.699 41.630 0.000000
33476 29.490 -37.401 42.036 0.000000
33477 28.976 -37.378 42.526 0.000000
33478 22.554 -37.762 42.406 0.000000
33479 21.918 -37.824 42.129 0.000000
33480 22.606 -37.536 41.633 0.000000
33481 21.127 -37.840 41.859 0.000000
33482 20.274 -37.822 41.452 0.000000
33489 36.959 -37.694 40.834 0.000000
33490 37.349 -36.834 41.306 0.000000
33491 30.894 -37.724 41.029 0.000000
33492 30.155 -37.351 40.715 0.000000
33493 29.427 -37.238 41.171 0.000000
33494 21.707 -37.567 41.334 0.000000
33507 37.014 -37.884 39.899 0.000000
33508 37.420 -37.080 40.328 0.000000
33509 32.009 -37.865 39.933 0.000000
33510 31.147 -37.590 39.622 0.000000
33511 30.210 -37.118 39.820 0.000000
33512 29.446 -36.942 40.355 0.000000
33521 36.964 -38.001 39.022 0.000000
33522 37.486 -37.317 39.366 0.000000
33523 32.752 -38.091 38.538 0.000000
33524 31.947 -37.848 39.101 0.000000
33525 31.314 -37.431 38.743 0.000000
33526 30.659 -37.172 39.093 0.000000
33532 37.377 -37.460 38.346 0.000000
33533 34.223 -38.477 37.576 0.000000
33534 33.278 -38.066 37.640 0.000000
33535 32.367 -37.660 37.744 0.000000
33536 31.548 -37.288 37.964 0.000000
33537 30.672 -36.989 38.285 0.000000
33541 37.383 -37.165 37.313 0.000000
33542 35.752 -38.030 36.899 0.000000
33543 36.581 -37.703 37.008 0.000000
33544 34.799 -38.105 36.851 0.000000
33545 33.801 -37.931 36.855 0.000000
33546 32.760 -37.595 36.815 0.000000
33547 31.839 -37.246 37.136 0.000000
33553 36.216 -37.551 36.419 0.000000
33554 35.418 -37.485 36.197 0.000000
33555 34.375 -37.505 36.225 0.000000
33556 33.439 -37.382 36.186 0.000000
34269 36.409 -36.737 45.098 0.000000
34280 35.983 -36.566 44.087 0.000000
34281 26.927 -36.989 43.871 0.000000
34282 26.257 -37.133 43.367 0.000000
34292 37.263 -36.387 43.088 0.000000
34293 37.912 -36.198 43.433 0.000000
34294 36.627 -36.489 43.512 0.000000
34295 28.195 -37.101 42.527 0.000000
34296 27.418 -36.988 42.461 0.000000
34297 26.303 -37.058 42.570 0.000000
34298 25.075 -37.252 42.673 0.000000
34299 24.194 -37.418 42.329 0.000000
34304 37.386 -36.714 42.267 0.000000
34305 38.021 -36.154 41.959 0.000000
34306 28.626 -37.039 41.677 0.000000
34307 27.772 -36.801 41.754 0.000000
34308 27.126 -36.739 41.767 0.000000
34309 24.889 -37.109 41.953 0.000000
34310 24.368 -37.023 41.590 0.000000
34311 23.555 -37.241 41.486 0.000000
34318 37.754 -36.190 40.812 0.000000
34319 38.413 -35.540 41.309 0.000000
34320 28.693 -36.898 40.719 0.000000
34321 27.960 -36.692 40.993 0.000000
34322 27.332 -36.538 41.172 0.000000
34323 26.812 -36.530 41.317 0.000000
34324 26.124 -36.487 41.146 0.000000
34325 25.607 -36.401 40.450 0.000000
34326 24.177 -36.846 40.869 0.000000
34327 23.387 -36.993 40.591 0.000000
34328 22.252 -37.319 40.759 0.000000
34333 37.893 -36.485 39.810 0.000000
34334 38.326 -35.729 40.287 0.000000
34335 28.794 -36.682 40.063 0.000000
34336 28.139 -36.538 40.189 0.000000
34337 27.468 -36.427 40.409 0.000000
34338 24.782 -36.503 40.263 0.000000
34339 23.906 -36.707 39.947 0.000000
34340 24.488 -36.305 39.331 0.000000
34341 23.043 -36.867 39.745 0.000000
34342 22.130 -37.022 39.780 0.000000
34349 37.964 -36.711 38.846 0.000000
34350 38.408 -35.902 39.313 0.000000
34351 29.915 -36.909 38.944 0.000000
34352 29.037 -36.574 38.757 0.000000
34366 37.876 -36.801 38.005 0.000000
34367 38.408 -36.022 38.218 0.000000
34368 31.042 -36.930 37.424 0.000000
34369 30.349 -36.737 37.614 0.000000
34379 38.016 -36.424 37.312 0.000000
34380 36.943 -36.992 36.449 0.000000
34381 37.647 -36.601 36.721 0.000000
34383 31.269 -36.818 36.602 0.000000
34389 36.821 -36.468 35.860 0.000000
34390 37.572 -36.190 36.093 0.000000
34391 36.220 -37.003 35.941 0.000000
35078 39.186 -36.223 43.411 0.000000
35088 39.133 -35.716 43.010 0.000000
35089 39.865 -35.675 43.139 0.000000
35090 38.396 -35.958 42.845 0.000000
35098 39.979 -34.546 42.229 0.000000
35099 38.772 -35.468 42.321 0.000000
35105 39.137 -34.887 41.635 0.000000
35106 26.863 -36.378 40.723 0.000000
35107 26.318 -36.340 40.276 0.000000
35115 38.817 -35.220 39.851 0.000000
35116 39.229 -34.695 40.514 0.000000
35117 27.652 -36.205 39.506 0.000000
35118 26.245 -36.142 39.564 0.000000
35119 25.451 -36.197 39.617 0.000000
35124 38.965 -35.305 38.906 0.000000
35125 39.350 -34.674 39.549 0.000000
35126 28.392 -36.460 39.409 0.000000
35127 27.570 -35.818 38.733 0.000000
35128 26.961 -35.564 38.555 0.000000
35129 25.937 -35.790 38.911 0.000000
35130 25.059 -35.792 38.778 0.000000
35142 38.984 -35.191 37.913 0.000000
35143 39.398 -34.591 38.626 0.000000
35144 28.939 -36.078 37.871 0.000000
35145 28.030 -35.657 37.997 0.000000
35146 27.308 -35.394 37.975 0.000000
35147 26.635 -35.124 37.797 0.000000
35148 26.327 -35.384 38.352 0.000000
35161 38.100 -36.015 36.637 0.000000
35162 38.931 -34.999 37.007 0.000000
35171 38.199 -35.528 36.104 0.000000
35172 38.737 -34.921 36.257 0.000000
35920 40.333 -35.036 42.754 0.000000
35928 40.770 -34.404 42.413 0.000000
35937 40.378 -33.967 41.820 0.000000
35938 39.727 -34.284 41.237 0.000000
35944 39.831 -34.228 40.218 0.000000
35954 39.833 -33.987 39.275 0.000000
35961 39.911 -33.560 37.852 0.000000
35971 39.453 -34.374 37.606 0.000000
35972 39.714 -33.728 36.996 0.000000
35986 39.260 -34.352 36.621 0.000000
35987 38.987 -34.247 35.863 0.000000
35993 38.285 -34.851 35.555 0.000000
35994 38.592 -33.996 35.160 0.000000
36771 41.305 -33.172 41.678 0.000000
36772 40.125 -33.699 40.928 0.000000
36773 40.671 -33.366 41.467 0.000000
36794 40.240 -33.636 40.033 0.000000
36795 40.571 -32.945 39.904 0.000000
36809 40.093 -33.406 38.689 0.000000
36810 40.491 -32.794 39.068 0.000000
36823 40.390 -32.794 38.078 0.000000
36837 40.111 -33.165 37.306 0.000000
36838 39.924 -33.083 36.655 0.000000
36852 39.451 -33.648 36.259 0.000000
36853 39.621 -32.907 35.983 0.000000
36863 39.163 -33.455 35.550 0.000000
36864 38.806 -33.196 34.850 0.000000
36890 38.220 -33.686 34.429 0.000000
36891 38.471 -32.919 34.146 0.000000
37591 40.966 -32.145 39.758 0.000000
37601 40.790 -32.065 38.722 0.000000
37615 40.670 -31.929 37.786 0.000000
37630 40.366 -32.497 37.179 0.000000
37631 40.556 -31.590 36.908 0.000000
37640 40.079 -32.311 36.430 0.000000
37641 39.773 -32.253 35.795 0.000000
37667 39.356 -32.589 35.267 0.000000
37668 39.394 -31.920 34.788 0.000000
37689 38.996 -32.433 34.534 0.000000
37690 38.772 -32.231 33.904 0.000000
37701 38.278 -32.513 33.346 0.000000
38343 41.210 -31.315 39.310 0.000000
38344 41.679 -30.476 39.612 0.000000
38358 41.201 -30.481 38.766 0.000000
38359 40.913 -31.254 38.358 0.000000
38370 40.761 -30.716 37.161 0.000000
38390 40.084 -31.536 35.967 0.000000
38391 40.512 -30.805 36.360 0.000000
38409 40.155 -30.639 35.506 0.000000
38410 39.699 -31.154 34.839 0.000000
38425 39.280 -31.606 34.093 0.000000
38426 39.581 -30.715 34.037 0.000000
38434 39.266 -30.359 33.300 0.000000
38435 38.850 -31.063 32.947 0.000000
39078 43.189 -29.472 41.041 0.000000
39082 42.438 -29.748 40.658 0.000000
39083 42.000 -29.739 39.984 0.000000
39091 41.604 -29.757 39.134 0.000000
39104 41.219 -29.682 38.227 0.000000
39105 40.923 -29.980 37.404 0.000000
39114 40.741 -30.197 36.751 0.000000
39135 40.588 -30.007 36.085 0.000000
39143 40.249 -29.694 35.370 0.000000
39144 39.917 -30.223 34.699 0.000000
39155 39.672 -29.821 33.936 0.000000
39164 39.312 -29.413 33.213 0.000000
39906 42.494 -29.007 40.303 0.000000
39916 42.066 -28.421 39.552 0.000000
39917 41.684 -28.975 38.812 0.000000
39924 41.482 -28.793 37.928 0.000000
39930 41.180 -29.329 37.466 0.000000
39931 40.902 -29.442 36.736 0.000000
39947 40.533 -29.169 36.025 0.000000
39954 40.134 -28.788 35.369 0.000000
39955 39.884 -29.286 34.681 0.000000
39961 39.729 -28.846 33.890 0.000000
39976 39.271 -28.366 33.287 0.000000
39977 38.973 -28.850 32.778 0.000000
40767 42.783 -27.975 40.335 0.000000
40774 42.262 -27.568 39.453 0.000000
40779 41.405 -27.988 37.573 0.000000
40784 41.244 -28.710 37.100 0.000000
40799 41.023 -27.923 36.674 0.000000
40800 40.515 -28.311 35.973 0.000000
40807 40.193 -27.910 35.287 0.000000
40808 39.918 -28.375 34.629 0.000000
40815 39.741 -27.912 33.826 0.000000
40826 39.029 -27.364 33.233 0.000000
40827 38.813 -28.007 32.667 0.000000
40836 38.190 -27.773 31.956 0.000000
41544 42.030 -27.236 38.709 0.000000
41545 41.711 -27.306 37.952 0.000000
41550 41.353 -27.255 37.185 0.000000
41565 40.691 -27.382 35.889 0.000000
41579 40.298 -27.078 35.135 0.000000
41580 40.068 -27.542 34.480 0.000000
41588 39.712 -27.109 33.720 0.000000
41596 39.096 -26.530 33.235 0.000000
41597 38.034 -26.792 32.183 0.000000
41598 38.580 -26.575 32.717 0.000000
41599 38.022 -26.035 32.268 0.000000
41614 37.334 -26.357 31.765 0.000000
42291 42.665 -26.677 39.205 0.000000
42298 42.126 -26.688 38.207 0.000000
42299 42.633 -26.105 38.299 0.000000
42304 42.115 -26.097 37.665 0.000000
42305 41.715 -25.994 37.087 0.000000
42312 41.047 -26.585 36.123 0.000000
42313 41.431 -25.911 36.394 0.000000
42328 41.037 -25.848 35.611 0.000000
42329 40.222 -26.774 34.315 0.000000
42330 40.537 -26.274 34.957 0.000000
42337 40.354 -25.977 34.194 0.000000
42338 39.813 -26.348 33.665 0.000000
42345 39.320 -25.817 33.242 0.000000
42346 38.653 -25.923 32.799 0.000000
42356 37.346 -25.864 31.705 0.000000
43133 42.119 -25.597 37.259 0.000000
43134 42.452 -25.061 37.113 0.000000
43145 41.859 -25.340 36.737 0.000000
43146 41.503 -25.151 36.057 0.000000
43157 41.198 -24.602 34.904 0.000000
43158 40.808 -25.388 34.779 0.000000
43165 40.439 -25.333 33.925 0.000000
43170 39.013 -25.387 32.761 0.000000
43171 38.433 -25.639 32.376 0.000000
43172 38.549 -25.417 32.138 0.000000
43182 37.965 -25.595 31.919 0.000000
43183 37.471 -25.613 31.450 0.000000
43865 42.843 -23.751 36.378 0.000000
43866 42.161 -24.533 36.386 0.000000
43877 42.198 -23.780 35.677 0.000000
43878 41.679 -23.941 34.959 0.000000
43887 41.209 -24.095 34.167 0.000000
43888 40.536 -24.693 33.486 0.000000
43892 39.766 -24.821 32.855 0.000000
43901 39.221 -24.945 32.212 0.000000
43902 37.863 -25.328 31.416 0.000000
43903 38.631 -25.117 31.659 0.000000
43909 38.185 -24.994 31.125 0.000000
43910 37.331 -25.122 30.821 0.000000
43934 39.965 -24.325 28.634 0.000000
43935 39.782 -24.251 29.494 0.000000
43936 39.360 -24.457 28.879 0.000000
43937 38.940 -24.348 29.476 0.000000
43939 38.402 -24.373 30.076 0.000000
43957 39.196 -24.313 28.191 0.000000
43958 39.840 -23.912 27.857 0.000000
44586 42.985 -22.928 35.658 0.000000
44587 43.652 -22.612 36.368 0.000000
44595 42.192 -23.252 34.951 0.000000
44596 42.603 -22.523 34.740 0.000000
44604 42.063 -22.923 34.211 0.000000
44605 40.925 -23.867 33.246 0.000000
44606 41.506 -23.346 33.741 0.000000
44614 40.837 -23.280 32.009 0.000000
44615 41.268 -23.156 32.823 0.000000
44616 40.597 -23.738 32.453 0.000000
44626 40.216 -23.738 31.782 0.000000
44627 40.545 -23.435 31.471 0.000000
44628 39.495 -24.414 31.636 0.000000
44635 40.001 -23.743 31.251 0.000000
44636 39.395 -24.258 30.961 0.000000
44637 38.676 -24.582 30.751 0.000000
44643 40.706 -23.628 30.051 0.000000
44644 41.615 -23.672 29.416 0.000000
44645 41.479 -23.341 30.387 0.000000
44646 39.924 -23.763 30.458 0.000000
44647 39.148 -24.124 30.251 0.000000
44669 41.915 -23.528 28.701 0.000000
44670 42.635 -23.002 28.709 0.000000
44671 42.378 -23.399 29.235 0.000000
44672 40.654 -24.097 29.179 0.000000
44679 41.918 -23.012 28.123 0.000000
44680 41.286 -23.521 28.116 0.000000
44681 40.613 -23.917 28.326 0.000000
44690 41.213 -22.908 27.602 0.000000
44691 39.698 -23.209 27.303 0.000000
45370 44.405 -21.554 36.232 0.000000
45378 43.701 -21.985 35.825 0.000000
45379 43.119 -22.113 35.151 0.000000
45380 43.530 -21.498 35.042 0.000000
45388 43.024 -21.842 34.463 0.000000
45389 41.925 -22.718 33.430 0.000000
45390 42.480 -22.280 33.945 0.000000
45399 41.922 -22.577 32.562 0.000000
45400 42.515 -22.203 33.083 0.000000
45410 41.984 -22.519 31.634 0.000000
45411 42.592 -22.099 32.121 0.000000
45412 41.259 -23.030 31.321 0.000000
45417 42.694 -22.079 31.090 0.000000
45418 43.717 -22.161 30.704 0.000000
45419 43.404 -21.815 31.677 0.000000
45420 42.134 -22.791 30.754 0.000000
45440 43.824 -22.501 29.966 0.000000
45441 44.346 -21.907 29.618 0.000000
45442 44.598 -21.939 30.392 0.000000
45443 43.079 -22.782 30.243 0.000000
45444 42.387 -23.292 29.883 0.000000
45453 43.025 -22.950 29.501 0.000000
45454 43.548 -22.384 29.267 0.000000
45460 43.116 -22.202 28.465 0.000000
45461 42.430 -22.438 28.089 0.000000
45467 41.824 -22.291 27.653 0.000000
45468 41.052 -22.019 27.333 0.000000
45469 40.380 -22.627 27.257 0.000000
46176 44.161 -21.289 35.551 0.000000
46177 44.675 -20.771 35.288 0.000000
46185 44.033 -21.031 34.925 0.000000
46186 43.041 -21.710 33.603 0.000000
46195 43.172 -21.733 32.664 0.000000
46196 43.658 -21.146 33.162 0.000000
46203 43.947 -21.383 32.225 0.000000
46204 44.781 -21.091 31.808 0.000000
46210 45.264 -21.616 31.059 0.000000
46211 45.786 -20.979 30.784 0.000000
46212 45.674 -20.870 31.522 0.000000
46213 44.369 -21.733 31.280 0.000000
46233 45.204 -21.431 30.327 0.000000
46240 44.304 -21.227 29.153 0.000000
46241 43.744 -21.623 28.867 0.000000
46247 43.201 -21.123 28.205 0.000000
46248 42.427 -21.552 27.730 0.000000
46254 41.806 -20.745 27.309 0.000000
46255 41.000 -21.091 27.104 0.000000
46920 45.115 -20.176 34.985 0.000000
46927 44.892 -20.053 34.061 0.000000
46928 45.572 -19.595 34.640 0.000000
46929 44.426 -20.622 34.488 0.000000
46939 44.798 -20.050 33.158 0.000000
46940 45.453 -19.653 33.701 0.000000
46941 44.363 -20.704 32.710 0.000000
46949 46.772 -19.873 31.633 0.000000
46950 46.197 -20.186 32.197 0.000000
46951 45.191 -20.438 32.357 0.000000
46957 46.350 -20.399 31.189 0.000000
46973 46.161 -20.168 30.503 0.000000
46974 45.491 -20.680 30.115 0.000000
46980 44.993 -20.285 29.633 0.000000
46981 44.438 -20.435 29.184 0.000000
46982 43.817 -20.702 28.694 0.000000
46988 43.204 -20.047 28.237 0.000000
46989 42.562 -20.441 27.688 0.000000
46994 41.904 -19.801 27.307 0.000000
47640 46.603 -19.632 35.931 0.000000
47656 46.091 -19.118 34.275 0.000000
47663 46.906 -18.985 33.794 0.000000
47665 46.204 -19.558 33.231 0.000000
47673 47.037 -19.513 32.578 0.000000
47674 47.762 -18.839 33.297 0.000000
47687 47.263 -19.309 31.602 0.000000
47688 46.719 -19.660 30.960 0.000000
47701 46.311 -19.153 30.463 0.000000
47702 45.431 -19.520 29.970 0.000000
47703 44.784 -18.454 29.635 0.000000
47710 44.578 -19.473 29.348 0.000000
47711 43.834 -19.684 28.818 0.000000
47719 43.262 -19.031 28.299 0.000000
47720 42.617 -19.423 27.722 0.000000
48427 48.406 -18.486 32.745 0.000000
48428 48.753 -17.700 32.499 0.000000
48444 48.183 -17.483 31.628 0.000000
48445 47.252 -17.833 31.088 0.000000
48446 47.022 -18.809 31.002 0.000000
48454 46.424 -18.094 30.608 0.000000
48455 45.584 -18.282 30.137 0.000000
48456 45.053 -17.543 29.818 0.000000
48463 44.007 -18.566 28.884 0.000000
48464 44.492 -17.683 29.149 0.000000
48472 43.874 -17.635 28.515 0.000000
48473 43.388 -18.214 28.276 0.000000
48484 42.716 -18.413 27.673 0.000000
49192 48.818 -16.741 32.240 0.000000
49199 48.156 -16.287 31.561 0.000000
49200 47.194 -16.668 31.045 0.000000
49201 46.563 -17.247 30.735 0.000000
49207 45.898 -17.232 30.213 0.000000
49208 45.445 -16.779 29.643 0.000000
49214 44.876 -17.069 29.281 0.000000
49215 44.407 -16.996 28.711 0.000000
49221 43.787 -16.984 28.097 0.000000
49222 43.294 -17.018 27.340 0.000000
49961 48.847 -15.762 32.111 0.000000
49966 48.319 -15.441 31.499 0.000000
49967 47.553 -15.616 31.075 0.000000
49968 46.662 -15.762 30.522 0.000000
49976 45.981 -16.273 30.105 0.000000
49977 46.184 -15.556 29.883 0.000000
49984 45.796 -16.076 29.443 0.000000
49985 45.114 -16.451 28.877 0.000000
49997 43.916 -16.614 27.585 0.000000
49998 44.458 -16.504 28.154 0.000000
50006 43.682 -16.539 26.727 0.000000
50007 44.508 -16.189 27.357 0.000000
50008 42.805 -16.948 26.471 0.000000
50015 43.117 -16.580 25.757 0.000000
50800 49.849 -14.283 32.801 0.000000
50801 49.047 -14.801 31.860 0.000000
50807 48.128 -14.891 31.068 0.000000
50808 47.325 -14.986 30.573 0.000000
50814 46.692 -15.015 30.083 0.000000
50822 45.741 -15.805 28.725 0.000000
50823 46.391 -15.033 29.450 0.000000
50832 45.743 -15.421 28.045 0.000000
50833 46.390 -14.859 28.028 0.000000
50834 45.095 -15.946 28.098 0.000000
50841 45.922 -15.192 27.209 0.000000
50842 45.236 -15.689 27.303 0.000000
50853 45.105 -15.536 25.699 0.000000
50854 45.694 -15.261 26.230 0.000000
50855 44.401 -15.926 25.587 0.000000
51573 47.905 -14.359 30.554 0.000000
51574 48.815 -14.363 31.129 0.000000
51579 47.806 -14.002 30.027 0.000000
51580 48.650 -13.896 30.398 0.000000
51581 47.298 -14.465 30.056 0.000000
51590 47.451 -14.101 29.301 0.000000
51591 48.301 -13.711 29.511 0.000000
51592 46.765 -14.619 28.824 0.000000
51600 47.403 -14.238 28.253 0.000000
51601 48.140 -13.810 28.618 0.000000
51602 46.999 -14.553 27.662 0.000000
51610 55.161 -13.231 27.667 0.000000
51611 47.646 -14.354 27.346 0.000000
51612 48.392 -14.154 27.056 0.000000
51613 47.129 -14.691 26.886 0.000000
51614 46.461 -14.939 26.541 0.000000
51622 49.096 -13.948 26.910 0.000000
51623 47.896 -14.621 26.507 0.000000
51624 47.175 -14.827 26.005 0.000000
51625 46.350 -14.986 25.575 0.000000
51632 48.700 -14.569 25.132 0.000000
51633 49.389 -14.038 25.442 0.000000
51634 48.007 -14.775 25.589 0.000000
51635 47.168 -14.870 24.924 0.000000
51636 46.094 -15.047 24.490 0.000000
51639 48.441 -14.522 24.259 0.000000
51640 49.194 -14.109 24.503 0.000000
51641 47.634 -14.709 24.098 0.000000
51642 46.803 -14.801 23.909 0.000000
51649 48.825 -14.084 23.602 0.000000
51650 48.011 -14.398 23.456 0.000000
51651 48.279 -13.968 22.802 0.000000
51652 46.705 -14.244 22.669 0.000000
51660 47.481 -14.132 22.729 0.000000
51661 46.130 -13.802 22.257 0.000000
52342 50.117 -13.358 31.669 0.000000
52348 50.293 -13.083 30.286 0.000000
52349 51.426 -12.687 31.053 0.000000
52350 49.253 -13.448 29.793 0.000000
52357 54.722 -12.369 29.003 0.000000
52359 49.967 -13.041 29.279 0.000000
52360 51.160 -12.725 29.883 0.000000
52361 48.964 -13.347 28.889 0.000000
52366 55.112 -12.272 28.229 0.000000
52367 49.786 -13.236 28.271 0.000000
52368 50.795 -12.749 28.756 0.000000
52369 48.936 -13.849 27.837 0.000000
52374 55.188 -12.210 27.367 0.000000
52375 49.688 -13.492 27.284 0.000000
52376 50.516 -12.941 27.687 0.000000
52385 49.604 -13.691 26.334 0.000000
52390 49.882 -13.494 24.825 0.000000
52391 50.494 -12.816 25.231 0.000000
52397 49.733 -13.545 23.766 0.000000
52398 50.472 -12.888 24.338 0.000000
52404 49.815 -13.139 22.830 0.000000
52405 50.440 -12.805 23.456 0.000000
52406 49.107 -13.696 22.833 0.000000
52412 50.102 -12.901 22.030 0.000000
52413 49.297 -13.324 22.048 0.000000
52414 49.459 -12.873 21.306 0.000000
52415 47.697 -13.709 22.109 0.000000
52416 46.909 -13.706 22.133 0.000000
52422 48.582 -13.176 21.372 0.000000
52423 47.724 -12.743 20.978 0.000000
52424 47.200 -13.199 21.559 0.000000
53126 52.330 -12.203 30.539 0.000000
53133 52.952 -11.794 30.024 0.000000
53134 51.987 -12.289 29.423 0.000000
53139 54.417 -11.505 28.459 0.000000
53140 53.465 -11.325 28.754 0.000000
53141 52.730 -11.857 29.064 0.000000
53142 51.679 -12.372 28.211 0.000000
53148 54.863 -11.564 27.741 0.000000
53149 52.028 -12.008 27.405 0.000000
53150 52.944 -11.243 27.744 0.000000
53151 51.122 -12.697 27.059 0.000000
53159 54.969 -11.202 26.877 0.000000
53160 52.437 -11.514 26.777 0.000000
53161 51.524 -12.215 26.484 0.000000
53167 55.166 -11.288 25.898 0.000000
53168 51.059 -12.101 24.836 0.000000
53169 51.838 -11.433 25.352 0.000000
53177 50.984 -12.046 23.961 0.000000
53178 51.769 -11.296 24.440 0.000000
53183 50.940 -12.083 23.089 0.000000
53184 51.637 -11.270 23.501 0.000000
53189 50.763 -12.216 22.218 0.000000
53195 49.522 -12.266 20.622 0.000000
53196 50.332 -12.379 21.361 0.000000
53197 48.617 -12.585 20.722 0.000000
53198 47.415 -11.914 20.774 0.000000
53204 48.659 -11.897 20.210 0.000000
53205 47.987 -12.121 20.485 0.000000
53928 53.748 -10.959 27.992 0.000000
53935 54.334 -10.985 27.522 0.000000
53936 53.483 -10.808 27.039 0.000000
53943 54.327 -10.758 26.737 0.000000
53944 53.783 -10.775 25.979 0.000000
53945 52.700 -11.022 26.060 0.000000
53950 54.633 -10.896 25.949 0.000000
53951 54.113 -10.730 25.042 0.000000
53952 52.925 -10.760 25.016 0.000000
53958 54.593 -10.835 24.080 0.000000
53959 54.213 -10.751 24.143 0.000000
53960 52.605 -10.692 23.906 0.000000
53961 53.619 -10.580 24.121 0.000000
53966 55.159 -10.285 23.136 0.000000
53968 52.290 -10.524 23.015 0.000000
53969 53.245 -10.265 23.324 0.000000
53973 55.576 -10.573 22.595 0.000000
53974 52.077 -10.886 22.189 0.000000
53975 52.992 -10.324 22.707 0.000000
53976 51.176 -11.586 21.585 0.000000
53979 55.475 -11.014 21.157 0.000000
53980 55.134 -10.816 22.248 0.000000
53981 54.722 -11.065 21.426 0.000000
53982 54.486 -10.757 22.159 0.000000
53983 53.879 -11.047 21.514 0.000000
53984 53.814 -10.496 22.420 0.000000
53985 51.240 -11.580 20.731 0.000000
53990 55.968 -10.932 20.370 0.000000
53991 54.816 -10.877 20.660 0.000000
53992 53.906 -10.624 20.151 0.000000
53993 51.917 -11.445 20.184 0.000000
53994 50.800 -11.564 19.937 0.000000
53999 55.661 -10.956 19.232 0.000000
54000 52.735 -11.047 19.814 0.000000
54001 51.478 -11.120 19.421 0.000000
54002 50.306 -11.087 19.307 0.000000
54006 55.665 -11.061 18.279 0.000000
54015 55.454 -10.733 17.569 0.000000
54730 54.054 -10.368 23.481 0.000000
54735 54.570 -10.223 23.118 0.000000
54736 53.907 -10.218 23.004 0.000000
54742 55.046 -10.301 22.825 0.000000
54743 54.557 -10.364 22.754 0.000000
54748 55.397 -10.800 20.350 0.000000
54749 54.688 -10.548 19.988 0.000000
54753 55.145 -10.617 19.723 0.000000
54754 54.333 -10.000 19.311 0.000000
54755 54.076 -10.029 19.513 0.000000
54756 53.286 -10.323 19.430 0.000000
54757 52.158 -10.584 19.036 0.000000
54758 52.706 -9.747 18.807 0.000000
54759 50.981 -10.509 18.736 0.000000
54765 54.577 -9.704 18.694 0.000000
54766 55.002 -10.471 18.814 0.000000
54767 51.902 -9.258 18.317 0.000000
54768 51.029 -9.627 18.393 0.000000
54769 50.340 -9.839 18.693 0.000000
54775 55.004 -10.049 17.935 0.000000
55517 53.915 -9.028 19.055 0.000000
55518 53.695 -9.352 19.189 0.000000
55523 54.171 -8.895 18.806 0.000000
55524 54.200 -8.076 18.617 0.000000
55525 53.111 -8.811 18.640 0.000000
55526 51.911 -8.296 18.162 0.000000
55527 51.152 -8.918 18.280 0.000000
55531 54.724 -9.062 18.074 0.000000
55544 54.839 -8.170 17.451 0.000000
56292 54.560 -7.790 18.329 0.000000
56297 50.845 -8.321 18.388 0.000000
57100 52.184 -7.249 17.912 0.000000
89432 31.405 -37.834 40.456 0.000000
89444 30.781 -38.139 42.301 0.000000
89517 29.274 -36.794 39.574 0.000000
89585 41.703 -26.645 37.490 0.000000
89925 42.621 -25.587 37.666 0.000000
90155 38.485 -35.696 37.249 0.000000
90257 30.017 -37.866 42.551 0.000000
90370 31.807 -38.047 45.073 0.000000
90565 31.354 -38.325 44.366 0.000000
90623 32.284 -37.908 45.619 0.000000
90706 45.017 -15.692 26.447 0.000000
90818 42.089 -30.362 40.466 0.000000
90911 41.751 -28.025 38.583 0.000000
90926 43.399 -23.210 36.481 0.000000
90994 38.915 -24.765 31.269 0.000000
91074 39.931 -24.303 32.250 0.000000
91223 27.805 -37.822 45.437 0.000000
91511 41.618 -24.479 35.589 0.000000
91623 42.830 -27.228 39.975 0.000000
91636 30.742 -37.549 40.317 0.000000
91899 18.397 -40.129 46.452 0.000000
92146 19.185 -39.922 46.617 0.000000
92296 30.717 -38.005 46.509 0.000000
92566 28.178 -38.092 46.093 0.000000
92871 34.609 -37.339 44.870 0.000000
93038 25.062 -36.627 41.230 0.000000
93106 34.747 -38.726 41.574 0.000000
93400 37.790 -36.220 42.758 0.000000
93428 22.461 -38.806 45.473 0.000000
93504 18.497 -40.093 49.149 0.000000
93506 29.485 -37.768 45.438 0.000000
93515 40.547 -23.436 27.637 0.000000
93596 32.580 -38.419 41.073 0.000000
93627 27.407 -37.512 44.869 0.000000
93681 32.494 -37.906 45.020 0.000000
93782 44.369 -16.091 26.507 0.000000
93812 16.769 -40.706 51.405 0.000000
93813 9.813 -43.339 55.750 0.000000
93850 40.726 -26.642 35.536 0.000000
93859 25.490 -37.779 44.268 0.000000
93875 29.773 -36.629 38.136 0.000000
93972 17.633 -40.111 48.661 0.000000
94088 19.911 -40.607 49.337 0.000000
94234 26.420 -38.858 47.127 0.000000
94292 36.396 -38.417 38.800 0.000000
94382 26.500 -36.792 41.818 0.000000
94387 15.463 -40.534 54.022 0.000000
94393 41.939 -29.173 39.545 0.000000
94463 49.704 -13.523 30.708 0.000000
94516 46.572 -14.844 27.273 0.000000
94743 51.485 -11.378 22.596 0.000000
94783 17.600 -40.350 46.254 0.000000
94884 55.214 -10.259 16.857 0.000000
95078 9.814 -44.267 53.404 0.000000
95339 40.571 -23.407 30.894 0.000000
95535 54.001 -11.142 20.800 0.000000
95566 21.929 -39.785 48.060 0.000000
95943 36.860 -37.769 37.673 0.000000
95969 39.547 -35.121 42.679 0.000000
96092 49.966 -13.341 25.678 0.000000
96224 11.057 -43.441 52.371 0.000000
96455 13.543 -41.170 53.897 0.000000
96588 41.446 -22.918 32.103 0.000000
96615 26.669 -35.825 39.002 0.000000
96639 51.180 -12.192 25.667 0.000000
96683 45.501 -19.918 32.911 0.000000
96708 46.138 -15.155 28.754 0.000000
96719 44.253 -20.569 33.604 0.000000
96744 6.404 -49.117 53.466 0.000000
96760 55.206 -13.042 26.949 0.000000
96792 54.840 -9.270 17.066 0.000000
96839 38.717 -35.143 40.717 0.000000
96994 47.841 -18.531 31.683 0.000000
97016 20.468 -39.711 47.342 0.000000
97018 50.463 -11.894 20.651 0.000000
97025 38.592 -27.228 32.559 0.000000
97180 46.401 -16.611 30.550 0.000000
97192 21.129 -38.684 44.756 0.000000
97239 15.107 -40.776 49.433 0.000000
97322 40.951 -30.534 37.936 0.000000
97382 40.920 -24.865 34.239 0.000000
97520 40.852 -28.712 36.495 0.000000
97535 41.646 -21.536 27.387 0.000000
97536 46.293 -19.228 35.213 0.000000
97570 48.069 -14.005 27.793 0.000000
97601 47.224 -14.550 23.317 0.000000
97731 17.376 -39.832 43.757 0.000000
97936 23.789 -38.457 45.158 0.000000
98019 53.863 -8.374 18.788 0.000000
98064 40.514 -33.100 40.733 0.000000
98143 52.565 -11.755 28.255 0.000000
98260 16.969 -40.272 48.408 0.000000
98430 16.701 -40.920 52.874 0.000000
98443 15.279 -40.801 54.702 0.000000
98766 28.865 -37.697 45.323 0.000000
98928 39.725 -33.966 38.433 0.000000
99095 37.251 -36.195 43.773 0.000000
99251 26.709 -37.671 44.876 0.000000
99268 25.299 -38.675 46.448 0.000000
99271 39.779 -25.258 33.312 0.000000
99320 32.208 -38.240 44.402 0.000000
99332 13.089 -41.153 45.267 0.000000
99375 25.684 -36.996 42.010 0.000000
99690 8.387 -46.073 51.387 0.000000
99810 14.869 -40.623 53.455 0.000000
99812 16.774 -40.512 46.026 0.000000
99837 15.415 -40.501 45.007 0.000000
100068 25.730 -37.173 42.843 0.000000
100157 35.645 -38.669 40.798 0.000000
100221 22.865 -39.094 47.152 0.000000
100342 43.225 -17.597 27.863 0.000000
100467 48.492 -13.614 22.087 0.000000
100531 38.811 -31.730 33.430 0.000000
100532 39.697 -31.804 35.340 0.000000
100556 7.594 -45.719 57.608 0.000000
100843 41.366 -26.575 36.821 0.000000
100858 41.258 -23.816 28.739 0.000000
100951 50.432 -12.676 22.718 0.000000
100956 54.782 -10.890 25.009 0.000000
101042 49.421 -13.892 31.164 0.000000
101096 16.435 -40.390 45.016 0.000000
101328 44.903 -21.191 29.658 0.000000
101407 22.652 -38.141 44.235 0.000000
101442 14.804 -40.850 50.181 0.000000
101664 54.114 -11.703 29.442 0.000000
101692 52.918 -10.873 21.815 0.000000
101956 27.664 -39.267 47.846 0.000000
101980 28.293 -36.076 38.673 0.000000
102165 20.528 -38.673 44.455 0.000000
102173 27.157 -35.901 39.081 0.000000
102196 39.949 -25.721 33.649 0.000000
102299 26.840 -36.974 42.312 0.000000
102317 26.934 -36.213 39.769 0.000000
102321 29.463 -37.658 42.544 0.000000
102672 43.816 -16.290 25.929 0.000000
102719 50.217 -13.123 26.746 0.000000
102753 17.712 -39.580 42.992 0.000000
102813 40.785 -31.201 37.617 0.000000
102898 51.868 -11.634 26.061 0.000000
102929 33.071 -38.665 42.413 0.000000
103157 31.304 -38.360 42.901 0.000000
103183 26.768 -39.176 47.810 0.000000
103637 43.664 -21.168 34.190 0.000000
103756 43.246 -28.661 40.779 0.000000
103777 48.807 -14.432 26.143 0.000000
103786 27.156 -37.869 45.326 0.000000
103804 23.991 -39.602 48.051 0.000000
103819 26.889 -37.105 42.998 0.000000
103953 19.814 -40.268 48.918 0.000000
103963 18.191 -41.011 50.803 0.000000
104058 40.956 -32.861 41.235 0.000000
104108 49.684 -13.881 32.056 0.000000
104264 41.188 -25.047 35.421 0.000000
104282 47.744 -19.062 32.340 0.000000
104287 46.087 -15.511 29.279 0.000000
104321 55.013 -13.200 28.404 0.000000
104497 37.762 -35.532 35.671 0.000000
104570 12.481 -42.095 52.931 0.000000
104621 39.229 -31.116 33.529 0.000000
104634 15.826 -40.915 54.426 0.000000
104673 47.915 -13.358 21.548 0.000000
104868 46.904 -14.634 29.560 0.000000
104887 16.188 -40.624 52.859 0.000000
104933 55.630 -10.935 16.789 0.000000
104963 11.196 -42.955 48.562 0.000000
105031 53.820 -8.849 18.993 0.000000
105335 53.000 -11.242 20.721 0.000000
105336 50.622 -12.833 26.112 0.000000
105366 19.871 -39.741 46.738 0.000000
105374 33.042 -38.526 43.123 0.000000
105445 28.821 -37.928 46.254 0.000000
105494 50.440 -13.057 31.169 0.000000
105526 15.139 -40.547 45.717 0.000000
105539 41.779 -31.124 40.130 0.000000
105662 22.926 -37.277 40.975 0.000000
105853 51.980 -11.238 21.200 0.000000
105996 49.623 -11.666 19.860 0.000000
106005 53.444 -11.623 29.554 0.000000
106222 18.903 -40.466 49.801 0.000000
106225 55.293 -10.599 18.176 0.000000
106275 31.082 -38.235 45.111 0.000000
106282 32.076 -38.072 40.609 0.000000
106296 15.467 -40.686 50.617 0.000000
106321 51.730 -10.009 18.547 0.000000
106375 34.326 -37.966 43.701 0.000000
106392 38.228 -25.394 31.794 0.000000
106412 45.491 -15.469 26.821 0.000000
106444 50.058 -13.231 26.197 0.000000
106486 10.775 -43.476 54.350 0.000000
106505 19.276 -38.824 42.643 0.000000
106609 27.965 -36.077 39.097 0.000000
106766 7.991 -45.188 54.858 0.000000
106873 39.899 -31.253 35.400 0.000000
107161 44.863 -21.709 29.957 0.000000
107207 46.886 -14.548 28.206 0.000000
107370 30.634 -38.142 42.952 0.000000
107418 53.387 -11.002 20.354 0.000000
107437 40.375 -24.285 32.829 0.000000
107513 20.906 -39.469 46.914 0.000000
107536 40.235 -33.363 39.370 0.000000
107714 44.801 -15.929 26.919 0.000000
107804 22.757 -37.121 40.379 0.000000
107884 55.796 -10.791 19.937 0.000000
107891 43.143 -22.719 28.960 0.000000
107921 40.246 -23.925 29.767 0.000000
107925 41.584 -31.762 40.667 0.000000
107980 35.286 -38.784 40.325 0.000000
107986 31.997 -37.640 38.417 0.000000
108003 39.093 -29.941 32.907 0.000000
108176 41.713 -23.491 34.422 0.000000
108277 41.062 -27.138 36.550 0.000000
108289 38.511 -35.430 36.614 0.000000
108312 35.218 -38.774 41.218 0.000000
108550 25.924 -36.314 39.967 0.000000
108602 48.388 -18.158 32.059 0.000000
108657 17.909 -39.665 43.669 0.000000
108855 48.019 -14.755 24.797 0.000000
108873 22.533 -39.309 47.405 0.000000
