#!ascii label  , from subject OAS1_0001-3 vox2ras=TkReg 
673
48139 21.603 -19.187 -19.494 0.125000
48159 26.211 -19.118 -20.367 0.125000
48160 22.874 -19.464 -20.636 0.250000
48161 22.079 -19.102 -20.257 0.125000
48162 21.513 -18.525 -19.778 0.125000
48163 21.118 -18.714 -19.213 0.125000
48170 25.362 -19.693 -20.837 0.125000
48171 24.758 -19.365 -21.270 0.250000
48172 24.035 -19.043 -21.401 0.375000
48173 22.733 -18.665 -20.772 0.375000
48917 22.032 -18.214 -20.359 0.250000
48918 21.464 -17.717 -19.859 0.125000
48919 20.987 -18.103 -19.297 0.125000
48927 26.536 -18.292 -20.617 0.125000
48928 25.641 -18.712 -21.096 0.250000
48929 24.862 -18.578 -21.505 0.375000
48930 25.564 -18.050 -21.699 0.375000
48931 23.448 -18.270 -21.303 0.375000
48932 22.648 -17.779 -20.827 0.375000
48939 24.817 -17.869 -21.737 0.500000
48940 24.059 -17.595 -21.539 0.500000
49670 21.370 -16.884 -19.934 0.125000
49671 20.978 -17.241 -19.343 0.125000
49681 27.009 -17.581 -21.176 0.125000
49682 27.781 -17.009 -21.291 0.125000
49683 26.211 -18.037 -21.402 0.250000
49684 23.229 -17.272 -21.270 0.500000
49685 22.406 -16.866 -20.883 0.375000
49686 21.917 -17.357 -20.422 0.250000
49696 27.161 -17.041 -22.050 0.375000
49697 26.308 -17.477 -22.032 0.375000
49698 24.676 -17.112 -21.773 0.625000
49699 23.899 -16.718 -21.506 0.500000
50477 28.420 -16.458 -21.093 0.125000
50478 28.448 -15.664 -21.359 0.125000
50479 21.931 -15.866 -20.872 0.500000
50480 21.244 -16.081 -20.108 0.125000
50488 27.741 -16.221 -21.734 0.125000
50489 27.008 -16.326 -22.372 0.375000
50490 25.800 -16.850 -22.341 0.500000
50491 25.212 -16.130 -22.529 0.625000
50492 24.524 -16.355 -21.905 0.625000
50493 23.703 -15.890 -21.659 0.625000
50494 22.651 -15.493 -21.621 0.500000
50500 26.170 -16.227 -22.573 0.625000
51277 21.110 -15.297 -20.362 0.125000
51286 27.420 -15.554 -22.187 0.125000
51287 27.176 -14.849 -22.422 0.250000
51288 24.332 -15.608 -22.245 0.625000
51289 23.438 -15.196 -22.162 0.625000
51290 22.669 -14.846 -22.072 0.625000
51291 21.989 -14.860 -21.635 0.375000
51298 26.677 -15.567 -22.595 0.250000
51299 25.803 -15.528 -22.913 0.625000
51300 24.859 -15.239 -23.027 0.750000
51301 24.089 -14.939 -22.558 0.750000
52049 27.572 -14.179 -21.973 0.125000
52050 23.323 -14.284 -22.508 0.750000
52051 22.223 -14.207 -21.991 0.750000
52052 21.443 -14.137 -21.245 0.250000
52060 26.970 -14.014 -22.620 0.250000
52061 25.547 -14.798 -23.283 0.750000
52062 26.173 -14.088 -23.234 0.500000
52063 24.723 -13.947 -23.543 0.750000
52064 23.999 -13.688 -23.068 0.750000
52065 22.478 -13.529 -22.365 0.500000
52076 25.354 -14.051 -23.559 0.750000
52804 21.712 -13.469 -21.746 0.375000
52810 27.835 -12.756 -21.883 0.125000
52811 27.193 -13.104 -22.544 0.250000
52812 26.660 -13.396 -23.051 0.250000
52813 24.386 -13.216 -23.748 0.750000
52814 23.563 -13.002 -23.271 0.750000
52815 22.625 -12.768 -22.749 0.750000
52816 21.904 -12.937 -22.170 0.500000
52828 25.934 -13.200 -23.550 0.625000
52829 25.081 -13.413 -24.025 0.750000
52830 25.501 -12.760 -24.202 0.750000
52839 24.776 -12.632 -24.466 0.750000
53594 28.537 -12.153 -21.602 0.125000
53595 21.296 -11.818 -21.714 0.125000
53610 27.964 -11.925 -22.205 0.125000
53611 26.840 -12.554 -23.180 0.375000
53612 27.055 -11.782 -23.864 0.250000
53613 23.068 -12.309 -23.466 0.750000
53614 22.327 -11.902 -22.947 0.375000
53615 21.796 -12.225 -22.254 0.375000
53623 26.276 -12.370 -24.040 0.750000
53624 26.489 -11.601 -24.501 0.625000
53625 23.876 -12.530 -23.979 0.750000
53626 23.354 -11.924 -24.063 0.750000
53627 22.717 -11.574 -23.694 0.625000
53634 25.590 -12.045 -24.667 0.750000
53635 24.880 -11.905 -24.927 0.750000
53636 24.119 -11.805 -24.531 0.875000
54379 29.197 -10.946 -21.700 0.125000
54380 28.566 -11.392 -21.858 0.125000
54381 21.465 -11.151 -22.145 0.125000
54390 28.030 -11.147 -22.507 0.125000
54391 27.603 -10.906 -23.472 0.125000
54392 22.069 -11.126 -23.232 0.500000
54393 21.726 -11.437 -22.464 0.375000
54400 27.168 -10.963 -24.428 0.500000
54401 23.214 -11.280 -24.285 0.875000
54402 22.503 -10.807 -23.903 0.625000
54409 26.580 -10.838 -24.966 0.625000
54410 25.976 -11.347 -24.948 0.750000
54411 25.355 -11.370 -25.150 0.875000
54412 24.689 -11.219 -25.076 0.875000
54413 23.920 -10.847 -24.687 0.875000
54420 25.939 -10.798 -25.378 0.875000
54421 25.204 -10.684 -25.480 0.875000
55148 28.692 -10.716 -22.154 0.125000
55160 29.071 -10.021 -22.365 0.125000
55161 28.285 -10.400 -22.819 0.125000
55162 21.966 -10.335 -23.405 0.250000
55163 21.589 -9.988 -23.128 0.125000
55171 28.014 -10.109 -23.553 0.250000
55172 27.624 -10.150 -24.273 0.375000
55173 22.426 -9.975 -23.954 0.375000
55174 21.811 -9.597 -23.636 0.250000
55181 27.301 -10.118 -25.107 0.500000
55182 24.476 -10.411 -25.255 0.875000
55183 23.710 -10.035 -24.874 1.000000
55184 23.068 -10.442 -24.412 0.750000
55188 26.622 -10.163 -25.485 0.750000
55189 25.834 -10.051 -25.697 0.875000
55190 24.955 -9.954 -25.815 0.875000
55191 24.228 -9.660 -25.468 1.000000
55919 28.618 -9.683 -23.223 0.125000
55921 21.569 -9.311 -23.451 0.125000
55926 29.012 -9.065 -23.848 0.125000
55927 28.195 -9.473 -24.088 0.250000
55928 28.706 -8.933 -24.823 0.125000
55929 22.076 -9.254 -24.273 0.625000
55930 21.544 -8.855 -23.963 0.250000
55934 27.800 -9.428 -25.627 0.625000
55935 28.360 -9.025 -25.657 0.500000
55936 22.888 -9.633 -24.572 0.750000
55937 22.629 -8.850 -24.810 0.875000
55938 21.814 -8.435 -24.466 0.750000
55942 28.063 -8.991 -26.028 0.750000
55943 27.245 -9.658 -25.621 0.875000
55944 25.570 -9.299 -26.144 1.000000
55945 24.633 -9.203 -25.990 1.000000
55946 23.987 -9.004 -25.578 1.000000
55947 23.468 -9.272 -25.122 0.875000
55951 27.461 -8.860 -26.169 0.875000
55952 26.654 -8.685 -26.308 1.000000
55953 24.944 -8.535 -26.336 1.000000
56699 21.375 -8.469 -23.949 0.125000
56708 29.370 -8.493 -24.393 0.125000
56709 21.254 -8.043 -24.177 0.125000
56712 29.530 -8.023 -24.991 0.250000
56713 29.058 -7.964 -25.775 0.500000
56714 22.367 -8.065 -25.062 0.875000
56715 21.549 -7.511 -24.670 0.375000
56719 28.556 -8.530 -26.040 0.625000
56720 24.121 -8.499 -26.039 1.000000
56721 23.290 -8.476 -25.476 0.875000
56725 28.069 -8.391 -26.324 0.750000
56726 27.246 -8.120 -26.455 1.000000
56727 26.336 -7.869 -26.521 1.000000
56728 23.562 -7.856 -26.114 1.000000
57482 30.149 -7.399 -24.499 0.125000
57483 30.612 -6.950 -24.060 0.125000
57484 21.046 -7.128 -24.126 0.125000
57489 30.267 -6.751 -24.646 0.125000
57490 29.612 -7.169 -25.202 0.375000
57491 29.359 -6.344 -25.580 0.375000
57492 22.310 -7.275 -25.358 0.875000
57496 28.898 -7.114 -25.862 0.625000
57497 28.546 -7.867 -26.254 0.750000
57498 22.916 -7.769 -25.619 0.875000
57499 22.419 -6.483 -25.761 0.875000
57500 21.658 -6.682 -25.095 0.375000
57505 27.754 -7.402 -26.475 0.875000
57506 26.852 -7.259 -26.669 1.000000
57507 26.022 -7.033 -26.879 1.000000
57508 26.474 -6.576 -26.874 1.000000
57509 24.463 -7.023 -26.975 1.000000
57510 23.114 -7.097 -26.042 1.000000
57518 25.932 -6.330 -27.090 1.000000
57519 25.217 -6.590 -27.281 1.000000
58284 30.942 -5.970 -23.714 0.125000
58285 30.648 -6.340 -24.195 0.125000
58290 20.415 -5.625 -24.098 0.125000
58295 30.312 -6.015 -24.739 0.125000
58296 29.831 -5.722 -25.256 0.125000
58297 20.835 -6.249 -24.379 0.125000
58298 20.631 -5.478 -24.505 0.125000
58302 29.212 -5.486 -25.795 0.500000
58303 28.604 -6.139 -26.201 0.625000
58304 22.429 -5.738 -26.275 1.000000
58305 21.740 -5.875 -25.508 0.750000
58306 21.159 -6.034 -24.763 0.375000
58310 27.844 -6.382 -26.571 0.875000
58311 27.119 -6.516 -26.751 0.875000
58312 23.826 -6.570 -26.903 1.000000
58313 23.126 -6.310 -26.539 1.000000
58320 26.453 -5.865 -27.053 1.000000
58321 25.543 -5.746 -27.504 1.000000
58322 24.472 -6.133 -27.417 1.000000
58323 23.654 -5.830 -27.163 1.000000
59085 30.670 -5.545 -24.311 0.125000
59092 20.269 -4.886 -24.266 0.250000
59096 30.738 -4.638 -24.491 0.125000
59097 30.308 -5.178 -24.921 0.125000
59098 20.522 -4.851 -24.664 0.250000
59101 29.799 -4.889 -25.461 0.125000
59102 29.036 -4.620 -25.822 0.500000
59103 28.547 -5.207 -26.290 0.625000
59104 21.768 -5.132 -26.107 0.875000
59105 21.072 -5.177 -25.159 0.375000
59109 27.950 -4.861 -26.558 0.875000
59110 27.336 -5.086 -26.826 0.875000
59111 26.585 -4.484 -27.012 1.000000
59112 22.562 -5.027 -26.755 1.000000
59118 26.103 -5.092 -27.387 1.000000
59119 24.169 -5.295 -27.619 1.000000
59120 23.347 -4.994 -27.337 1.000000
59818 30.861 -3.744 -24.722 0.125000
59819 30.372 -4.296 -25.158 0.125000
59822 20.242 -4.306 -24.537 0.125000
59823 19.833 -3.665 -24.451 0.375000
59829 29.769 -4.065 -25.499 0.125000
59830 29.074 -3.857 -25.641 0.500000
59831 27.878 -4.235 -26.215 0.750000
59832 28.462 -4.094 -25.885 0.625000
59833 27.220 -3.555 -26.140 1.000000
59834 21.279 -3.703 -26.125 1.000000
59835 20.642 -4.445 -25.125 0.250000
59841 27.281 -4.364 -26.572 0.875000
59842 22.817 -4.422 -27.166 1.000000
59843 22.043 -4.250 -26.604 1.000000
59847 25.792 -4.174 -27.489 1.000000
59848 25.091 -3.913 -27.825 1.000000
59849 24.306 -3.729 -27.792 1.000000
59850 23.442 -4.110 -27.558 1.000000
60540 19.262 -3.014 -24.144 0.125000
60544 30.340 -3.494 -25.090 0.125000
60547 19.980 -3.135 -25.103 0.375000
60548 19.427 -2.872 -24.457 0.250000
60552 29.440 -3.220 -25.272 0.125000
60553 28.539 -3.393 -25.593 0.625000
60554 27.740 -2.907 -25.713 0.750000
60555 20.467 -2.605 -25.739 0.625000
60561 26.471 -3.050 -26.526 1.000000
60562 26.158 -3.534 -27.133 1.000000
60563 21.992 -3.233 -26.731 1.000000
60564 21.858 -2.319 -26.845 1.000000
60565 21.186 -2.878 -26.278 0.875000
60571 25.478 -3.266 -27.576 1.000000
60572 24.881 -3.074 -27.779 1.000000
60573 24.323 -2.787 -27.715 1.000000
60574 23.696 -2.305 -27.584 1.000000
60575 22.772 -2.623 -27.341 1.000000
61303 19.263 -2.190 -24.342 0.125000
61306 30.142 -2.770 -24.765 0.125000
61307 29.355 -2.349 -24.920 0.375000
61311 19.388 -2.130 -24.685 0.250000
61314 28.606 -2.626 -25.374 0.625000
61315 27.874 -2.124 -25.550 0.625000
61316 26.372 -2.163 -26.437 1.000000
61317 27.057 -1.821 -25.865 1.000000
61318 20.268 -1.815 -25.775 0.500000
61319 19.758 -2.380 -25.167 0.500000
61324 25.836 -2.588 -27.141 1.000000
61325 25.763 -1.684 -26.810 1.000000
61326 25.353 -2.009 -27.292 1.000000
61327 21.739 -1.448 -26.861 1.000000
61328 20.990 -2.055 -26.433 0.750000
61331 25.173 -2.550 -27.571 1.000000
61332 24.403 -2.054 -27.569 1.000000
61333 22.478 -1.702 -27.302 1.000000
61976 18.573 -0.157 -23.915 0.125000
61980 30.318 -1.525 -24.278 0.125000
61981 28.572 -1.859 -25.186 0.625000
61982 29.254 -1.508 -24.550 0.250000
61983 28.327 -1.271 -24.871 0.625000
61988 19.221 -1.469 -24.525 0.250000
61991 27.764 -1.440 -25.400 0.625000
61992 27.044 -0.851 -25.748 0.875000
61993 26.384 -1.294 -26.279 1.000000
61994 20.149 -0.935 -25.687 0.625000
61995 19.580 -1.603 -25.158 0.375000
61998 25.749 -0.739 -26.627 1.000000
61999 25.182 -1.264 -27.224 1.000000
62000 21.680 -0.574 -26.827 0.875000
62001 20.891 -1.198 -26.399 1.000000
62004 24.584 -1.352 -27.477 1.000000
62005 23.818 -1.423 -27.584 1.000000
62006 23.031 -1.135 -27.559 1.000000
62007 22.382 -0.875 -27.321 1.000000
62670 29.674 -0.709 -23.926 0.250000
62671 29.683 0.197 -23.594 0.250000
62672 28.712 0.063 -23.907 0.375000
62677 18.487 0.279 -23.996 0.250000
62680 27.721 -0.736 -25.022 0.625000
62681 27.719 0.124 -24.622 0.625000
62682 27.182 -0.190 -25.301 0.750000
62686 19.279 0.428 -25.089 0.500000
62687 18.856 -0.607 -24.246 0.125000
62690 26.652 -0.067 -25.798 0.875000
62691 26.091 0.053 -26.261 1.000000
62692 20.648 0.583 -26.186 1.000000
62693 19.307 -0.615 -24.988 0.500000
62696 25.465 0.151 -26.700 1.000000
62697 24.715 -0.612 -27.359 1.000000
62698 25.198 -0.465 -27.059 1.000000
62699 24.851 0.163 -27.148 1.000000
62700 21.524 0.287 -26.720 1.000000
62701 20.784 -0.315 -26.324 0.875000
62708 24.161 0.042 -27.521 1.000000
62709 23.315 0.157 -27.539 1.000000
62710 22.438 0.055 -27.283 1.000000
63310 29.859 0.902 -23.271 0.250000
63311 28.922 0.848 -23.515 0.375000
63312 28.056 0.861 -24.037 0.500000
63320 27.288 1.065 -24.688 0.875000
63321 26.828 0.579 -25.304 0.875000
63325 19.157 1.418 -24.859 0.500000
63326 18.584 1.035 -24.232 0.500000
63330 26.281 1.090 -25.696 1.000000
63331 25.725 0.912 -26.122 1.000000
63332 20.547 1.493 -25.993 0.625000
63333 19.845 0.984 -25.594 0.875000
63339 24.987 0.912 -26.601 1.000000
63340 24.413 0.887 -27.189 1.000000
63341 22.157 0.951 -26.981 1.000000
63342 21.296 1.131 -26.545 0.750000
63344 23.753 0.892 -27.479 1.000000
63345 22.956 0.904 -27.437 1.000000
63900 18.279 2.315 -23.494 0.125000
63909 31.074 1.759 -23.015 0.125000
63910 30.161 1.552 -22.908 0.125000
63911 29.218 1.574 -23.133 0.375000
63912 27.618 1.522 -24.257 0.625000
63913 28.252 1.669 -23.625 0.500000
63914 27.476 2.166 -24.196 0.750000
63922 18.660 2.686 -23.730 0.125000
63927 26.625 1.468 -25.294 1.000000
63928 27.018 1.814 -24.733 0.875000
63929 26.379 2.276 -25.310 0.875000
63930 19.310 2.581 -24.775 0.625000
63931 18.805 2.121 -24.209 0.375000
63936 25.929 1.850 -25.814 1.000000
63937 25.211 1.776 -26.263 1.000000
63938 20.583 2.516 -25.795 0.750000
63939 19.816 2.030 -25.429 0.625000
63943 24.779 2.454 -26.559 1.000000
63944 24.098 1.658 -27.283 1.000000
63945 24.194 2.907 -26.773 1.000000
63946 23.416 1.668 -27.361 1.000000
63947 23.030 2.456 -27.124 1.000000
63948 22.624 1.701 -27.182 1.000000
63949 22.239 2.486 -26.814 1.000000
63950 21.436 2.500 -26.342 1.000000
64532 30.925 3.031 -22.560 0.125000
64533 29.563 2.228 -22.619 0.250000
64534 28.663 2.290 -22.963 0.500000
64535 27.906 2.562 -23.562 0.500000
64536 26.834 2.418 -24.661 0.875000
64537 27.114 2.963 -24.167 0.750000
64538 26.356 2.921 -24.887 0.875000
64543 19.151 3.248 -23.995 0.125000
64547 25.884 2.912 -25.589 1.000000
64548 19.439 3.531 -24.736 0.125000
64553 25.501 3.552 -25.963 1.000000
64554 25.441 2.784 -26.188 1.000000
64555 20.330 3.499 -25.501 0.875000
64556 19.784 3.119 -25.314 0.375000
64560 24.734 3.269 -26.586 1.000000
64561 23.909 3.729 -26.668 1.000000
64562 22.329 3.888 -26.449 0.750000
64563 21.760 3.324 -26.273 0.875000
64564 21.055 3.115 -25.822 0.875000
65144 30.843 3.802 -22.620 0.125000
65145 31.560 4.289 -22.896 0.125000
65146 29.971 3.122 -22.359 0.125000
65147 30.037 4.185 -22.215 0.125000
65148 28.920 3.748 -22.393 0.375000
65162 28.259 3.056 -22.782 0.500000
65163 27.646 3.270 -23.457 0.750000
65164 27.155 3.836 -23.807 0.750000
65165 26.457 3.629 -24.522 0.875000
65171 19.497 3.724 -24.623 0.125000
65176 25.869 3.546 -25.272 1.000000
65178 21.722 4.125 -25.668 0.125000
65179 20.850 4.033 -25.367 0.125000
65180 19.718 4.083 -25.076 0.125000
65186 25.370 4.251 -25.622 1.000000
65187 25.091 4.107 -26.124 1.000000
65188 22.211 4.529 -26.041 0.500000
65189 22.780 5.051 -26.117 0.250000
65190 21.642 4.035 -25.849 0.375000
65191 21.005 3.737 -25.545 0.750000
65192 20.183 4.096 -25.315 0.500000
65193 19.786 3.864 -25.243 0.375000
65199 24.520 4.381 -26.375 1.000000
65200 23.654 4.589 -26.503 1.000000
65810 31.530 5.196 -22.827 0.125000
65811 30.963 4.722 -22.448 0.125000
65812 30.141 5.092 -22.121 0.125000
65813 27.866 4.009 -22.950 0.500000
65814 29.241 4.704 -22.120 0.250000
65815 27.843 5.044 -22.666 0.375000
65816 27.228 4.715 -23.457 0.750000
65826 31.847 4.698 -23.410 0.125000
65827 26.534 4.455 -24.214 0.750000
65828 26.636 5.313 -23.978 0.750000
65832 20.100 4.879 -24.045 0.125000
65836 25.694 5.072 -24.620 0.875000
65837 25.136 5.175 -25.552 0.875000
65838 22.896 5.493 -25.748 0.125000
65843 24.563 5.437 -26.189 1.000000
65844 23.220 5.693 -26.063 0.750000
65849 24.009 5.202 -26.458 1.000000
66444 31.341 6.138 -22.943 0.125000
66445 30.896 5.608 -22.488 0.125000
66446 30.014 5.930 -22.269 0.125000
66447 29.037 6.172 -21.950 0.375000
66448 28.038 6.042 -22.391 0.375000
66449 27.186 5.627 -23.081 0.750000
66460 31.745 5.624 -23.508 0.125000
66461 26.575 6.149 -23.749 0.750000
66462 25.981 5.828 -24.357 0.750000
66463 25.892 6.583 -24.490 0.750000
66464 24.028 6.297 -24.106 0.125000
66465 22.166 6.069 -24.006 0.125000
66469 24.880 6.059 -26.041 1.000000
66470 22.977 6.320 -25.467 0.125000
66475 24.091 6.078 -26.359 1.000000
66476 24.491 6.561 -25.989 0.875000
66477 23.152 6.718 -25.539 0.375000
67094 30.710 6.498 -22.569 0.125000
67095 29.847 6.765 -22.267 0.250000
67096 28.975 7.150 -22.178 0.375000
67097 28.147 6.973 -22.581 0.375000
67098 27.333 6.554 -23.105 0.625000
67105 31.937 6.845 -24.395 0.125000
67106 31.719 6.562 -23.584 0.125000
67107 26.669 6.984 -23.849 0.750000
67108 26.004 7.250 -24.378 0.750000
67109 25.558 7.100 -25.047 0.750000
67110 22.483 6.929 -23.658 0.125000
67115 25.108 6.735 -25.655 0.875000
67116 22.786 7.015 -25.010 0.500000
67119 24.460 7.205 -25.783 0.875000
67120 23.875 6.763 -25.984 0.750000
67121 23.391 7.151 -25.443 0.625000
67686 24.746 8.048 -21.966 0.125000
67692 31.465 7.934 -23.271 0.125000
67693 29.785 7.568 -22.379 0.375000
67694 29.125 7.925 -22.396 0.250000
67695 28.429 7.804 -22.594 0.375000
67696 27.488 7.580 -23.285 0.375000
67697 23.468 7.407 -23.572 0.125000
67698 24.087 7.986 -22.839 0.125000
67699 23.599 8.139 -24.323 0.125000
67706 32.083 7.683 -24.480 0.125000
67707 31.756 7.455 -23.703 0.125000
67708 26.466 7.792 -24.040 0.750000
67709 25.785 7.757 -24.868 0.750000
67710 23.168 7.740 -24.368 0.250000
67717 32.554 7.921 -25.149 0.125000
67718 25.432 8.261 -25.432 0.750000
67719 25.132 7.593 -25.541 0.750000
67720 23.027 7.511 -24.758 0.625000
67728 24.636 7.871 -25.630 0.625000
67729 23.877 7.681 -25.465 0.625000
68381 31.208 8.564 -23.273 0.125000
68382 30.558 8.564 -22.858 0.125000
68383 29.720 8.431 -22.565 0.250000
68384 28.798 8.559 -22.608 0.375000
68385 27.975 8.500 -23.001 0.375000
68386 28.444 9.313 -23.026 0.375000
68388 24.359 9.126 -23.576 0.125000
68400 31.803 8.409 -23.858 0.125000
68401 31.411 9.227 -23.716 0.125000
68402 30.724 9.185 -23.287 0.125000
68403 27.662 9.056 -23.451 0.375000
68404 26.880 9.285 -24.067 0.375000
68405 26.113 8.572 -24.724 0.750000
68406 23.894 8.616 -24.270 0.375000
68417 32.514 8.792 -25.191 0.125000
68418 25.315 8.894 -25.898 0.750000
68419 24.930 8.432 -25.803 0.750000
68420 23.570 8.212 -25.001 0.625000
68432 24.518 8.550 -25.653 0.625000
68433 24.163 8.951 -25.367 0.750000
69101 24.621 9.933 -22.665 0.125000
69115 29.971 9.228 -22.873 0.125000
69116 29.240 9.135 -22.728 0.250000
69117 24.419 9.558 -23.747 0.125000
69126 31.408 9.983 -24.173 0.125000
69127 30.935 9.728 -23.685 0.125000
69128 30.234 9.813 -23.466 0.125000
69129 29.284 9.813 -23.267 0.375000
69130 27.787 9.664 -23.760 0.375000
69131 27.091 9.914 -24.708 0.375000
69132 24.124 9.384 -24.714 0.250000
69133 24.489 10.203 -24.097 0.250000
69139 32.350 9.763 -25.389 0.125000
69140 31.812 10.129 -24.794 0.125000
69141 26.027 9.427 -25.285 0.375000
69142 25.167 9.322 -26.959 0.375000
69143 24.933 9.119 -26.669 0.625000
69144 24.347 9.627 -25.726 0.500000
69154 32.872 9.090 -25.806 0.125000
69156 31.852 10.585 -25.424 0.125000
69157 24.704 9.378 -26.611 0.500000
69809 24.458 10.970 -22.364 0.125000
69810 24.411 10.494 -23.133 0.250000
69818 30.662 10.335 -24.075 0.125000
69819 29.763 10.454 -23.979 0.125000
69820 28.851 10.472 -24.015 0.375000
69821 24.487 11.296 -23.842 0.250000
69828 31.178 10.746 -24.811 0.125000
69829 30.230 11.064 -24.581 0.125000
69830 29.242 11.116 -24.589 0.125000
69831 28.295 10.975 -24.827 0.250000
69832 26.011 10.252 -25.795 0.375000
69833 24.518 11.275 -26.392 0.250000
69841 26.079 11.032 -26.726 0.250000
69842 24.876 9.946 -27.682 0.375000
69843 24.719 10.164 -27.559 0.500000
70516 24.443 12.530 -24.426 0.125000
70521 30.583 11.478 -25.331 0.125000
70522 29.635 11.585 -25.300 0.125000
70523 28.649 11.607 -25.471 0.125000
70524 27.504 11.423 -26.000 0.250000
70530 30.012 12.206 -25.808 0.125000
70531 29.043 12.329 -25.948 0.125000
70532 28.010 12.240 -26.694 0.125000
70533 26.628 12.090 -27.576 0.125000
70534 26.999 13.654 -28.050 0.125000
70535 24.846 10.853 -28.103 0.375000
70536 24.519 11.555 -27.819 0.250000
70545 24.702 12.244 -28.295 0.250000
71147 24.146 12.875 -27.973 0.250000
90128 28.541 -0.692 -24.422 0.500000
90160 27.767 -14.878 -21.910 0.125000
90271 22.554 3.117 -26.745 1.000000
90360 22.912 4.321 -26.535 0.875000
90487 31.377 11.324 -25.591 0.125000
90648 24.417 7.593 -22.742 0.125000
90658 30.562 2.351 -22.622 0.125000
90798 20.647 -3.360 -25.644 0.625000
91006 27.125 8.478 -23.712 0.375000
91047 26.321 0.531 -25.859 1.000000
91253 23.561 -3.197 -27.611 1.000000
91784 25.041 3.688 -26.372 1.000000
92020 30.525 0.394 -23.449 0.125000
92045 23.575 -19.705 -21.042 0.250000
92054 25.168 10.471 -28.018 0.375000
92362 24.601 1.661 -26.731 1.000000
92395 21.834 1.753 -26.746 1.000000
92811 21.205 -13.333 -21.135 0.250000
93010 22.823 7.176 -24.509 0.125000
93039 24.362 -14.443 -23.000 0.750000
93223 24.896 9.518 -27.326 0.375000
93242 26.434 -14.840 -22.929 0.375000
93288 24.782 -2.487 -27.632 1.000000
93291 25.410 -17.403 -22.035 0.375000
93374 24.297 12.602 -26.835 0.250000
93395 21.680 -8.567 -22.497 0.125000
93434 24.328 10.471 -25.210 0.250000
93656 23.600 -0.574 -27.590 1.000000
94185 23.270 3.296 -26.819 1.000000
94300 24.778 4.751 -26.042 1.000000
94388 25.248 11.686 -28.339 0.250000
94675 21.652 -10.684 -22.822 0.125000
94941 30.476 7.191 -22.519 0.250000
95046 23.984 -4.564 -27.697 1.000000
95303 29.392 5.427 -21.996 0.375000
95578 24.660 -4.647 -27.857 1.000000
95732 29.004 2.835 -22.497 0.500000
95839 26.721 -3.810 -26.662 0.875000
95880 27.385 -11.727 -22.875 0.250000
95978 25.837 -8.553 -26.366 1.000000
96421 26.678 -9.401 -25.953 1.000000
96471 27.962 -5.558 -26.652 0.750000
96479 26.921 -2.643 -25.951 0.875000
96741 23.024 -5.581 -26.839 1.000000
96847 31.567 3.389 -22.871 0.125000
97333 23.000 7.474 -24.251 0.125000
97443 27.429 -12.397 -22.526 0.125000
97778 24.929 -1.963 -27.508 1.000000
97876 27.995 -9.546 -25.023 0.500000
98115 18.389 1.768 -23.727 0.250000
98516 25.368 -4.862 -27.816 1.000000
98880 25.816 4.234 -24.846 0.875000
99459 22.974 -16.333 -21.316 0.500000
99539 28.629 5.314 -22.142 0.375000
99553 21.743 -16.611 -20.461 0.250000
99828 26.399 -0.564 -26.160 1.000000
99975 22.756 -3.659 -27.256 1.000000
99986 24.883 -5.481 -27.787 1.000000
100223 24.212 -0.769 -27.543 1.000000
100266 25.529 6.061 -25.303 0.875000
100279 25.360 10.058 -27.244 0.375000
100309 28.292 -6.995 -26.239 0.625000
100544 22.086 5.640 -24.549 0.125000
100718 28.899 -8.500 -25.497 0.500000
100742 23.325 -19.055 -21.104 0.250000
100903 30.528 7.850 -22.619 0.125000
101247 21.016 -7.727 -24.050 0.125000
101298 20.019 0.007 -25.640 0.875000
101505 24.309 11.613 -25.048 0.250000
101941 24.331 -7.811 -26.466 1.000000
102026 32.192 8.390 -24.619 0.125000
102187 23.787 -7.231 -26.565 1.000000
102248 27.270 -5.766 -26.863 1.000000
102440 27.504 -13.508 -22.050 0.125000
102529 21.477 -15.002 -21.044 0.125000
102686 25.299 -7.615 -26.627 1.000000
102844 24.584 9.866 -23.053 0.125000
102962 27.286 10.605 -25.343 0.375000
102970 21.666 6.623 -24.061 0.125000
102999 31.951 9.277 -24.488 0.125000
103113 26.764 -5.281 -27.041 1.000000
103234 26.536 -16.839 -22.356 0.500000
103266 19.091 2.932 -24.183 0.250000
103290 28.460 4.547 -22.421 0.375000
103356 19.078 -1.300 -24.234 0.250000
103438 24.946 -14.599 -23.425 0.750000
103447 24.438 10.098 -26.445 0.375000
103700 31.234 7.241 -22.880 0.125000
103830 21.173 -6.757 -24.563 0.250000
103856 27.936 -3.664 -25.868 0.750000
103901 29.961 -2.077 -24.563 0.250000
103989 23.778 2.376 -27.126 1.000000
104023 21.120 1.859 -26.349 0.875000
104425 22.927 -0.476 -27.527 1.000000
104595 28.109 -14.344 -21.628 0.125000
104609 23.692 8.506 -24.648 0.500000
104931 23.392 6.314 -25.907 0.625000
104937 24.309 2.236 -26.912 1.000000
105028 28.014 10.298 -24.283 0.375000
105110 20.332 -3.821 -25.050 0.500000
106008 23.233 -13.446 -22.773 0.750000
106018 29.878 -6.409 -25.046 0.125000
106034 18.841 0.176 -24.492 0.500000
106078 21.228 -4.457 -25.791 0.875000
106244 25.516 6.639 -25.194 0.875000
106284 23.922 7.201 -25.769 0.750000
106512 25.131 -16.801 -22.168 0.625000
106526 23.341 5.179 -26.321 0.875000
106720 29.143 -8.485 -24.969 0.500000
106837 24.107 -19.804 -21.262 0.250000
106844 25.021 -6.010 -27.612 1.000000
106860 27.540 -9.275 -25.873 0.875000
106916 28.571 6.599 -22.232 0.375000
107203 28.382 -4.639 -26.195 0.625000
107360 25.874 2.460 -25.737 1.000000
107486 27.942 -15.437 -21.735 0.125000
107542 23.466 -6.812 -26.532 1.000000
107849 27.355 -2.348 -25.763 0.750000
107869 27.757 -17.456 -20.690 0.125000
107873 31.056 8.045 -22.886 0.125000
107983 26.198 -9.037 -26.243 1.000000
108061 28.489 9.944 -23.585 0.375000
108463 25.449 4.666 -25.118 1.000000
108464 30.827 -6.562 -23.705 0.125000
108489 29.152 -10.494 -21.937 0.125000
108531 24.246 11.073 -22.964 0.250000
108748 21.956 -15.300 -21.329 0.125000
108839 20.774 -3.975 -25.564 0.500000
108889 24.243 -18.289 -21.541 0.500000
108922 23.144 -1.833 -27.518 1.000000
108938 18.943 0.748 -24.606 0.500000
109040 24.434 3.939 -26.534 1.000000
