#!ascii label  , from subject OAS1_0001-3 vox2ras=TkReg 
601
9582 25.079 -68.559 -24.919 0.400000
9599 29.311 -69.254 -26.568 0.300000
9616 29.680 -69.369 -27.792 0.300000
10206 27.786 -68.455 -23.869 0.300000
10208 27.776 -67.726 -23.450 0.300000
10209 26.915 -68.291 -23.726 0.300000
10226 25.057 -67.755 -25.259 0.400000
10937 25.609 -67.280 -24.889 0.400000
10958 25.388 -67.094 -25.897 0.300000
11487 16.836 -66.102 -11.302 0.300000
11488 17.314 -65.692 -10.979 0.300000
11490 16.369 -66.391 -11.268 0.300000
11491 15.993 -66.174 -10.454 0.300000
11492 15.625 -66.479 -11.261 0.300000
11506 17.036 -65.810 -11.596 0.400000
11507 16.643 -66.274 -11.991 0.300000
11508 16.882 -65.575 -12.130 0.400000
11527 16.123 -66.476 -12.787 0.400000
11528 16.519 -65.989 -12.655 0.400000
11542 16.202 -65.945 -13.473 0.300000
11690 25.928 -66.607 -25.476 0.400000
11704 26.053 -66.634 -26.725 0.400000
11718 26.223 -66.696 -28.023 0.400000
11719 26.818 -66.243 -27.614 0.400000
11726 26.181 -66.705 -28.892 0.400000
11727 26.841 -66.241 -28.661 0.400000
11734 26.502 -66.216 -28.950 0.400000
11735 25.774 -66.783 -29.124 0.400000
12250 17.430 -65.217 -11.585 0.500000
12260 17.113 -64.642 -12.364 0.500000
12261 16.564 -65.298 -12.761 0.400000
12270 16.184 -64.890 -13.299 0.400000
12271 15.865 -65.402 -14.072 0.300000
12337 22.752 -64.775 -19.399 0.600000
12439 27.398 -65.760 -28.221 0.400000
12446 27.184 -65.702 -28.604 0.400000
12457 25.987 -65.517 -29.043 0.500000
13016 17.883 -64.248 -12.023 0.400000
13017 16.562 -64.572 -12.994 0.500000
13031 16.019 -63.963 -13.239 0.500000
13108 22.443 -64.334 -18.164 0.600000
13130 23.054 -64.146 -18.764 0.600000
13131 23.695 -63.711 -19.412 0.600000
13132 23.225 -63.470 -18.714 0.600000
13133 22.477 -64.723 -18.807 0.600000
13141 23.927 -64.232 -20.095 0.600000
13142 24.199 -63.609 -20.568 0.500000
13143 24.118 -63.681 -19.940 0.600000
13154 23.938 -64.270 -21.072 0.500000
13165 24.010 -64.392 -22.015 0.500000
13166 24.343 -63.588 -21.492 0.500000
13176 23.864 -64.450 -23.000 0.600000
13177 24.460 -63.606 -22.437 0.600000
13189 23.678 -64.610 -23.991 0.500000
13190 24.465 -63.705 -23.461 0.600000
13191 22.691 -65.204 -24.415 0.500000
13210 23.312 -64.943 -24.979 0.500000
13226 23.902 -64.327 -25.644 0.500000
13236 23.594 -64.511 -27.226 0.400000
13244 25.235 -64.939 -28.523 0.500000
13245 25.880 -64.664 -28.645 0.500000
13246 24.877 -64.369 -27.758 0.400000
13247 24.395 -64.823 -28.205 0.400000
13248 24.044 -64.472 -27.634 0.500000
13252 27.449 -64.573 -28.544 0.500000
13253 26.863 -65.277 -28.791 0.500000
13815 19.445 -62.799 -11.631 0.400000
13830 17.581 -63.782 -12.855 0.400000
13846 16.709 -63.427 -13.304 0.500000
13847 15.834 -63.093 -13.458 0.400000
13892 18.989 -63.417 -16.677 0.500000
13893 19.553 -63.102 -16.508 0.600000
13894 18.918 -62.612 -16.494 0.600000
13912 20.440 -63.127 -16.538 0.600000
13913 18.300 -63.334 -16.838 0.500000
13932 23.486 -62.943 -19.151 0.600000
13949 24.064 -63.003 -19.946 0.600000
13962 24.248 -62.678 -20.987 0.700000
13963 23.904 -62.199 -20.416 0.600000
13977 24.599 -62.748 -21.929 0.700000
13989 24.783 -62.745 -22.888 0.600000
14010 24.924 -62.888 -23.942 0.600000
14020 24.708 -63.579 -25.515 0.500000
14021 25.194 -63.068 -24.988 0.500000
14028 24.952 -62.922 -26.012 0.500000
14038 24.764 -63.609 -27.206 0.400000
14039 25.276 -63.063 -27.404 0.400000
14040 24.840 -62.786 -26.878 0.400000
14041 24.170 -64.168 -27.095 0.400000
14050 26.969 -63.693 -28.287 0.400000
14052 27.489 -63.087 -28.015 0.400000
14053 26.503 -64.251 -28.496 0.400000
14054 26.182 -62.787 -27.619 0.400000
14657 18.789 -61.825 -9.827 0.400000
14673 19.711 -62.221 -11.212 0.400000
14674 19.564 -61.767 -10.472 0.400000
14683 19.669 -61.984 -11.880 0.400000
14704 18.747 -61.822 -13.151 0.400000
14716 16.968 -62.051 -13.715 0.500000
14717 16.017 -62.263 -13.774 0.500000
14720 14.557 -61.861 -14.188 0.500000
14745 19.811 -62.340 -16.429 0.600000
14746 20.592 -62.053 -16.678 0.600000
14747 19.881 -61.478 -16.611 0.700000
14748 19.287 -61.780 -16.422 0.600000
14749 17.970 -62.606 -16.601 0.500000
14750 18.531 -61.728 -16.374 0.700000
14761 22.522 -62.689 -17.785 0.600000
14762 21.885 -62.446 -17.404 0.600000
14763 21.313 -62.685 -16.875 0.600000
14772 23.061 -62.882 -18.371 0.600000
14773 22.639 -62.225 -18.311 0.600000
14774 22.150 -61.874 -17.857 0.500000
14781 23.410 -62.147 -19.784 0.600000
14782 22.913 -62.233 -19.007 0.600000
14793 23.749 -61.757 -21.092 0.700000
14809 24.614 -61.870 -22.364 0.700000
14831 24.839 -61.692 -23.407 0.600000
14844 25.046 -62.071 -24.531 0.600000
14862 25.015 -62.120 -26.385 0.400000
14863 25.523 -61.626 -26.493 0.400000
14864 25.002 -62.114 -25.523 0.500000
14870 25.942 -62.034 -27.105 0.400000
14871 26.885 -62.235 -27.417 0.400000
14872 26.440 -61.571 -26.844 0.400000
15464 19.968 -61.512 -11.281 0.400000
15465 20.047 -60.900 -10.769 0.400000
15487 20.308 -60.845 -11.386 0.400000
15498 20.112 -61.117 -12.124 0.400000
15499 19.500 -61.601 -12.704 0.400000
15500 19.912 -60.899 -13.097 0.400000
15512 19.091 -61.077 -13.423 0.400000
15513 18.195 -61.117 -13.594 0.400000
15514 17.317 -61.182 -13.831 0.400000
15515 16.426 -61.376 -14.059 0.400000
15516 15.471 -61.631 -14.112 0.500000
15535 20.445 -61.211 -17.077 0.700000
15536 19.792 -60.873 -16.890 0.700000
15537 19.136 -60.944 -16.530 0.700000
15538 18.156 -60.888 -16.393 0.700000
15539 18.559 -60.129 -16.781 0.700000
15540 17.207 -61.015 -16.398 0.600000
15541 16.780 -60.298 -16.579 0.600000
15543 15.653 -61.134 -16.681 0.500000
15548 21.284 -61.734 -17.372 0.600000
15549 20.706 -61.015 -17.944 0.700000
15550 17.666 -60.113 -16.624 0.700000
15560 22.068 -61.601 -18.966 0.700000
15561 21.385 -61.174 -19.043 0.700000
15562 20.824 -60.889 -18.806 0.700000
15570 22.529 -61.702 -19.635 0.700000
15571 21.970 -61.303 -19.945 0.700000
15572 21.636 -61.173 -19.497 0.700000
15573 21.242 -60.759 -19.305 0.600000
15586 22.612 -61.295 -21.186 0.700000
15587 21.923 -61.046 -20.920 0.700000
15588 21.708 -60.990 -20.011 0.700000
15603 22.309 -60.402 -22.529 0.700000
15604 22.212 -60.672 -21.879 0.800000
15611 24.163 -60.981 -22.718 0.700000
15612 23.019 -60.417 -22.860 0.700000
15615 24.661 -61.065 -24.156 0.500000
15616 24.016 -60.480 -23.338 0.700000
15622 24.954 -61.360 -25.039 0.500000
15627 25.529 -60.925 -25.923 0.400000
15628 25.124 -61.457 -25.821 0.500000
15631 27.464 -61.680 -27.199 0.400000
15633 28.175 -61.137 -26.967 0.400000
15634 26.996 -61.042 -26.523 0.400000
15635 26.090 -61.075 -26.373 0.400000
16218 19.944 -60.205 -10.551 0.300000
16233 20.607 -60.396 -11.870 0.400000
16241 21.021 -60.123 -13.143 0.400000
16244 20.551 -60.504 -12.716 0.400000
16253 20.368 -60.302 -13.517 0.400000
16254 19.450 -60.371 -13.717 0.400000
16255 18.485 -60.335 -13.783 0.400000
16256 17.612 -60.354 -13.909 0.400000
16257 16.789 -60.464 -14.149 0.500000
16258 15.887 -60.678 -14.337 0.500000
16259 14.441 -60.121 -14.762 0.500000
16261 13.775 -59.756 -15.063 0.400000
16273 19.324 -60.335 -17.147 0.700000
16274 16.326 -59.727 -16.779 0.500000
16275 15.991 -60.452 -16.649 0.500000
16276 15.350 -60.573 -16.801 0.500000
16277 15.500 -59.751 -16.948 0.500000
16281 19.965 -60.673 -17.642 0.700000
16282 19.421 -60.157 -18.158 0.700000
16283 18.775 -59.746 -17.661 0.700000
16284 17.970 -59.313 -17.301 0.700000
16285 17.068 -59.402 -16.889 0.700000
16297 20.124 -60.530 -18.544 0.800000
16307 21.928 -60.690 -20.723 0.700000
16308 21.740 -60.201 -19.719 0.600000
16309 20.441 -60.303 -19.101 0.800000
16314 22.021 -60.388 -21.798 0.800000
16317 21.893 -60.105 -22.604 0.700000
16319 22.038 -60.025 -23.080 0.700000
16320 21.676 -59.574 -23.090 0.700000
16323 22.816 -59.542 -23.618 0.600000
16324 22.059 -59.530 -23.415 0.600000
16328 25.087 -60.794 -25.270 0.500000
16329 25.472 -60.261 -25.390 0.500000
16330 24.704 -60.082 -24.435 0.600000
16331 23.750 -59.615 -23.724 0.600000
16334 26.956 -59.847 -25.767 0.500000
16335 26.302 -60.414 -25.995 0.400000
16336 26.185 -59.710 -25.415 0.500000
16945 21.000 -59.661 -13.809 0.400000
16947 19.905 -59.758 -14.142 0.400000
16948 18.810 -59.691 -14.149 0.400000
16949 17.895 -59.670 -14.170 0.400000
16950 17.093 -59.720 -14.327 0.500000
16951 16.250 -59.829 -14.472 0.500000
16952 15.347 -59.944 -14.561 0.500000
16957 20.308 -59.026 -14.459 0.400000
16958 19.187 -59.022 -14.631 0.300000
16959 18.190 -59.059 -14.719 0.500000
16960 17.370 -59.084 -14.783 0.500000
16961 16.622 -59.104 -14.850 0.500000
16962 14.845 -59.205 -14.925 0.500000
16963 14.053 -59.076 -15.126 0.500000
16964 13.210 -59.194 -15.306 0.500000
16981 18.973 -59.508 -18.575 0.700000
16982 18.427 -59.179 -18.177 0.700000
16983 17.853 -58.660 -18.320 0.700000
16984 17.171 -58.663 -17.608 0.700000
16985 16.227 -58.856 -17.280 0.700000
16986 15.065 -58.828 -17.503 0.600000
16987 13.403 -59.204 -17.571 0.500000
16988 12.501 -58.918 -17.711 0.400000
16995 19.670 -59.855 -18.887 0.800000
16996 19.130 -59.112 -19.152 0.800000
16997 18.475 -58.840 -18.954 0.800000
16998 22.385 -59.870 -20.257 0.700000
16999 23.652 -58.682 -20.353 0.600000
17000 22.624 -59.169 -19.507 0.600000
17001 21.626 -59.351 -19.403 0.700000
17002 20.646 -59.491 -19.307 0.600000
17003 19.852 -59.262 -19.251 0.800000
17005 21.995 -59.963 -21.484 0.700000
17006 22.787 -59.314 -20.902 0.700000
17008 21.994 -58.904 -22.220 0.700000
17009 21.498 -58.875 -22.983 0.700000
17011 21.754 -58.960 -23.378 0.700000
17014 22.237 -59.030 -23.682 0.700000
17019 25.391 -59.485 -24.667 0.500000
17020 26.268 -59.147 -24.893 0.500000
17021 25.890 -58.745 -24.448 0.600000
17022 24.262 -59.270 -23.943 0.600000
17023 23.069 -59.088 -23.852 0.600000
17030 27.089 -59.130 -25.329 0.500000
17673 21.477 -58.264 -14.802 0.400000
17674 19.701 -58.267 -15.026 0.400000
17675 20.685 -57.938 -15.254 0.400000
17676 18.507 -58.388 -15.136 0.500000
17677 17.595 -58.433 -15.187 0.500000
17678 16.860 -58.424 -15.188 0.500000
17679 15.421 -58.334 -15.201 0.600000
17680 14.543 -58.398 -15.271 0.500000
17681 13.694 -58.467 -15.396 0.500000
17682 12.508 -58.073 -15.638 0.400000
17683 11.995 -58.431 -15.568 0.400000
17691 19.860 -57.483 -15.564 0.400000
17692 18.796 -57.687 -15.504 0.400000
17693 17.798 -57.763 -15.486 0.500000
17694 16.981 -57.781 -15.467 0.500000
17695 15.831 -57.692 -15.487 0.600000
17696 15.055 -57.624 -15.554 0.500000
17697 14.119 -57.765 -15.707 0.500000
17698 13.241 -57.878 -15.743 0.500000
17710 17.107 -58.143 -18.719 0.700000
17711 15.700 -58.067 -18.159 0.600000
17712 14.756 -57.875 -18.386 0.600000
17713 13.110 -57.861 -18.152 0.500000
17714 11.997 -57.712 -18.141 0.500000
17720 23.460 -58.592 -19.482 0.600000
17721 24.137 -58.098 -19.724 0.600000
17722 23.650 -57.820 -18.928 0.700000
17723 22.994 -58.369 -19.045 0.600000
17724 22.741 -57.639 -18.764 0.700000
17725 22.084 -58.402 -19.083 0.600000
17726 18.647 -58.341 -19.446 0.800000
17727 17.782 -58.133 -19.382 0.800000
17728 16.959 -57.522 -19.616 0.700000
17729 16.238 -57.556 -18.976 0.700000
17730 14.560 -57.206 -19.188 0.600000
17731 13.924 -57.552 -18.670 0.600000
17732 13.364 -57.151 -18.843 0.600000
17734 21.023 -58.002 -19.209 0.700000
17735 20.051 -57.801 -19.390 0.800000
17736 19.114 -57.659 -19.620 0.800000
17737 17.509 -57.391 -19.963 0.800000
17740 23.959 -57.842 -20.762 0.400000
17741 23.103 -58.340 -21.417 0.600000
17744 22.209 -57.687 -22.455 0.600000
17745 21.644 -58.126 -22.884 0.700000
17748 21.702 -58.220 -23.182 0.700000
17754 22.563 -58.444 -23.734 0.700000
17755 23.730 -58.468 -23.847 0.600000
17756 23.001 -57.816 -23.662 0.600000
17757 22.218 -57.706 -23.357 0.700000
17760 26.718 -58.539 -24.707 0.500000
17761 27.560 -58.226 -25.057 0.500000
17762 26.270 -58.143 -24.349 0.600000
17763 25.472 -58.118 -24.228 0.600000
18385 11.739 -57.701 -15.883 0.400000
18393 20.747 -57.222 -15.667 0.400000
18394 20.053 -56.800 -16.039 0.400000
18395 19.122 -57.016 -16.018 0.400000
18396 18.057 -57.169 -15.953 0.500000
18397 17.099 -57.204 -15.902 0.500000
18398 16.289 -57.241 -15.873 0.500000
18399 15.507 -57.104 -16.048 0.500000
18400 14.542 -56.960 -16.206 0.700000
18401 13.539 -57.170 -16.201 0.500000
18402 12.489 -57.258 -16.207 0.500000
18403 11.444 -57.031 -16.494 0.400000
18424 24.339 -57.559 -19.216 0.700000
18425 24.678 -57.075 -19.161 0.700000
18426 24.217 -57.106 -18.732 0.600000
18427 23.393 -57.010 -18.543 0.700000
18428 22.374 -56.692 -18.582 0.600000
18429 21.683 -57.335 -18.859 0.600000
18430 16.121 -57.142 -19.954 0.700000
18431 15.258 -57.060 -19.630 0.600000
18432 14.442 -56.940 -19.417 0.600000
18433 13.890 -57.039 -19.217 0.600000
18434 12.414 -56.451 -18.378 0.600000
18435 11.587 -56.520 -18.013 0.500000
18439 24.640 -57.351 -20.044 0.600000
18440 25.115 -56.701 -19.587 0.600000
18441 20.641 -57.070 -19.112 0.700000
18442 19.687 -56.913 -19.438 0.700000
18443 17.741 -56.731 -20.307 0.700000
18444 16.892 -57.030 -20.298 0.800000
18445 15.657 -56.724 -19.991 0.700000
18446 14.989 -56.700 -19.529 0.700000
18449 24.753 -56.432 -20.554 0.500000
18450 23.905 -56.756 -21.145 0.400000
18453 23.109 -57.190 -21.769 0.600000
18454 22.611 -56.803 -22.474 0.500000
18455 21.940 -57.497 -22.819 0.700000
18460 22.583 -56.866 -22.746 0.600000
18464 27.036 -57.722 -24.362 0.500000
18468 25.597 -56.952 -23.442 0.600000
18469 25.034 -57.556 -23.735 0.600000
18470 24.238 -56.741 -23.219 0.600000
18471 23.092 -57.090 -23.260 0.700000
19123 20.809 -56.610 -16.029 0.400000
19124 21.348 -56.069 -16.282 0.300000
19125 19.425 -56.318 -16.490 0.400000
19126 18.446 -56.477 -16.459 0.400000
19127 17.397 -56.577 -16.382 0.400000
19128 16.531 -56.592 -16.347 0.500000
19129 15.871 -56.566 -16.405 0.500000
19130 15.115 -56.475 -16.566 0.700000
19131 14.255 -56.276 -16.856 0.700000
19132 12.929 -56.611 -16.806 0.500000
19133 11.960 -56.580 -17.040 0.500000
19134 11.132 -56.673 -17.169 0.400000
19136 20.608 -55.362 -16.655 0.300000
19137 19.703 -55.566 -16.810 0.400000
19138 18.775 -55.727 -16.861 0.400000
19139 17.786 -55.853 -16.817 0.400000
19140 16.865 -55.910 -16.733 0.500000
19141 16.155 -56.019 -16.737 0.400000
19142 15.529 -56.084 -16.874 0.400000
19143 14.733 -56.043 -17.160 0.600000
19144 13.390 -56.227 -17.267 0.500000
19145 13.873 -55.964 -17.554 0.700000
19146 11.681 -56.405 -17.658 0.500000
19147 11.002 -56.736 -17.540 0.400000
19153 12.250 -56.103 -18.071 0.600000
19154 13.579 -55.857 -18.227 0.600000
19162 24.837 -56.443 -18.743 0.600000
19163 25.391 -56.143 -19.191 0.600000
19164 25.270 -55.693 -18.715 0.500000
19165 24.087 -56.374 -18.433 0.600000
19166 23.115 -56.150 -18.334 0.600000
19167 22.139 -55.673 -18.579 0.500000
19168 21.240 -56.207 -18.913 0.700000
19169 13.881 -56.701 -19.176 0.600000
19170 13.640 -56.225 -18.814 0.600000
19175 25.485 -56.094 -20.047 0.500000
19176 20.291 -56.290 -19.255 0.700000
19177 19.374 -55.805 -19.591 0.700000
19178 17.643 -55.814 -20.165 0.700000
19179 16.880 -56.322 -20.361 0.700000
19180 15.367 -56.258 -19.666 0.700000
19181 14.825 -56.126 -19.203 0.700000
19182 14.271 -56.461 -19.211 0.700000
19185 24.783 -55.526 -20.833 0.400000
19186 23.680 -55.581 -21.505 0.400000
19189 22.896 -55.951 -21.930 0.500000
19190 22.908 -55.965 -22.260 0.400000
19200 25.084 -56.263 -22.769 0.400000
19201 24.596 -55.319 -22.536 0.400000
19202 23.176 -56.180 -22.769 0.500000
19203 23.644 -54.888 -22.260 0.400000
19903 20.770 -54.484 -16.800 0.300000
19904 19.901 -54.724 -16.945 0.400000
19905 19.031 -54.906 -17.128 0.400000
19906 18.125 -55.063 -17.190 0.300000
19907 17.269 -55.218 -17.235 0.400000
19908 15.860 -55.587 -17.296 0.400000
19909 16.517 -55.386 -17.277 0.300000
19910 15.173 -55.744 -17.492 0.600000
19911 14.368 -55.763 -17.848 0.700000
19920 15.515 -55.318 -18.114 0.500000
19921 16.181 -54.886 -17.935 0.400000
19922 14.916 -55.702 -18.400 0.700000
19923 14.191 -55.895 -18.711 0.700000
19927 25.728 -55.453 -19.367 0.500000
19928 26.192 -54.570 -19.133 0.500000
19929 25.638 -55.076 -18.823 0.500000
19930 25.224 -55.128 -18.510 0.500000
19931 23.857 -55.594 -18.300 0.600000
19932 23.346 -54.651 -18.393 0.600000
19933 22.163 -54.609 -18.677 0.600000
19934 21.209 -55.045 -18.895 0.500000
19935 15.409 -55.654 -19.146 0.600000
19936 16.133 -54.997 -18.913 0.500000
19943 20.549 -54.589 -19.350 0.500000
19944 19.815 -54.704 -19.557 0.500000
19945 18.835 -54.617 -19.663 0.500000
19946 16.962 -54.467 -18.992 0.500000
19955 25.826 -54.749 -20.074 0.500000
19956 24.863 -54.649 -20.904 0.500000
20763 20.815 -53.591 -16.968 0.300000
20764 20.016 -53.871 -17.061 0.400000
20765 19.229 -54.104 -17.361 0.400000
20766 18.318 -54.187 -17.593 0.400000
20767 16.993 -54.551 -17.862 0.300000
20768 17.614 -54.028 -17.978 0.400000
20774 16.912 -54.458 -18.449 0.300000
20775 17.560 -53.896 -18.357 0.300000
20779 26.293 -53.893 -18.742 0.500000
20780 24.226 -54.114 -18.370 0.500000
20781 23.145 -53.700 -18.581 0.500000
20782 22.079 -53.519 -19.014 0.500000
20783 21.123 -53.966 -19.324 0.400000
20784 17.543 -53.820 -18.730 0.300000
20787 26.272 -53.976 -20.005 0.400000
20788 20.470 -53.087 -19.737 0.400000
20789 18.331 -53.624 -19.416 0.400000
20790 17.953 -53.233 -19.033 0.400000
20795 25.142 -53.879 -20.928 0.500000
21584 20.113 -53.041 -17.361 0.300000
21585 19.327 -53.276 -17.559 0.400000
21586 18.112 -53.416 -18.192 0.400000
21587 18.644 -52.748 -18.076 0.300000
21594 18.032 -53.266 -18.668 0.400000
21595 18.341 -52.834 -18.540 0.400000
21601 26.213 -53.399 -18.581 0.400000
21602 25.785 -53.005 -18.366 0.400000
21603 23.926 -53.184 -18.443 0.600000
21604 22.782 -52.664 -18.880 0.500000
21605 21.671 -52.521 -19.456 0.500000
21606 18.300 -52.635 -18.931 0.400000
21612 20.764 -52.360 -19.796 0.400000
21613 19.992 -52.329 -19.917 0.400000
21614 19.316 -52.409 -19.656 0.400000
21615 18.687 -52.445 -19.325 0.400000
22489 20.151 -52.223 -17.479 0.300000
22490 18.883 -52.113 -18.153 0.500000
22495 18.569 -52.320 -18.567 0.400000
22501 23.042 -51.624 -18.900 0.400000
22502 22.049 -51.763 -19.451 0.400000
22503 18.618 -52.047 -18.986 0.400000
22508 21.099 -51.653 -19.883 0.400000
22509 20.276 -51.570 -19.960 0.300000
22510 19.633 -51.712 -19.676 0.300000
22511 19.047 -52.023 -19.383 0.300000
23328 19.462 -51.632 -17.980 0.300000
23329 20.114 -50.900 -18.215 0.400000
23337 19.468 -51.233 -18.751 0.400000
23338 18.948 -51.812 -18.565 0.300000
23347 23.676 -51.056 -18.709 0.400000
23348 22.899 -50.709 -19.226 0.400000
23349 22.269 -51.095 -19.500 0.300000
23350 19.163 -51.613 -19.160 0.300000
23351 19.973 -50.620 -19.363 0.300000
23363 21.452 -50.963 -19.936 0.300000
23364 20.579 -50.843 -20.080 0.300000
24231 23.715 -50.264 -18.793 0.400000
24232 22.847 -49.750 -19.839 0.400000
24233 20.367 -49.973 -19.549 0.400000
24244 21.686 -49.531 -20.253 0.300000
24245 20.770 -49.471 -19.919 0.400000
25044 24.755 -49.118 -18.711 0.400000
25045 23.861 -49.402 -19.135 0.400000
25046 24.146 -48.639 -19.442 0.400000
25064 23.276 -48.888 -19.948 0.400000
25065 22.361 -48.898 -20.284 0.300000
25778 24.992 -48.402 -18.922 0.300000
25791 24.431 -47.902 -19.640 0.300000
25792 23.529 -48.120 -20.009 0.400000
89069 15.982 -55.932 -19.980 0.600000
89113 20.014 -50.952 -19.874 0.300000
89325 23.714 -52.373 -18.607 0.500000
89331 18.661 -53.502 -17.742 0.400000
89498 25.753 -54.498 -18.664 0.500000
89537 17.616 -53.924 -19.123 0.400000
89599 24.745 -60.689 -24.557 0.600000
89628 24.736 -52.682 -18.419 0.600000
89629 25.169 -54.390 -18.400 0.500000
89700 24.026 -60.103 -23.691 0.600000
89997 25.035 -53.573 -18.368 0.500000
90138 19.262 -53.782 -19.719 0.400000
90191 18.374 -52.903 -19.238 0.400000
90223 17.542 -54.868 -19.452 0.500000
90337 18.864 -52.974 -19.648 0.400000
90419 21.414 -61.354 -18.333 0.700000
90460 19.603 -51.188 -19.446 0.300000
90844 24.204 -51.789 -18.555 0.500000
90889 19.651 -53.032 -19.835 0.400000
90982 19.364 -52.444 -17.739 0.300000
90995 17.618 -61.793 -16.458 0.600000
91073 22.004 -50.369 -20.025 0.300000
91100 24.714 -55.759 -18.397 0.500000
91330 16.518 -58.197 -18.062 0.700000
91340 17.613 -54.577 -17.601 0.300000
91553 16.844 -55.370 -19.677 0.600000
91663 18.335 -55.262 -19.724 0.600000
91869 25.795 -53.820 -18.483 0.400000
91950 20.152 -53.830 -19.673 0.400000
91957 21.015 -50.166 -20.243 0.300000
92166 25.380 -52.061 -18.334 0.400000
92554 23.381 -64.338 -19.502 0.600000
92852 25.521 -63.925 -27.846 0.400000
92987 21.536 -56.891 -15.798 0.300000
93102 25.238 -62.284 -27.047 0.400000
93192 27.573 -65.185 -28.494 0.500000
93198 24.366 -63.877 -24.606 0.500000
93364 22.790 -59.953 -23.360 0.700000
93453 20.376 -50.277 -19.993 0.300000
93582 23.147 -54.934 -22.017 0.400000
93597 18.235 -57.510 -19.830 0.800000
93609 18.750 -56.807 -19.918 0.700000
93781 21.988 -58.467 -23.543 0.700000
93793 19.479 -58.504 -19.416 0.800000
94277 19.007 -62.603 -10.172 0.400000
94417 21.762 -59.687 -22.555 0.800000
94667 11.929 -56.864 -18.359 0.500000
95457 12.449 -56.211 -17.610 0.500000
95783 20.367 -58.638 -19.349 0.800000
95927 16.588 -62.733 -13.533 0.500000
96392 25.553 -53.147 -21.022 0.400000
96561 15.787 -59.150 -14.888 0.500000
96598 23.297 -61.164 -22.034 0.700000
96829 22.478 -61.478 -20.361 0.600000
97061 15.357 -57.370 -19.042 0.600000
97445 21.092 -60.084 -19.382 0.600000
97635 16.293 -56.689 -20.289 0.800000
98052 14.286 -59.463 -17.306 0.500000
98402 12.964 -56.117 -18.359 0.600000
98612 20.688 -58.504 -14.783 0.400000
98662 22.905 -55.346 -18.370 0.600000
98846 23.967 -57.635 -23.633 0.600000
98969 13.247 -56.652 -18.844 0.600000
99639 14.967 -60.865 -14.375 0.500000
99833 16.171 -66.662 -11.913 0.400000
99913 21.549 -57.622 -15.335 0.400000
100156 20.421 -55.435 -19.257 0.500000
100181 18.406 -56.119 -20.065 0.700000
100495 20.347 -56.149 -16.448 0.400000
100522 12.504 -58.835 -15.447 0.400000
100568 23.213 -59.279 -19.952 0.600000
100706 11.755 -58.847 -17.662 0.400000
100890 23.834 -55.701 -22.745 0.500000
101080 19.103 -61.166 -9.969 0.400000
101161 12.986 -55.899 -17.950 0.600000
101300 16.178 -58.373 -15.185 0.600000
101370 24.907 -58.673 -24.216 0.600000
101640 14.087 -58.420 -17.842 0.600000
102295 22.824 -48.346 -20.264 0.400000
102381 23.293 -61.741 -20.547 0.600000
102580 13.030 -58.491 -15.473 0.500000
102605 24.507 -55.012 -18.315 0.500000
103044 21.236 -53.104 -19.516 0.500000
103170 18.059 -54.420 -19.458 0.500000
103201 12.626 -57.020 -18.638 0.600000
103634 16.413 -57.846 -15.411 0.600000
104261 21.228 -58.779 -19.290 0.600000
104507 24.628 -58.075 -24.071 0.600000
104514 14.883 -59.602 -17.175 0.500000
104592 26.050 -63.511 -27.935 0.400000
104671 28.420 -61.903 -27.624 0.400000
105538 25.520 -55.398 -20.223 0.500000
105628 14.279 -59.526 -14.948 0.500000
105693 24.540 -63.789 -26.449 0.400000
105976 23.223 -55.459 -22.336 0.400000
106669 20.091 -59.773 -19.168 0.800000
106942 22.650 -54.111 -18.639 0.600000
107827 24.305 -62.053 -21.642 0.700000
108444 13.772 -56.557 -16.613 0.500000
108842 17.626 -64.691 -11.842 0.500000
108919 16.796 -64.109 -13.045 0.500000
109015 15.718 -57.227 -19.566 0.600000
