#!ascii label  , from subject OAS1_0001-3 vox2ras=TkReg 
1213
16217 20.511 -60.161 -11.024 0.400000
16242 21.512 -59.629 -13.039 0.400000
16243 21.073 -59.981 -12.452 0.300000
16912 20.700 -59.432 -11.071 0.400000
16915 18.407 -58.491 -10.141 0.400000
16933 20.948 -59.719 -11.640 0.400000
16934 21.490 -59.252 -12.262 0.400000
16935 21.117 -59.034 -11.405 0.400000
16943 21.831 -59.019 -12.945 0.400000
16946 21.701 -59.002 -13.537 0.400000
16956 21.279 -58.863 -14.273 0.300000
17640 20.508 -58.746 -10.966 0.400000
17641 19.736 -58.355 -10.657 0.300000
17642 18.903 -57.995 -10.418 0.400000
17643 18.050 -57.739 -10.247 0.400000
17644 17.315 -57.756 -10.055 0.400000
17658 21.864 -58.486 -12.539 0.400000
17659 21.455 -58.484 -11.811 0.400000
17660 20.343 -57.882 -11.027 0.500000
17664 22.258 -58.334 -13.354 0.400000
17668 22.106 -58.468 -14.121 0.400000
17669 22.774 -57.880 -14.116 0.400000
18354 19.482 -57.329 -10.791 0.400000
18355 18.550 -57.240 -10.612 0.500000
18356 17.458 -57.071 -10.391 0.400000
18366 21.689 -57.154 -12.030 0.500000
18367 21.065 -57.617 -11.564 0.400000
18368 20.284 -56.954 -11.243 0.500000
18369 18.828 -56.563 -10.978 0.500000
18376 22.839 -57.543 -13.483 0.400000
18377 22.272 -57.668 -12.660 0.400000
18380 23.310 -57.212 -14.148 0.500000
18382 23.058 -57.405 -14.801 0.300000
18383 23.573 -56.755 -14.770 0.500000
18384 22.293 -57.863 -14.770 0.300000
18391 23.103 -56.779 -15.440 0.400000
18392 22.382 -57.253 -15.416 0.400000
19085 18.059 -56.682 -10.759 0.400000
19086 17.392 -56.256 -10.757 0.400000
19087 16.697 -56.587 -10.463 0.400000
19096 21.643 -56.284 -12.221 0.500000
19097 20.958 -56.589 -11.765 0.500000
19098 20.111 -55.963 -11.693 0.500000
19099 19.160 -55.821 -11.423 0.500000
19100 18.160 -55.832 -11.196 0.400000
19107 22.730 -56.957 -12.913 0.600000
19108 22.329 -56.209 -12.641 0.600000
19114 23.755 -56.303 -14.077 0.500000
19115 23.231 -56.789 -13.524 0.600000
19117 23.976 -56.048 -14.812 0.500000
19121 23.071 -55.920 -15.933 0.400000
19122 22.314 -56.482 -15.912 0.400000
19858 17.274 -55.543 -11.087 0.400000
19864 20.963 -55.640 -12.084 0.500000
19865 20.344 -55.117 -12.044 0.500000
19866 19.614 -55.044 -11.833 0.500000
19867 18.715 -54.978 -11.615 0.500000
19868 17.813 -54.932 -11.461 0.500000
19869 16.978 -54.819 -11.346 0.400000
19870 16.173 -54.754 -11.323 0.300000
19878 23.271 -55.900 -13.384 0.600000
19879 23.858 -55.331 -13.624 0.600000
19880 23.290 -55.040 -13.006 0.600000
19881 22.489 -54.712 -12.641 0.600000
19882 20.072 -54.391 -12.250 0.600000
19888 24.190 -55.473 -14.274 0.600000
19889 24.505 -54.821 -14.586 0.600000
19890 24.375 -54.712 -13.822 0.600000
19895 24.137 -54.785 -15.371 0.500000
19896 23.363 -55.005 -15.962 0.400000
19897 22.454 -55.043 -16.310 0.400000
19898 21.520 -55.149 -16.505 0.400000
20707 19.200 -54.159 -12.127 0.500000
20708 18.305 -54.227 -11.815 0.500000
20709 17.489 -54.212 -11.657 0.400000
20710 16.692 -54.129 -11.566 0.300000
20720 23.948 -54.456 -13.197 0.600000
20721 24.548 -53.876 -13.483 0.600000
20722 23.213 -54.137 -12.740 0.600000
20723 22.176 -53.710 -12.536 0.600000
20724 21.167 -53.806 -12.544 0.600000
20725 19.820 -53.661 -12.472 0.500000
20726 18.574 -53.534 -12.238 0.600000
20733 24.795 -54.098 -14.210 0.600000
20741 24.671 -54.161 -14.982 0.500000
20751 24.139 -53.862 -15.591 0.600000
20752 23.587 -54.242 -15.947 0.400000
20753 22.774 -54.202 -16.324 0.500000
20754 21.697 -54.156 -16.610 0.400000
21510 17.242 -53.529 -11.889 0.400000
21511 16.423 -53.415 -11.834 0.300000
21512 15.543 -53.361 -11.902 0.300000
21523 24.650 -53.012 -13.259 0.600000
21524 23.966 -53.571 -12.866 0.600000
21525 23.076 -53.178 -12.550 0.600000
21526 21.307 -53.027 -12.594 0.600000
21527 19.612 -53.016 -12.584 0.600000
21528 18.817 -52.830 -12.480 0.600000
21529 17.896 -53.013 -12.309 0.500000
21530 17.014 -52.850 -12.237 0.400000
21531 16.158 -52.688 -12.208 0.300000
21542 25.149 -53.236 -13.931 0.600000
21543 25.240 -52.469 -13.657 0.800000
21562 24.997 -53.471 -14.656 0.600000
21563 25.384 -52.748 -14.506 0.700000
21572 25.004 -52.821 -15.205 0.600000
21573 24.125 -53.007 -15.727 0.600000
21574 23.247 -53.358 -16.191 0.600000
21575 22.175 -53.344 -16.543 0.400000
21582 21.397 -53.270 -16.814 0.500000
21583 20.854 -52.791 -17.149 0.300000
22425 24.828 -51.456 -12.989 0.900000
22426 23.893 -52.550 -12.707 0.600000
22427 22.875 -52.336 -12.575 0.600000
22428 21.272 -52.177 -12.585 0.600000
22429 20.035 -52.491 -12.625 0.600000
22430 18.883 -51.972 -12.481 0.600000
22431 18.135 -52.252 -12.464 0.600000
22432 16.828 -52.183 -12.417 0.300000
22433 14.895 -51.694 -12.600 0.300000
22447 25.818 -52.033 -14.475 0.600000
22448 26.170 -51.603 -14.160 0.800000
22449 25.770 -52.001 -13.910 0.800000
22450 25.402 -51.798 -13.453 0.900000
22468 26.296 -51.377 -14.660 0.900000
22477 25.900 -51.726 -15.121 0.800000
22478 25.216 -52.009 -15.480 0.800000
22479 24.294 -52.182 -15.878 0.800000
22480 23.390 -52.363 -16.278 0.700000
22481 22.444 -52.509 -16.548 0.500000
22487 21.736 -51.814 -16.904 0.600000
22488 20.965 -52.021 -17.270 0.300000
23270 24.823 -50.667 -12.882 0.800000
23271 24.037 -51.060 -12.565 0.800000
23272 22.498 -51.000 -12.574 0.700000
23273 21.713 -50.781 -12.547 0.700000
23274 20.284 -51.138 -12.541 0.600000
23275 19.635 -50.947 -12.538 0.700000
23276 18.995 -51.185 -12.499 0.500000
23277 18.238 -51.499 -12.540 0.500000
23278 16.785 -51.430 -12.488 0.400000
23279 15.948 -50.920 -12.440 0.300000
23293 26.506 -50.999 -14.124 1.000000
23294 26.033 -51.448 -13.714 0.900000
23295 25.566 -51.129 -13.259 0.900000
23304 26.641 -50.771 -14.766 1.000000
23315 26.297 -50.904 -15.334 0.900000
23316 25.466 -51.217 -15.744 0.900000
23317 24.527 -51.359 -16.114 0.800000
23318 23.544 -51.483 -16.390 0.700000
23319 22.809 -50.795 -16.651 0.600000
23326 21.940 -50.968 -16.864 0.600000
23327 21.034 -51.155 -17.412 0.600000
24159 24.680 -49.782 -12.854 0.900000
24160 23.926 -50.216 -12.541 0.700000
24161 23.066 -49.851 -12.522 0.900000
24162 22.377 -50.286 -12.538 0.900000
24163 20.844 -50.530 -12.519 0.700000
24164 20.036 -50.364 -12.598 0.600000
24165 19.165 -50.305 -12.491 0.600000
24166 18.338 -50.709 -12.545 0.500000
24167 16.782 -50.590 -12.535 0.300000
24176 26.863 -50.116 -14.456 1.000000
24177 26.447 -50.269 -13.727 0.900000
24178 25.689 -50.290 -13.215 0.900000
24191 27.204 -49.721 -15.038 1.000000
24201 26.881 -50.230 -15.172 1.000000
24202 26.336 -49.926 -15.916 0.900000
24203 25.706 -50.545 -15.924 0.900000
24204 24.795 -50.476 -16.290 0.800000
24205 23.735 -50.643 -16.505 0.800000
24206 23.885 -49.818 -16.630 0.800000
24210 22.980 -49.987 -16.674 0.600000
24211 22.189 -50.201 -16.898 0.600000
24212 21.453 -50.413 -17.412 0.600000
24213 20.768 -50.472 -17.894 0.400000
24220 20.425 -50.164 -18.737 0.400000
24966 23.706 -49.363 -12.644 0.900000
24967 22.837 -49.111 -12.621 0.900000
24968 21.965 -49.007 -12.658 0.800000
24969 21.088 -48.944 -12.643 0.700000
24970 19.737 -49.539 -12.566 0.600000
24971 18.890 -49.359 -12.522 0.600000
24972 17.979 -49.240 -12.585 0.500000
24986 26.683 -49.359 -13.875 0.900000
24987 27.156 -49.251 -14.612 1.000000
24988 26.164 -48.967 -13.309 0.900000
24989 24.404 -48.778 -12.881 0.900000
25000 27.376 -49.069 -15.170 1.000000
25011 27.327 -48.818 -15.729 1.000000
25012 26.790 -49.160 -16.075 1.000000
25013 25.427 -50.026 -16.243 0.800000
25014 24.733 -49.615 -16.504 0.800000
25015 24.864 -48.895 -16.663 0.800000
25022 23.991 -49.014 -16.723 0.800000
25023 23.186 -49.238 -16.897 0.800000
25024 22.390 -49.462 -17.147 0.800000
25025 21.005 -49.782 -18.081 0.400000
25026 21.743 -48.945 -17.768 0.600000
25033 20.592 -49.434 -19.087 0.500000
25034 21.065 -49.052 -18.440 0.600000
25047 20.882 -48.697 -19.321 0.500000
25066 21.476 -48.631 -19.959 0.500000
25700 23.393 -48.573 -12.794 0.900000
25701 22.513 -48.379 -12.782 0.900000
25702 21.599 -48.242 -12.761 0.800000
25703 20.740 -48.151 -12.785 0.600000
25704 19.421 -48.655 -12.667 0.600000
25705 18.463 -48.488 -12.727 0.500000
25706 17.408 -48.427 -12.981 0.300000
25716 27.797 -48.040 -14.733 0.900000
25717 27.126 -48.480 -14.296 0.900000
25718 26.055 -48.140 -13.392 0.900000
25719 25.311 -47.616 -13.241 0.900000
25720 24.506 -47.891 -13.086 0.900000
25721 23.826 -48.075 -12.983 0.900000
25722 22.173 -47.599 -13.032 0.800000
25723 21.229 -47.500 -13.087 0.700000
25724 20.425 -47.503 -13.164 0.600000
25725 19.072 -47.759 -13.077 0.500000
25726 17.890 -47.693 -13.253 0.300000
25734 27.767 -48.296 -15.351 1.000000
25735 28.262 -47.590 -15.134 1.000000
25745 27.580 -48.249 -15.958 1.000000
25746 26.823 -48.414 -16.371 1.000000
25747 25.931 -48.898 -16.489 0.900000
25748 25.952 -48.099 -16.809 0.900000
25756 25.126 -48.190 -16.994 0.800000
25757 24.180 -48.280 -17.067 0.800000
25758 22.578 -48.726 -17.402 0.800000
25759 23.432 -47.623 -17.534 0.800000
25766 22.094 -48.152 -17.944 0.700000
25767 21.398 -48.341 -18.567 0.600000
25780 21.382 -48.006 -19.428 0.600000
25793 22.182 -48.107 -20.190 0.500000
25794 21.757 -47.891 -19.934 0.600000
25808 22.876 -47.575 -20.311 0.500000
25809 22.196 -47.401 -20.092 0.500000
26538 27.731 -46.758 -14.183 0.900000
26539 26.719 -47.751 -13.769 0.900000
26540 26.328 -46.759 -13.547 0.900000
26541 25.356 -46.728 -13.366 0.900000
26542 24.513 -47.067 -13.262 0.900000
26543 22.827 -46.894 -13.272 0.700000
26544 21.756 -46.814 -13.349 0.700000
26545 20.763 -46.749 -13.404 0.700000
26546 20.061 -47.039 -13.388 0.700000
26547 18.384 -47.023 -13.513 0.300000
26556 28.543 -46.997 -14.983 1.000000
26557 28.104 -47.284 -14.639 0.900000
26570 28.039 -47.604 -15.933 1.000000
26571 28.512 -46.926 -15.527 1.000000
26572 27.307 -47.822 -16.398 1.000000
26573 26.496 -47.609 -16.827 1.000000
26581 28.262 -46.668 -16.291 1.000000
26582 27.302 -47.042 -16.753 1.000000
26583 25.471 -47.402 -17.265 0.900000
26584 24.441 -47.507 -17.373 0.800000
26585 24.704 -46.772 -17.572 0.800000
26591 23.827 -46.802 -17.721 0.800000
26592 23.003 -46.844 -17.981 0.800000
26593 21.933 -47.568 -18.711 0.700000
26594 22.544 -47.044 -18.483 0.800000
26605 21.899 -47.418 -19.641 0.700000
26606 22.360 -46.926 -19.213 0.700000
26618 24.748 -47.156 -19.847 0.300000
26619 23.815 -47.402 -20.202 0.300000
26620 24.108 -46.698 -20.360 0.400000
26621 22.249 -46.764 -19.932 0.600000
26636 23.286 -46.824 -20.415 0.500000
26637 22.628 -46.802 -20.227 0.500000
27185 27.914 -45.795 -14.055 0.900000
27186 27.082 -46.226 -13.736 0.900000
27187 26.107 -45.783 -13.544 0.900000
27188 25.234 -45.913 -13.434 0.900000
27189 23.736 -46.567 -13.338 0.900000
27190 23.059 -45.998 -13.460 0.800000
27191 22.236 -46.074 -13.503 0.600000
27192 21.370 -46.029 -13.511 0.600000
27193 19.832 -46.300 -13.537 0.400000
27194 18.750 -46.313 -13.651 0.400000
27195 17.793 -46.423 -14.194 0.300000
27196 18.082 -45.638 -14.442 0.300000
27208 28.798 -46.376 -15.122 1.000000
27216 28.798 -46.139 -15.791 1.000000
27224 28.476 -45.800 -16.591 1.000000
27225 27.581 -46.143 -17.012 1.000000
27226 26.703 -46.340 -17.257 0.900000
27227 25.421 -46.662 -17.512 0.900000
27228 25.818 -46.044 -17.661 0.900000
27234 24.981 -46.202 -17.713 0.900000
27235 24.237 -46.117 -17.953 0.900000
27236 23.399 -46.158 -18.255 0.800000
27237 22.780 -46.415 -18.705 0.800000
27249 22.625 -46.199 -19.578 0.700000
27255 26.848 -46.023 -19.425 0.400000
27256 25.705 -45.984 -19.724 0.300000
27257 24.939 -46.389 -20.083 0.400000
27258 24.938 -45.523 -20.356 0.500000
27259 22.642 -46.148 -20.119 0.700000
27275 24.260 -46.046 -20.422 0.500000
27276 23.538 -46.120 -20.463 0.500000
27277 23.171 -45.507 -20.251 0.600000
27791 27.632 -44.893 -13.865 0.900000
27792 26.978 -45.346 -13.655 0.900000
27793 26.121 -44.956 -13.589 1.000000
27794 25.224 -45.027 -13.521 1.000000
27795 23.780 -45.072 -13.600 0.800000
27796 23.097 -44.784 -13.645 0.700000
27797 21.845 -45.304 -13.620 0.600000
27798 20.995 -45.252 -13.680 0.600000
27799 19.941 -45.214 -13.688 0.500000
27800 20.591 -44.490 -14.070 0.500000
27801 19.095 -45.651 -13.771 0.400000
27812 29.057 -45.617 -15.272 0.900000
27813 29.278 -44.866 -15.264 1.000000
27814 28.969 -45.055 -14.761 0.900000
27815 28.403 -45.048 -14.307 0.900000
27816 18.838 -44.916 -14.320 0.400000
27834 29.101 -45.259 -16.041 1.000000
27835 28.668 -45.090 -16.837 1.000000
27836 27.785 -45.220 -17.349 1.000000
27837 26.738 -45.630 -17.498 0.900000
27838 26.787 -44.924 -17.781 0.900000
27849 25.930 -45.187 -17.989 0.900000
27850 24.878 -45.449 -18.101 0.900000
27851 23.862 -45.436 -18.462 0.900000
27852 23.095 -45.583 -19.089 0.800000
27853 23.607 -44.790 -19.093 0.800000
27858 22.901 -45.457 -19.888 0.700000
27859 23.237 -44.919 -19.638 0.800000
27863 27.009 -45.199 -19.670 0.500000
27864 26.049 -45.326 -19.944 0.500000
27865 26.488 -44.562 -20.160 0.600000
27866 23.293 -44.549 -20.062 0.700000
27881 29.045 -45.150 -21.829 0.400000
27882 29.199 -44.410 -22.103 0.500000
27883 29.192 -44.470 -20.873 0.500000
27884 25.415 -44.732 -20.408 0.700000
27885 24.383 -44.627 -20.568 0.600000
28502 27.286 -43.733 -13.799 0.900000
28503 26.749 -44.439 -13.651 1.000000
28504 25.675 -44.266 -13.568 0.900000
28505 24.731 -44.191 -13.620 0.700000
28506 22.887 -44.028 -13.824 0.700000
28507 23.418 -43.469 -14.029 0.600000
28508 21.500 -44.544 -13.887 0.600000
28518 29.521 -44.143 -14.971 1.000000
28519 28.890 -44.370 -14.530 1.000000
28520 28.310 -43.635 -14.162 1.000000
28521 21.080 -43.867 -14.349 0.500000
28522 20.093 -43.725 -14.478 0.400000
28523 18.614 -44.254 -15.404 0.300000
28534 29.721 -43.681 -15.558 1.000000
28547 29.106 -44.488 -16.622 1.000000
28548 28.433 -44.467 -17.340 1.000000
28549 28.948 -43.892 -17.168 1.000000
28557 28.307 -43.659 -17.734 1.000000
28558 27.372 -44.217 -17.913 0.900000
28559 26.220 -44.391 -18.247 0.900000
28560 25.231 -44.575 -18.415 0.900000
28561 24.319 -44.680 -18.633 0.900000
28562 24.620 -43.924 -18.877 0.900000
28569 23.985 -44.047 -19.255 0.900000
28570 23.550 -44.226 -19.706 0.800000
28580 28.357 -44.459 -20.280 0.500000
28581 27.602 -44.786 -19.886 0.500000
28582 23.495 -43.749 -19.991 0.900000
28594 28.788 -43.796 -20.648 0.500000
28595 27.963 -43.777 -20.422 0.500000
28596 27.315 -44.109 -20.247 0.500000
28597 24.396 -43.946 -20.566 0.800000
28598 23.922 -44.036 -20.440 0.800000
28599 23.997 -43.354 -20.420 0.800000
28600 23.597 -43.730 -20.143 0.700000
28608 29.790 -43.853 -22.488 0.500000
28609 29.234 -43.763 -21.456 0.500000
29278 26.203 -43.606 -13.640 0.900000
29279 25.209 -43.489 -13.726 0.700000
29280 24.260 -43.469 -13.924 0.600000
29293 29.727 -43.272 -15.028 1.000000
29294 29.182 -43.525 -14.553 1.000000
29295 28.592 -42.973 -14.261 0.900000
29296 27.592 -42.801 -13.883 0.900000
29297 26.668 -43.006 -13.705 0.900000
29298 23.819 -42.866 -14.254 0.600000
29299 23.047 -42.937 -14.302 0.600000
29300 22.280 -43.041 -14.352 0.600000
29301 21.386 -43.121 -14.448 0.500000
29302 19.590 -43.044 -15.269 0.300000
29319 30.103 -42.929 -15.883 1.000000
29336 29.533 -43.643 -16.470 1.000000
29337 29.790 -42.843 -16.789 1.000000
29345 29.110 -43.108 -17.457 1.000000
29346 28.306 -42.956 -18.052 1.000000
29347 27.534 -43.279 -18.338 1.000000
29348 26.509 -43.545 -18.542 0.900000
29349 25.483 -43.771 -18.690 0.900000
29355 24.824 -43.307 -19.179 0.900000
29356 24.146 -43.297 -19.429 0.900000
29357 23.663 -43.434 -19.777 0.900000
29366 23.510 -43.088 -20.013 0.900000
29375 28.106 -43.158 -20.624 0.500000
29376 27.064 -43.318 -20.506 0.600000
29377 25.926 -43.317 -20.638 0.700000
29378 24.931 -43.487 -20.640 0.700000
29379 25.208 -42.696 -20.775 0.800000
29380 23.623 -43.008 -20.136 0.900000
29389 29.420 -43.069 -22.088 0.500000
29390 28.950 -43.050 -21.045 0.500000
29391 24.459 -42.825 -20.575 0.900000
29392 23.919 -42.593 -20.267 0.900000
29396 31.303 -42.783 -22.742 0.500000
29397 30.398 -43.260 -22.661 0.500000
30120 29.710 -41.724 -14.788 0.800000
30121 29.303 -42.583 -14.521 0.900000
30122 28.349 -42.259 -14.165 0.800000
30123 27.495 -41.997 -13.940 0.800000
30124 24.674 -41.968 -14.202 0.600000
30125 24.226 -41.558 -14.339 0.500000
30126 23.359 -42.369 -14.416 0.600000
30127 22.610 -42.426 -14.464 0.600000
30128 20.437 -42.274 -14.929 0.400000
30137 30.168 -41.999 -15.596 1.000000
30138 30.444 -41.396 -16.030 0.900000
30149 30.228 -42.112 -16.613 1.000000
30150 29.844 -41.530 -17.403 1.000000
30159 28.773 -42.270 -18.132 1.000000
30160 29.350 -41.725 -17.953 1.000000
30161 27.823 -42.490 -18.612 1.000000
30162 26.811 -42.675 -18.856 1.000000
30163 25.568 -42.839 -19.137 0.900000
30173 28.950 -41.455 -18.458 1.000000
30174 28.162 -41.692 -18.718 1.000000
30175 27.201 -41.843 -19.031 1.000000
30176 26.125 -41.934 -19.252 0.900000
30177 24.418 -42.606 -19.482 0.900000
30178 23.774 -42.638 -19.833 0.900000
30184 23.668 -42.524 -20.049 0.900000
30185 23.904 -41.910 -19.962 0.900000
30192 28.202 -42.426 -20.919 0.600000
30193 26.265 -42.479 -20.871 0.800000
30194 23.986 -41.923 -20.177 0.900000
30202 29.611 -41.562 -22.048 0.600000
30203 29.058 -42.194 -21.487 0.600000
30204 28.244 -41.799 -21.238 0.600000
30205 27.224 -41.873 -21.092 0.800000
30206 25.339 -42.041 -21.048 0.800000
30207 24.537 -42.081 -20.661 0.900000
30211 31.211 -41.924 -22.696 0.500000
30212 30.496 -41.764 -22.534 0.500000
30913 29.818 -40.881 -14.718 0.700000
30914 28.953 -41.704 -14.328 0.700000
30915 28.610 -40.958 -14.246 0.800000
30916 26.067 -41.300 -14.148 0.700000
30917 25.060 -41.224 -14.286 0.600000
30918 23.612 -41.166 -14.427 0.400000
30919 22.162 -41.286 -14.668 0.300000
30929 30.458 -40.817 -15.643 0.900000
30930 30.186 -41.219 -15.245 0.800000
30942 30.253 -41.295 -16.763 1.000000
30943 30.475 -40.742 -16.359 0.900000
30959 30.036 -40.637 -17.319 1.000000
30960 29.480 -41.077 -18.104 1.000000
30966 29.016 -40.840 -18.570 1.000000
30967 27.601 -40.961 -19.078 1.000000
30968 26.753 -40.382 -19.379 1.000000
30969 25.804 -40.577 -19.508 1.000000
30970 24.900 -40.824 -19.583 0.900000
30971 24.306 -41.207 -19.823 0.900000
30976 24.126 -41.216 -20.051 0.900000
30985 24.513 -40.403 -20.259 0.900000
30993 29.376 -40.717 -21.945 0.700000
30994 28.824 -41.349 -21.507 0.600000
30995 27.888 -41.201 -21.362 0.800000
30996 26.832 -41.046 -21.352 0.800000
30997 25.775 -40.850 -21.260 0.800000
30998 25.013 -40.647 -20.831 0.900000
31003 31.548 -41.122 -22.415 0.600000
31004 30.906 -41.118 -22.645 0.600000
31631 29.797 -40.092 -14.744 0.700000
31632 29.215 -40.497 -14.423 0.700000
31633 28.351 -40.211 -14.187 0.600000
31634 27.369 -39.996 -14.029 0.500000
31635 23.795 -39.532 -14.456 0.400000
31636 23.023 -39.875 -14.563 0.400000
31637 22.226 -39.385 -14.854 0.300000
31647 30.568 -40.219 -15.743 0.800000
31648 30.251 -40.492 -15.134 0.700000
31673 30.114 -39.620 -17.519 0.900000
31674 29.380 -40.135 -18.265 1.000000
31681 28.706 -39.356 -18.655 1.000000
31682 25.987 -39.778 -19.618 1.000000
31683 25.019 -40.018 -19.563 0.900000
31684 24.591 -40.331 -19.807 0.900000
31689 24.481 -39.848 -19.983 0.900000
31698 33.235 -39.731 -20.781 0.600000
31699 32.654 -40.134 -21.361 0.600000
31700 24.546 -39.386 -20.292 0.900000
31707 31.569 -40.174 -22.417 0.600000
31708 32.069 -39.749 -21.989 0.600000
31709 31.368 -39.448 -22.335 0.600000
31710 28.503 -39.818 -21.795 0.700000
31711 27.654 -40.422 -21.469 0.800000
31712 26.608 -40.200 -21.391 0.800000
31713 25.596 -39.988 -21.198 0.900000
31714 24.882 -39.767 -20.756 0.900000
31719 30.951 -39.890 -22.643 0.600000
31720 30.246 -39.783 -22.563 0.600000
31721 29.435 -39.851 -22.255 0.700000
32416 29.844 -39.242 -14.620 0.700000
32417 29.068 -39.704 -14.359 0.700000
32418 28.129 -39.401 -14.028 0.500000
32419 27.120 -39.150 -13.807 0.500000
32420 24.173 -38.296 -14.264 0.400000
32421 23.157 -39.106 -14.627 0.400000
32422 22.615 -38.662 -14.777 0.300000
32428 30.748 -39.420 -15.897 0.700000
32429 30.398 -39.726 -15.122 0.700000
32444 30.733 -39.113 -16.848 0.800000
32454 30.213 -38.691 -17.522 0.800000
32455 29.493 -39.089 -18.150 1.000000
32461 28.825 -38.498 -18.527 1.000000
32462 28.082 -38.673 -18.813 1.000000
32463 27.168 -38.630 -19.188 1.000000
32464 26.140 -38.933 -19.591 1.000000
32465 25.145 -39.177 -19.618 0.900000
32466 24.649 -39.473 -19.814 0.900000
32473 24.435 -38.939 -20.001 0.900000
32481 32.951 -39.047 -20.518 0.600000
32482 32.442 -39.471 -21.157 0.600000
32483 24.565 -38.388 -20.345 0.900000
32492 31.753 -39.138 -21.703 0.600000
32493 29.058 -39.061 -22.169 0.700000
32494 28.160 -38.948 -21.937 0.700000
32495 26.445 -39.242 -21.395 0.800000
32496 25.944 -38.424 -21.310 0.900000
32497 25.003 -38.367 -20.986 0.900000
32503 30.620 -39.222 -22.498 0.600000
32504 29.874 -39.074 -22.516 0.700000
33201 29.763 -38.203 -14.541 0.700000
33202 27.903 -38.522 -13.875 0.500000
33203 26.941 -38.251 -13.690 0.400000
33204 24.525 -37.552 -14.004 0.400000
33205 23.755 -37.603 -14.324 0.400000
33206 23.107 -37.573 -14.541 0.300000
33218 30.628 -38.792 -15.152 0.700000
33233 30.852 -38.237 -16.889 0.800000
33244 30.263 -37.809 -17.451 0.800000
33245 29.492 -38.199 -17.990 0.800000
33252 28.750 -37.703 -18.403 0.900000
33253 28.273 -38.054 -18.705 1.000000
33254 27.144 -37.684 -19.150 1.000000
33255 26.242 -38.027 -19.442 1.000000
33256 25.220 -38.323 -19.580 1.000000
33257 24.657 -38.609 -19.814 0.900000
33261 24.491 -38.064 -20.013 0.900000
33266 32.764 -38.290 -20.219 0.600000
33267 32.135 -38.807 -20.724 0.600000
33268 30.427 -38.260 -21.472 0.700000
33269 30.778 -37.844 -20.561 0.700000
33270 29.910 -37.684 -20.909 0.700000
33271 24.552 -37.381 -20.201 0.900000
33279 30.972 -38.816 -22.063 0.600000
33280 30.203 -38.532 -22.354 0.700000
33281 29.712 -37.956 -21.987 0.700000
33282 29.489 -38.417 -22.211 0.700000
33283 27.799 -38.117 -21.824 0.700000
33284 26.661 -37.790 -21.501 0.900000
33285 24.791 -37.719 -20.701 0.900000
34019 30.669 -37.905 -15.111 0.700000
34020 30.911 -37.125 -15.184 0.700000
34021 30.083 -37.245 -14.485 0.700000
34022 29.224 -37.384 -14.214 0.400000
34023 28.460 -36.881 -13.980 0.400000
34024 27.457 -36.778 -13.730 0.400000
34025 26.124 -37.206 -13.680 0.400000
34026 25.227 -36.413 -13.709 0.400000
34027 24.066 -36.921 -14.149 0.400000
34043 31.374 -36.795 -15.826 0.700000
34056 31.485 -36.358 -16.183 0.700000
34057 30.953 -37.420 -16.866 0.700000
34066 30.338 -36.881 -17.349 0.800000
34067 29.412 -37.317 -17.861 0.800000
34068 28.565 -36.823 -18.286 0.900000
34076 27.946 -37.391 -18.765 1.000000
34077 27.240 -36.854 -19.071 1.000000
34078 26.386 -37.133 -19.410 1.000000
34079 25.376 -37.461 -19.622 1.000000
34080 24.682 -37.805 -19.836 1.000000
34088 33.548 -37.756 -19.877 0.600000
34089 33.225 -36.913 -19.641 0.600000
34090 32.727 -37.540 -19.903 0.600000
34091 32.290 -36.772 -19.835 0.600000
34092 24.576 -36.739 -20.082 1.000000
34102 31.265 -36.988 -20.119 0.700000
34103 30.285 -37.032 -20.313 0.700000
34104 28.700 -37.109 -21.300 0.700000
34105 28.631 -36.362 -20.766 0.700000
34106 27.973 -36.749 -21.223 0.800000
34107 24.632 -36.510 -20.209 0.900000
34115 27.365 -37.272 -21.485 0.900000
34116 26.402 -36.935 -21.414 0.900000
34117 25.505 -37.528 -21.228 0.900000
34118 24.896 -37.018 -20.800 0.900000
34852 30.572 -35.859 -14.777 0.600000
34853 29.748 -35.906 -14.373 0.500000
34854 28.955 -35.870 -14.149 0.500000
34855 28.069 -35.976 -13.803 0.400000
34856 24.807 -35.791 -13.758 0.400000
34857 23.723 -36.252 -14.304 0.300000
34873 31.515 -36.183 -15.835 0.700000
34874 31.029 -36.398 -15.310 0.700000
34887 31.669 -35.551 -15.948 0.700000
34888 30.846 -36.225 -16.800 0.700000
34900 30.020 -36.060 -17.431 0.800000
34901 29.039 -35.775 -17.917 0.800000
34902 27.849 -36.625 -18.662 1.000000
34903 28.149 -35.996 -18.392 0.800000
34904 27.319 -36.109 -18.790 1.000000
34905 27.363 -35.375 -18.599 0.900000
34906 26.710 -35.596 -18.929 1.000000
34912 25.804 -35.534 -19.307 1.000000
34913 24.986 -35.974 -19.671 1.000000
34914 24.758 -36.887 -19.903 1.000000
34921 32.990 -36.142 -19.681 0.600000
34922 32.320 -35.934 -19.802 0.600000
34923 31.608 -36.124 -19.833 0.600000
34924 24.571 -35.995 -20.026 1.000000
34933 30.752 -36.240 -19.953 0.700000
34934 29.827 -36.173 -20.269 0.700000
34935 29.120 -35.799 -20.465 0.700000
34936 27.764 -36.028 -20.801 0.800000
34937 27.126 -36.422 -21.252 0.900000
34938 26.950 -35.586 -20.964 0.900000
34939 26.285 -36.002 -21.323 0.900000
34940 24.689 -35.651 -20.226 0.900000
34949 25.570 -36.528 -21.229 0.900000
34950 25.097 -36.096 -20.664 0.900000
35630 24.870 -35.081 -13.588 0.300000
35631 25.824 -34.613 -13.485 0.300000
35632 24.118 -35.543 -14.052 0.300000
35633 24.138 -34.661 -13.817 0.300000
35643 30.842 -35.297 -14.858 0.500000
35644 30.121 -35.101 -14.516 0.500000
35645 29.554 -34.947 -14.276 0.400000
35646 28.765 -35.110 -14.069 0.400000
35647 27.585 -35.107 -13.829 0.400000
35648 26.463 -35.330 -13.603 0.400000
35649 22.815 -35.313 -14.490 0.300000
35663 31.623 -34.643 -15.858 0.700000
35664 31.370 -35.041 -15.375 0.700000
35675 30.694 -35.523 -17.015 0.800000
35687 30.353 -34.815 -17.428 0.800000
35688 29.221 -35.031 -17.856 0.800000
35689 28.200 -35.129 -18.257 0.800000
35690 27.338 -34.766 -18.551 0.800000
35691 26.449 -34.796 -18.860 0.900000
35697 25.415 -34.576 -19.347 1.000000
35698 25.060 -35.216 -19.555 1.000000
35699 24.713 -35.536 -19.855 1.000000
35707 32.808 -35.456 -20.077 0.600000
35708 24.564 -35.161 -20.000 1.000000
35717 32.692 -34.711 -20.560 0.600000
35718 31.945 -35.286 -20.192 0.700000
35719 31.100 -34.687 -20.346 0.700000
35720 29.735 -35.228 -20.274 0.700000
35721 28.981 -34.936 -20.458 0.700000
35722 27.651 -35.315 -20.696 0.900000
35723 27.015 -34.506 -20.780 0.900000
35724 26.173 -35.036 -21.196 0.900000
35734 25.527 -34.626 -20.970 1.000000
36456 25.702 -33.584 -13.454 0.300000
36457 24.918 -34.188 -13.490 0.300000
36468 30.672 -34.593 -14.666 0.500000
36469 30.345 -34.276 -14.584 0.500000
36470 29.617 -34.383 -14.327 0.400000
36471 28.437 -34.414 -14.043 0.400000
36472 27.432 -34.169 -13.794 0.400000
36473 26.575 -33.857 -13.587 0.400000
36486 31.586 -33.853 -15.729 0.700000
36487 31.189 -34.218 -15.061 0.500000
36488 30.693 -33.761 -13.853 0.500000
36506 31.345 -33.919 -16.994 0.700000
36507 30.486 -34.087 -17.672 0.800000
36508 29.516 -34.351 -18.062 0.800000
36509 27.857 -34.352 -18.501 0.800000
36510 26.879 -34.117 -18.737 0.900000
36511 25.804 -33.707 -19.215 0.900000
36516 24.773 -34.555 -19.790 1.000000
36517 25.009 -33.792 -19.566 1.000000
36524 24.641 -34.303 -20.072 1.000000
36525 24.735 -33.492 -19.913 1.000000
36533 33.921 -34.326 -20.978 0.600000
36534 33.261 -34.335 -20.900 0.600000
36535 32.666 -33.980 -21.120 0.700000
36536 31.943 -34.301 -20.697 0.700000
36537 30.400 -33.744 -20.608 0.800000
36538 29.627 -34.284 -20.417 0.700000
36539 28.721 -33.984 -20.501 0.800000
36540 27.734 -33.705 -20.646 0.900000
36541 26.663 -33.238 -20.850 1.000000
36542 25.961 -33.938 -21.127 0.900000
36543 24.780 -33.435 -20.201 1.000000
36556 25.281 -33.631 -20.645 1.000000
37315 25.518 -32.706 -13.526 0.300000
37316 24.862 -33.278 -13.434 0.300000
37327 30.858 -33.685 -14.517 0.400000
37328 29.092 -33.770 -14.222 0.400000
37329 28.290 -32.947 -14.282 0.400000
37330 27.297 -33.337 -13.887 0.400000
37331 26.411 -32.880 -13.633 0.300000
37342 31.557 -32.988 -15.707 0.400000
37343 30.910 -33.454 -14.875 0.500000
37344 30.525 -32.966 -14.041 0.500000
37345 30.327 -32.763 -14.746 0.400000
37354 31.862 -32.822 -16.508 0.600000
37363 31.672 -33.131 -17.244 0.600000
37364 30.906 -33.433 -17.956 0.700000
37365 29.807 -33.602 -18.343 0.800000
37366 27.466 -33.572 -18.779 0.800000
37367 26.478 -33.384 -19.095 0.900000
37368 26.919 -32.624 -19.250 0.900000
37375 25.768 -32.758 -19.447 0.900000
37376 24.956 -32.910 -19.689 0.900000
37382 24.744 -32.424 -20.036 1.000000
37387 31.842 -33.447 -21.382 0.800000
37388 30.900 -33.030 -21.197 0.700000
37389 29.951 -32.706 -21.187 0.800000
37390 29.285 -33.196 -20.660 0.800000
37391 28.233 -32.987 -20.651 0.800000
37392 27.333 -32.779 -20.813 0.900000
37393 26.512 -31.911 -21.086 0.900000
37394 25.052 -31.904 -20.387 0.900000
37405 33.565 -33.284 -22.141 0.500000
37406 32.689 -33.408 -21.811 0.600000
37407 32.041 -32.990 -22.127 0.700000
37408 31.358 -32.612 -21.890 0.700000
37409 30.413 -32.211 -21.709 0.800000
37410 25.692 -32.669 -20.688 1.000000
37417 32.595 -32.872 -22.509 0.700000
38072 29.080 -32.326 -14.650 0.400000
38073 27.935 -31.817 -14.519 0.300000
38074 27.163 -32.457 -14.190 0.400000
38087 31.839 -32.223 -16.143 0.500000
38088 31.093 -32.181 -15.438 0.400000
38089 30.332 -32.317 -14.938 0.400000
38090 29.630 -31.769 -14.915 0.300000
38091 28.738 -31.563 -14.764 0.400000
38099 32.148 -32.289 -17.213 0.600000
38100 32.511 -31.539 -16.995 0.400000
38101 32.097 -31.587 -16.453 0.400000
38110 31.946 -31.994 -18.126 0.600000
38111 32.406 -31.561 -17.672 0.600000
38112 31.367 -32.606 -18.275 0.600000
38113 30.213 -32.842 -18.679 0.700000
38114 28.894 -32.826 -18.868 0.800000
38115 27.961 -33.045 -18.854 0.800000
38120 32.138 -31.400 -18.522 0.600000
38121 31.424 -31.769 -18.857 0.700000
38122 30.545 -32.029 -19.118 0.700000
38123 29.453 -32.069 -19.264 0.800000
38124 27.837 -32.369 -19.133 0.800000
38125 24.921 -31.855 -19.903 0.900000
38126 25.833 -31.682 -19.776 0.900000
38131 24.950 -31.617 -20.120 0.900000
38132 25.327 -31.308 -20.224 0.900000
38143 29.280 -31.790 -21.486 0.800000
38144 27.552 -31.940 -21.283 0.900000
38145 25.483 -31.299 -20.389 0.900000
38151 31.876 -32.377 -22.439 0.700000
38152 31.129 -31.847 -22.033 0.800000
38153 29.981 -31.363 -21.583 0.800000
38154 27.931 -31.066 -21.539 0.900000
38155 26.993 -31.065 -21.446 0.900000
38156 26.287 -30.829 -21.093 0.900000
38166 33.800 -32.298 -23.421 0.600000
38167 33.206 -32.629 -22.978 0.600000
38168 32.372 -32.217 -22.996 0.600000
38177 33.576 -31.739 -23.867 0.600000
38835 27.469 -30.991 -14.641 0.300000
38836 26.827 -31.494 -14.433 0.300000
38837 26.143 -30.801 -14.506 0.300000
38848 31.499 -31.494 -15.813 0.300000
38849 30.660 -31.436 -15.388 0.300000
38850 29.844 -30.942 -15.262 0.300000
38852 28.170 -30.980 -14.782 0.300000
38862 32.795 -30.980 -17.239 0.500000
38863 32.415 -30.845 -16.610 0.300000
38871 32.713 -30.926 -18.080 0.500000
38876 32.356 -30.654 -18.969 0.600000
38877 31.577 -30.951 -19.212 0.700000
38878 30.701 -31.092 -19.415 0.700000
38879 29.693 -31.119 -19.442 0.700000
38880 27.864 -30.779 -19.688 0.800000
38881 26.277 -30.958 -20.215 0.900000
38882 27.047 -30.575 -20.066 0.800000
38886 26.180 -30.880 -20.676 0.900000
38887 26.766 -30.211 -20.650 0.900000
38895 26.737 -30.112 -21.135 0.900000
38902 31.855 -31.823 -22.578 0.700000
38903 32.007 -31.123 -22.471 0.800000
38904 31.477 -31.323 -21.957 0.800000
38905 30.666 -30.874 -21.615 0.800000
38906 29.580 -30.378 -21.331 0.900000
38907 27.741 -30.230 -21.367 0.900000
38908 27.057 -30.324 -21.418 0.900000
38918 32.902 -31.906 -23.549 0.600000
38919 32.558 -31.217 -23.385 0.600000
38927 34.801 -31.123 -23.672 0.500000
38928 33.348 -30.685 -24.322 0.600000
38929 33.117 -31.257 -23.988 0.600000
39627 26.844 -30.552 -14.790 0.300000
39637 30.531 -30.570 -15.516 0.300000
39641 27.596 -30.338 -15.143 0.300000
39642 25.972 -29.556 -15.269 0.300000
39652 33.080 -30.346 -17.559 0.400000
39653 33.290 -29.836 -17.190 0.400000
39654 32.975 -30.281 -16.876 0.400000
39662 33.364 -29.649 -17.918 0.400000
39668 32.992 -30.178 -18.508 0.500000
39669 32.223 -29.638 -19.456 0.500000
39670 31.634 -30.139 -19.419 0.700000
39671 30.812 -30.093 -19.538 0.700000
39672 28.659 -30.144 -19.761 0.700000
39673 29.865 -30.133 -19.700 0.700000
39674 27.561 -30.046 -20.240 0.900000
39684 28.171 -29.828 -20.362 0.800000
39685 29.263 -29.683 -19.970 0.700000
39686 27.247 -29.846 -20.895 0.900000
39691 27.835 -29.875 -21.031 0.900000
39692 29.015 -29.825 -20.540 0.800000
39693 27.213 -29.952 -21.281 0.900000
39707 32.330 -30.161 -21.776 0.800000
39708 31.394 -30.268 -21.486 0.800000
39709 30.252 -29.836 -21.172 0.800000
39710 29.452 -29.844 -20.996 0.800000
39717 32.416 -30.637 -22.902 0.700000
39725 34.231 -30.692 -24.365 0.600000
39726 34.722 -29.972 -24.431 0.600000
39727 32.871 -30.051 -24.167 0.600000
39728 32.773 -30.671 -23.796 0.600000
39735 33.573 -30.045 -24.564 0.600000
40493 33.437 -29.149 -17.358 0.400000
40494 32.998 -29.504 -16.807 0.300000
40502 33.802 -28.822 -18.204 0.400000
40517 33.259 -29.359 -18.939 0.500000
40518 33.617 -28.578 -19.223 0.500000
40519 31.046 -29.381 -19.779 0.700000
40520 30.181 -29.449 -19.871 0.700000
40525 32.520 -28.854 -19.832 0.500000
40526 31.414 -28.986 -19.956 0.700000
40527 30.561 -29.132 -19.997 0.700000
40528 29.855 -29.419 -20.025 0.700000
40543 31.832 -29.281 -20.700 0.700000
40544 32.508 -28.790 -20.272 0.700000
40545 30.861 -29.419 -20.557 0.800000
40546 29.959 -29.460 -20.511 0.700000
40553 32.826 -29.923 -22.197 0.800000
40554 33.378 -29.191 -21.772 0.800000
40555 32.725 -29.223 -21.212 0.800000
40561 32.745 -30.205 -23.369 0.700000
40562 32.696 -29.461 -23.968 0.600000
40577 33.966 -29.447 -24.959 0.500000
40578 32.857 -29.246 -24.678 0.600000
41292 33.733 -28.422 -17.428 0.300000
41317 34.205 -28.170 -17.935 0.400000
41318 34.349 -27.571 -18.129 0.300000
41319 34.072 -27.725 -17.520 0.300000
41324 34.114 -28.108 -18.614 0.400000
41338 33.293 -28.396 -19.981 0.500000
41339 33.918 -27.998 -19.541 0.400000
41347 33.318 -28.594 -20.837 0.700000
41348 33.960 -28.019 -20.514 0.500000
41355 33.685 -28.933 -22.394 0.700000
41356 34.274 -27.745 -21.313 0.500000
41361 32.911 -28.956 -23.581 0.600000
41362 33.837 -28.285 -22.996 0.600000
41368 32.768 -28.030 -24.035 0.600000
41369 32.543 -28.389 -24.586 0.600000
41377 33.434 -28.794 -25.256 0.600000
41378 32.554 -28.401 -25.058 0.600000
41379 33.217 -28.169 -25.437 0.600000
41380 32.042 -27.687 -24.997 0.600000
41384 32.481 -27.728 -25.334 0.600000
42067 34.447 -26.809 -18.467 0.300000
42068 34.268 -26.962 -17.651 0.300000
42069 33.747 -27.211 -17.139 0.300000
42078 34.202 -27.445 -19.051 0.400000
42087 34.401 -27.431 -20.618 0.500000
42088 34.611 -26.769 -19.420 0.400000
42093 34.598 -26.994 -21.139 0.400000
42099 34.458 -27.357 -22.188 0.500000
42103 33.938 -27.300 -23.347 0.500000
42109 32.848 -26.957 -24.220 0.600000
42110 32.090 -27.514 -24.727 0.600000
42118 34.443 -28.050 -25.313 0.500000
42119 31.726 -27.136 -24.940 0.600000
42123 33.648 -27.462 -25.537 0.600000
42124 32.781 -27.006 -25.568 0.600000
42125 31.932 -27.203 -25.215 0.600000
42856 35.166 -26.398 -19.958 0.300000
42857 35.347 -25.684 -20.067 0.300000
42858 34.949 -25.958 -19.353 0.300000
42863 35.075 -26.237 -20.806 0.400000
42864 35.379 -25.295 -20.845 0.300000
42868 34.717 -26.501 -21.669 0.300000
42869 34.539 -26.433 -22.558 0.300000
42876 33.989 -26.242 -23.441 0.400000
42882 33.228 -25.983 -24.008 0.400000
42883 32.234 -26.287 -24.547 0.400000
42891 34.843 -27.018 -25.217 0.400000
42892 31.655 -25.735 -24.857 0.400000
42893 31.613 -26.679 -25.014 0.600000
42894 31.527 -26.042 -24.988 0.500000
42898 33.966 -26.586 -25.581 0.500000
42899 33.112 -26.216 -25.660 0.600000
42900 32.112 -26.547 -25.398 0.600000
42901 31.750 -25.949 -25.182 0.600000
43606 34.651 -25.387 -18.637 0.300000
43612 35.553 -24.838 -20.105 0.300000
43613 35.129 -25.067 -19.375 0.300000
43622 34.934 -25.668 -21.800 0.300000
43623 35.377 -24.688 -21.614 0.300000
43630 35.091 -24.269 -22.499 0.300000
43631 34.078 -25.151 -23.438 0.400000
43633 33.492 -24.477 -23.839 0.400000
43634 32.687 -25.252 -24.340 0.400000
43642 31.610 -24.712 -24.785 0.400000
43643 31.489 -25.005 -25.076 0.400000
43649 33.310 -25.380 -25.806 0.400000
43650 32.112 -25.219 -25.544 0.400000
44372 34.439 -24.092 -23.282 0.300000
44376 33.443 -23.655 -23.828 0.400000
44377 32.474 -24.249 -24.329 0.400000
44386 31.101 -24.124 -25.002 0.400000
44387 31.148 -24.084 -25.137 0.400000
44392 34.024 -23.521 -25.788 0.300000
44393 31.688 -24.279 -25.549 0.400000
45104 34.334 -23.083 -23.232 0.300000
45110 32.301 -23.422 -24.348 0.400000
45118 31.079 -23.552 -25.128 0.400000
45124 31.790 -23.540 -25.879 0.400000
45125 32.401 -22.951 -26.252 0.300000
45126 31.247 -23.558 -25.347 0.300000
89012 21.374 -41.680 -14.737 0.400000
89063 34.171 -22.560 -25.899 0.300000
89081 22.846 -40.746 -14.534 0.400000
89187 26.200 -46.866 -17.275 0.900000
89210 25.535 -35.553 -13.579 0.400000
89258 19.551 -44.339 -14.367 0.400000
89262 28.906 -38.823 -14.225 0.600000
89289 27.468 -39.581 -21.576 0.700000
89303 23.305 -38.299 -14.537 0.400000
89310 24.057 -42.254 -14.313 0.600000
89344 22.661 -55.574 -12.824 0.600000
89397 24.423 -36.299 -14.004 0.400000
89417 32.740 -23.763 -26.060 0.300000
89450 21.741 -42.426 -14.539 0.400000
89461 22.931 -41.710 -14.529 0.400000
89620 23.685 -40.332 -14.433 0.400000
89662 26.015 -41.624 -21.204 0.800000
89678 26.541 -36.280 -19.209 1.000000
89934 25.355 -37.295 -13.740 0.400000
89935 26.066 -37.897 -13.685 0.400000
89936 27.696 -37.617 -13.805 0.400000
89939 25.116 -38.294 -13.889 0.400000
89940 26.009 -38.875 -13.925 0.400000
89941 24.563 -39.083 -14.306 0.400000
89942 25.326 -39.653 -14.239 0.400000
89943 26.354 -39.797 -14.093 0.500000
89944 24.985 -40.415 -14.346 0.400000
89945 25.734 -40.493 -14.252 0.600000
89946 26.685 -40.609 -14.145 0.600000
89995 21.091 -51.361 -12.508 0.700000
90037 27.089 -31.480 -19.585 0.800000
90555 19.260 -43.689 -14.954 0.400000
90562 20.509 -43.193 -14.606 0.500000
90579 24.479 -45.455 -13.487 0.900000
90580 17.565 -51.052 -12.564 0.400000
90592 26.920 -39.561 -19.350 1.000000
90616 20.309 -51.540 -17.622 0.400000
90662 25.699 -44.042 -20.510 0.700000
90917 26.133 -36.117 -13.586 0.400000
90967 25.573 -52.337 -14.982 0.800000
91157 23.866 -45.392 -20.547 0.600000
91226 25.114 -41.431 -20.980 0.900000
91279 23.623 -44.614 -20.358 0.700000
91348 34.720 -26.895 -20.301 0.400000
91665 19.681 -51.720 -12.566 0.600000
91868 28.650 -37.887 -14.089 0.500000
91892 30.905 -38.589 -16.107 0.700000
91919 34.835 -25.008 -22.509 0.300000
91946 22.629 -45.350 -13.568 0.700000
91968 24.516 -46.243 -13.361 0.900000
92152 17.519 -51.811 -12.508 0.400000
92161 27.675 -40.762 -14.112 0.700000
92162 22.105 -51.695 -12.590 0.700000
92163 22.136 -52.703 -12.564 0.600000
92165 27.806 -39.446 -18.977 1.000000
92380 27.727 -38.080 -18.918 1.000000
92463 27.058 -36.010 -13.603 0.400000
92638 20.604 -45.924 -13.537 0.600000
92647 32.830 -24.592 -25.897 0.400000
92656 25.322 -48.487 -13.118 0.900000
92773 27.513 -40.142 -19.142 1.000000
92838 30.304 -34.670 -20.299 0.800000
92855 29.443 -44.374 -15.785 1.000000
92979 22.181 -56.867 -12.425 0.500000
93078 25.757 -31.590 -20.668 1.000000
93358 28.154 -37.444 -21.588 0.700000
93479 31.752 -28.856 -20.041 0.700000
93539 28.372 -35.573 -20.597 0.700000
93568 28.801 -31.194 -19.493 0.800000
94061 17.564 -50.102 -12.566 0.500000
94118 24.724 -52.188 -13.120 0.600000
94171 21.822 -55.327 -12.414 0.600000
94227 32.144 -40.558 -21.993 0.600000
94279 24.452 -41.282 -20.453 0.900000
94404 24.376 -44.792 -13.608 1.000000
94523 33.077 -29.637 -22.810 0.700000
94623 20.565 -49.679 -12.598 0.600000
94628 21.531 -49.833 -12.567 0.700000
94660 30.475 -35.440 -20.107 0.700000
94706 28.029 -41.495 -14.092 0.800000
94721 31.857 -37.901 -20.267 0.600000
94813 33.528 -34.998 -20.466 0.600000
94843 24.862 -41.764 -19.473 0.900000
94894 22.327 -44.621 -13.720 0.700000
94965 31.143 -37.690 -16.019 0.700000
95183 30.586 -40.426 -22.580 0.600000
95353 24.993 -32.736 -20.371 1.000000
95367 25.313 -39.140 -21.129 0.900000
95465 26.545 -41.177 -19.321 1.000000
95571 19.220 -53.420 -12.427 0.600000
95614 31.108 -43.446 -23.004 0.500000
95629 27.463 -47.567 -14.285 0.900000
95631 28.124 -34.686 -20.584 0.800000
95682 27.062 -49.516 -15.473 1.000000
95764 20.943 -54.631 -12.332 0.600000
95776 28.568 -40.634 -21.605 0.800000
96000 28.045 -33.740 -14.033 0.400000
96487 25.604 -36.531 -19.558 1.000000
96609 33.867 -28.456 -21.466 0.800000
96648 31.171 -35.592 -19.973 0.700000
96673 30.857 -42.608 -22.828 0.500000
96712 34.328 -31.782 -23.624 0.600000
96840 31.275 -33.800 -20.752 0.800000
96905 21.711 -57.895 -12.075 0.500000
96960 24.918 -34.338 -20.478 1.000000
96964 31.216 -35.757 -15.391 0.700000
96982 25.478 -49.360 -13.089 0.900000
97081 31.307 -37.017 -16.298 0.700000
97176 21.574 -52.603 -16.858 0.500000
97430 23.370 -48.500 -17.204 0.800000
97450 31.218 -38.641 -20.936 0.600000
97496 22.633 -51.641 -16.620 0.600000
97500 28.360 -46.530 -14.564 0.900000
97614 24.666 -53.509 -15.217 0.600000
97670 25.901 -46.819 -19.336 0.300000
97740 26.779 -29.760 -15.343 0.300000
97835 29.383 -36.894 -20.723 0.700000
97838 21.726 -54.420 -12.479 0.600000
98001 27.510 -48.663 -14.817 1.000000
98061 25.649 -35.575 -21.143 0.900000
98221 23.819 -55.631 -15.414 0.500000
98538 26.557 -42.159 -13.849 0.700000
98539 23.740 -47.378 -13.159 0.900000
98540 17.485 -52.408 -12.412 0.400000
98615 28.612 -33.787 -18.534 0.800000
98660 23.222 -51.579 -12.584 0.700000
98694 29.307 -36.518 -17.814 0.800000
98721 28.039 -44.350 -14.062 0.900000
98809 28.316 -31.806 -19.314 0.800000
98844 33.865 -31.304 -24.223 0.600000
98868 23.164 -50.657 -12.539 0.700000
98888 27.366 -38.866 -21.677 0.800000
98901 26.171 -49.695 -13.398 0.900000
99012 20.919 -58.368 -11.316 0.400000
99025 19.583 -56.515 -11.179 0.500000
99092 28.381 -40.289 -18.801 1.000000
99101 22.574 -47.498 -17.979 0.800000
99116 22.173 -55.751 -16.255 0.400000
99121 29.316 -36.654 -14.249 0.500000
99170 28.683 -45.757 -14.618 0.900000
99191 30.393 -36.545 -14.644 0.600000
99254 31.211 -29.011 -20.131 0.700000
99317 28.609 -32.237 -21.141 0.800000
99364 30.164 -40.990 -22.365 0.600000
99420 32.302 -31.675 -23.085 0.600000
99453 21.709 -49.707 -17.491 0.600000
99521 31.841 -30.988 -16.122 0.300000
99605 28.635 -30.147 -21.130 0.900000
99665 31.749 -33.487 -16.351 0.700000
99712 28.762 -30.780 -21.369 0.900000
99734 29.867 -35.449 -17.542 0.800000
99869 33.773 -39.193 -20.394 0.600000
99878 29.844 -42.511 -15.115 0.900000
99894 20.413 -53.204 -12.606 0.600000
99946 26.874 -38.467 -21.554 0.900000
99984 34.962 -25.981 -25.083 0.400000
100006 19.397 -52.398 -12.547 0.600000
100070 27.369 -42.624 -20.723 0.700000
100079 23.813 -38.867 -14.458 0.400000
100367 25.113 -35.201 -20.634 0.900000
100579 20.247 -48.824 -12.645 0.600000
100621 30.570 -39.993 -16.646 0.800000
100623 26.498 -43.882 -20.437 0.600000
100704 30.848 -38.238 -15.631 0.700000
100814 29.597 -42.286 -17.443 1.000000
101041 31.141 -40.519 -22.621 0.600000
101054 28.799 -45.253 -20.430 0.400000
101084 25.775 -42.815 -13.810 0.700000
101177 25.976 -47.395 -13.413 0.900000
101217 29.944 -42.406 -22.340 0.500000
101302 29.338 -41.149 -14.455 0.700000
101303 27.115 -47.026 -13.881 0.900000
101304 24.169 -51.777 -12.708 0.700000
101458 31.669 -26.563 -24.887 0.600000
101514 23.086 -47.810 -13.004 0.900000
101613 19.965 -48.059 -12.945 0.600000
101652 24.756 -39.008 -20.735 0.900000
101668 33.456 -38.557 -20.214 0.600000
101747 27.058 -41.364 -14.036 0.600000
101867 26.829 -37.401 -13.681 0.400000
101926 24.342 -40.770 -14.364 0.400000
101953 24.706 -36.896 -13.869 0.400000
102008 26.601 -36.710 -13.643 0.400000
102137 22.734 -43.442 -14.133 0.700000
102191 25.243 -38.986 -14.119 0.400000
102213 24.449 -39.953 -14.367 0.400000
102270 31.243 -30.746 -15.731 0.300000
102301 20.491 -51.895 -12.585 0.700000
102453 24.707 -42.697 -14.095 0.700000
102485 30.082 -32.994 -14.618 0.400000
102515 31.789 -30.333 -16.168 0.300000
102568 15.898 -51.855 -12.431 0.300000
102598 27.958 -45.550 -19.736 0.300000
102648 24.971 -44.183 -20.586 0.700000
102799 23.640 -41.852 -14.441 0.600000
102833 31.425 -34.837 -16.569 0.700000
102972 22.038 -43.807 -14.103 0.500000
103031 28.860 -37.854 -21.876 0.700000
103037 20.458 -53.903 -12.485 0.600000
103041 23.800 -45.782 -13.446 0.700000
103117 34.153 -28.189 -22.062 0.700000
103175 31.821 -26.989 -24.736 0.600000
103259 25.439 -42.019 -14.036 0.700000
103265 22.810 -48.102 -17.621 0.800000
103472 17.905 -53.685 -11.963 0.500000
103661 17.995 -44.879 -15.183 0.300000
103798 18.411 -49.958 -12.533 0.500000
104070 29.311 -32.462 -21.087 0.800000
104072 24.625 -36.202 -19.952 1.000000
104101 28.715 -38.445 -22.039 0.700000
104112 21.392 -49.383 -17.903 0.600000
104148 34.030 -25.865 -25.644 0.400000
104277 22.195 -41.931 -14.580 0.400000
104315 26.158 -50.879 -13.559 0.900000
104417 34.352 -27.475 -19.912 0.400000
104627 16.754 -55.934 -10.739 0.300000
104747 31.064 -36.797 -16.716 0.700000
104849 22.326 -40.159 -14.705 0.300000
104934 25.632 -41.244 -19.412 0.900000
104959 22.833 -56.273 -13.085 0.600000
104965 26.754 -34.614 -13.656 0.400000
104978 33.458 -35.650 -19.887 0.600000
104994 25.543 -52.523 -14.066 0.600000
105013 22.050 -40.651 -14.743 0.400000
105129 31.560 -23.980 -24.666 0.400000
105191 26.577 -48.573 -13.709 0.900000
105226 24.384 -40.628 -19.960 0.900000
105398 29.238 -36.320 -20.558 0.700000
105551 22.354 -49.608 -12.568 0.700000
105692 28.468 -41.063 -18.750 1.000000
105702 26.287 -30.123 -14.890 0.300000
105717 30.762 -32.757 -14.996 0.500000
105894 23.780 -44.246 -13.753 0.700000
106121 24.114 -41.986 -19.721 0.900000
106333 24.245 -55.407 -14.905 0.500000
106431 29.825 -36.602 -14.372 0.500000
106481 34.652 -24.611 -22.937 0.300000
106552 28.731 -36.284 -18.123 0.800000
106650 20.683 -52.528 -12.603 0.600000
106655 29.206 -44.613 -14.836 0.900000
106774 22.951 -46.267 -20.350 0.500000
106962 34.571 -25.670 -22.785 0.300000
107046 32.410 -25.887 -25.526 0.600000
107085 24.708 -34.916 -20.242 1.000000
107091 30.969 -34.397 -17.164 0.700000
107217 34.579 -26.178 -18.767 0.300000
107235 25.738 -46.277 -13.455 0.900000
107237 18.022 -57.177 -10.504 0.400000
107297 29.266 -37.486 -21.379 0.700000
107356 19.355 -47.002 -13.377 0.500000
107531 23.255 -45.385 -13.537 0.800000
107675 33.417 -24.114 -25.867 0.400000
107720 31.682 -34.146 -16.263 0.700000
107791 26.013 -33.310 -19.247 0.900000
107817 28.985 -40.261 -21.857 0.700000
107893 30.121 -31.662 -15.134 0.300000
108016 29.941 -40.359 -22.431 0.600000
108043 23.597 -56.294 -15.317 0.500000
108083 27.436 -44.352 -13.821 0.900000
108085 28.257 -44.990 -19.947 0.400000
108177 31.386 -35.715 -16.381 0.700000
108204 25.464 -49.490 -16.402 0.900000
108278 24.580 -37.382 -20.074 0.900000
108788 28.664 -34.567 -18.255 0.800000
108867 34.545 -28.785 -25.025 0.500000
108883 19.802 -47.486 -13.223 0.500000
108920 23.414 -35.661 -14.354 0.300000
109007 25.867 -36.769 -13.667 0.400000
