#!ascii label  , from subject OAS1_0001-3 vox2ras=TkReg 
736
8924 28.131 -69.926 -27.936 0.300000
9619 28.777 -69.668 -27.519 0.300000
10256 31.809 -68.084 -26.582 0.300000
10283 32.384 -67.780 -29.107 0.300000
10284 33.157 -67.585 -29.257 0.300000
10289 34.554 -68.049 -29.451 0.300000
10290 33.855 -67.489 -29.432 0.300000
10919 29.682 -67.498 -23.992 0.300000
10920 30.195 -66.854 -23.775 0.300000
10921 29.226 -66.962 -23.408 0.300000
10935 31.482 -66.943 -25.231 0.300000
10936 30.813 -66.862 -24.518 0.500000
10955 31.876 -67.391 -25.940 0.400000
10956 32.397 -67.332 -26.651 0.400000
10973 32.880 -67.295 -27.613 0.400000
10984 33.137 -67.303 -28.648 0.300000
10985 33.730 -66.731 -28.675 0.300000
10994 33.679 -67.119 -29.156 0.300000
10995 34.098 -66.736 -29.124 0.300000
11660 29.620 -66.354 -23.078 0.400000
11661 30.013 -65.781 -22.601 0.500000
11662 29.210 -65.857 -22.504 0.400000
11663 28.732 -66.400 -22.840 0.400000
11664 28.476 -65.836 -22.542 0.400000
11665 27.856 -66.199 -22.836 0.400000
11666 27.988 -65.402 -22.556 0.400000
11667 27.369 -65.542 -23.027 0.400000
11676 30.873 -66.422 -23.969 0.500000
11677 31.286 -65.811 -23.679 0.500000
11678 27.143 -66.309 -23.297 0.400000
11679 26.549 -66.277 -23.878 0.300000
11689 32.139 -66.245 -25.099 0.500000
11691 26.369 -66.108 -24.981 0.300000
11701 32.976 -66.569 -26.778 0.400000
11702 33.359 -65.781 -26.414 0.400000
11703 32.701 -66.015 -25.858 0.400000
11705 26.509 -66.112 -26.259 0.300000
11716 33.401 -66.703 -27.896 0.400000
11717 33.656 -66.067 -27.329 0.400000
11724 34.223 -66.253 -28.751 0.300000
12360 29.667 -65.218 -21.925 0.500000
12361 30.358 -64.561 -21.728 0.400000
12362 29.615 -64.456 -21.604 0.400000
12377 30.773 -65.530 -22.903 0.500000
12378 31.404 -65.287 -23.106 0.400000
12379 31.141 -64.860 -22.440 0.400000
12380 28.743 -65.277 -22.265 0.400000
12381 28.246 -64.650 -22.370 0.400000
12382 27.571 -64.740 -22.882 0.400000
12392 31.820 -65.314 -23.540 0.500000
12393 32.388 -64.960 -23.625 0.400000
12394 26.797 -65.528 -24.519 0.400000
12395 27.238 -64.796 -23.949 0.500000
12408 32.720 -65.633 -25.051 0.500000
12409 33.349 -65.121 -25.123 0.300000
12410 32.860 -65.084 -24.346 0.400000
12411 26.888 -65.550 -25.751 0.300000
12412 27.265 -64.964 -25.256 0.500000
12426 34.058 -65.426 -26.844 0.300000
12427 34.436 -64.795 -26.256 0.300000
12428 33.667 -65.134 -25.972 0.300000
12429 27.243 -65.735 -27.082 0.600000
12430 27.589 -65.168 -26.556 0.600000
12438 34.711 -64.919 -27.281 0.300000
12440 27.941 -65.315 -27.768 0.500000
12445 35.054 -65.057 -28.226 0.300000
12447 27.826 -65.216 -28.320 0.500000
13161 29.909 -63.798 -21.332 0.400000
13162 28.948 -64.592 -21.867 0.400000
13163 29.153 -63.873 -21.569 0.400000
13164 28.413 -63.799 -22.035 0.400000
13172 31.881 -64.838 -23.013 0.400000
13173 32.518 -64.294 -23.043 0.400000
13174 31.821 -64.155 -22.515 0.400000
13175 31.092 -64.071 -22.092 0.400000
13186 33.050 -64.448 -23.679 0.400000
13187 33.740 -63.953 -23.706 0.400000
13188 27.602 -64.139 -23.497 0.400000
13206 34.080 -64.577 -25.212 0.400000
13207 34.657 -63.864 -24.652 0.400000
13208 34.095 -64.139 -24.326 0.400000
13209 27.657 -64.431 -24.958 0.400000
13219 35.195 -64.365 -26.615 0.300000
13220 35.667 -63.762 -25.968 0.300000
13221 34.996 -64.287 -25.564 0.300000
13222 28.346 -64.774 -27.277 0.600000
13223 28.670 -64.176 -26.712 0.600000
13224 27.919 -64.569 -26.028 0.600000
13231 35.431 -64.411 -27.628 0.300000
13233 28.550 -64.769 -28.050 0.500000
13234 29.080 -64.346 -27.795 0.500000
13242 28.288 -64.600 -28.306 0.500000
13243 29.181 -64.126 -28.170 0.500000
13945 37.389 -63.465 -19.824 0.300000
13958 38.363 -63.426 -21.094 0.300000
13959 37.612 -63.523 -20.707 0.300000
13960 35.582 -63.051 -21.044 0.300000
13969 37.832 -63.325 -22.226 0.300000
13970 36.802 -63.094 -22.223 0.300000
13971 35.823 -62.435 -22.138 0.300000
13972 30.684 -63.579 -21.517 0.400000
13973 31.102 -62.785 -21.376 0.400000
13974 30.254 -62.838 -20.909 0.400000
13975 28.806 -62.553 -21.534 0.300000
13976 28.332 -62.853 -21.952 0.300000
13982 37.108 -62.364 -22.998 0.300000
13983 33.172 -63.626 -23.170 0.400000
13984 33.888 -63.006 -23.329 0.400000
13985 33.266 -62.532 -22.790 0.400000
13986 32.528 -62.544 -22.200 0.400000
13987 27.954 -64.000 -22.827 0.400000
13988 28.209 -63.125 -22.899 0.400000
14005 34.344 -63.437 -23.898 0.400000
14006 35.055 -63.039 -24.093 0.400000
14007 34.597 -62.492 -23.483 0.300000
14008 27.818 -63.856 -24.325 0.500000
14009 28.332 -63.148 -23.984 0.500000
14015 35.415 -63.498 -25.005 0.400000
14017 35.788 -62.657 -24.408 0.300000
14018 28.285 -64.012 -25.484 0.500000
14019 28.632 -63.398 -25.002 0.500000
14026 29.383 -63.750 -27.318 0.500000
14027 29.826 -63.231 -26.786 0.400000
14035 30.081 -63.433 -27.879 0.400000
14036 30.418 -62.796 -27.300 0.500000
14037 29.595 -63.866 -28.046 0.400000
14047 30.349 -62.960 -28.080 0.400000
14048 29.784 -63.549 -28.114 0.400000
14049 29.807 -63.213 -28.314 0.400000
14051 28.070 -63.961 -28.465 0.500000
14055 29.366 -63.679 -28.271 0.400000
14056 28.869 -64.005 -28.389 0.500000
14737 31.229 -62.087 -16.472 0.300000
14738 31.763 -62.020 -15.520 0.300000
14787 35.002 -62.193 -21.645 0.300000
14790 29.470 -61.482 -20.876 0.300000
14791 30.239 -61.762 -20.741 0.300000
14792 29.915 -60.811 -20.558 0.400000
14800 35.779 -61.709 -22.852 0.300000
14801 34.620 -61.668 -22.707 0.300000
14802 34.482 -61.664 -22.020 0.300000
14803 31.908 -62.269 -21.641 0.400000
14804 32.688 -61.835 -21.790 0.300000
14805 32.276 -61.458 -21.271 0.300000
14806 31.209 -61.790 -21.073 0.400000
14807 28.915 -61.625 -21.438 0.400000
14808 28.469 -62.167 -21.845 0.300000
14824 36.940 -62.233 -23.545 0.300000
14825 35.893 -61.734 -23.128 0.300000
14826 35.263 -61.656 -22.922 0.300000
14827 34.140 -62.004 -23.033 0.300000
14828 33.845 -61.759 -22.380 0.300000
14829 33.115 -62.000 -22.251 0.400000
14830 28.496 -62.299 -22.424 0.400000
14839 37.744 -62.291 -24.260 0.300000
14840 36.982 -62.268 -24.130 0.300000
14841 36.179 -62.152 -23.732 0.300000
14842 35.390 -62.071 -23.461 0.400000
14843 28.718 -62.416 -23.536 0.400000
14848 37.753 -62.190 -24.775 0.300000
14850 36.530 -62.518 -24.759 0.300000
14851 29.478 -63.069 -25.641 0.400000
14852 29.718 -62.514 -25.291 0.400000
14853 29.013 -62.726 -24.615 0.400000
14859 30.273 -62.750 -26.190 0.400000
14860 30.874 -62.244 -26.702 0.400000
14861 30.345 -61.997 -25.564 0.500000
14869 30.819 -62.182 -27.434 0.400000
14873 30.609 -62.119 -27.730 0.400000
14874 30.130 -62.541 -28.240 0.400000
14875 28.780 -63.353 -28.352 0.400000
14876 28.041 -62.480 -27.838 0.400000
15520 32.283 -61.626 -14.750 0.300000
15527 32.024 -61.110 -15.391 0.300000
15528 31.367 -61.333 -16.118 0.300000
15582 31.127 -60.864 -20.418 0.300000
15583 30.587 -60.155 -20.143 0.300000
15584 29.513 -59.992 -20.508 0.400000
15585 29.129 -60.708 -20.931 0.400000
15599 33.865 -61.633 -21.588 0.300000
15600 33.335 -61.647 -21.758 0.300000
15601 28.828 -60.701 -21.567 0.400000
15602 28.622 -61.516 -21.991 0.300000
15608 29.111 -61.515 -22.981 0.300000
15609 29.231 -60.647 -22.701 0.400000
15610 28.905 -60.830 -22.147 0.300000
15613 29.411 -61.949 -24.361 0.300000
15614 29.478 -60.847 -23.565 0.300000
15620 30.663 -61.120 -25.311 0.500000
15621 29.876 -61.275 -24.499 0.400000
15625 31.592 -61.702 -27.034 0.500000
15626 31.986 -61.193 -26.752 0.400000
15629 31.519 -61.418 -27.330 0.400000
15630 32.247 -60.988 -27.154 0.600000
15632 29.283 -61.781 -27.829 0.400000
15636 30.957 -61.314 -27.641 0.400000
15637 30.200 -61.612 -27.915 0.400000
16260 32.581 -60.636 -14.699 0.300000
16267 32.331 -60.445 -15.428 0.300000
16268 31.699 -60.556 -15.926 0.300000
16306 30.195 -59.375 -20.021 0.300000
16313 28.875 -59.766 -21.018 0.400000
16316 28.914 -59.982 -22.031 0.300000
16318 29.544 -59.990 -23.186 0.300000
16321 30.121 -60.503 -24.271 0.300000
16322 30.380 -59.707 -24.015 0.400000
16325 31.429 -61.026 -25.950 0.500000
16326 31.969 -60.527 -26.106 0.700000
16327 31.077 -60.313 -25.048 0.500000
16332 32.786 -60.600 -26.974 0.700000
16333 27.425 -60.360 -26.277 0.400000
16337 32.739 -60.435 -27.335 0.600000
16338 33.234 -60.028 -27.337 0.600000
16339 29.240 -60.838 -27.417 0.400000
16340 30.170 -60.680 -27.525 0.500000
16341 29.322 -59.918 -27.063 0.500000
16342 28.395 -60.160 -26.682 0.600000
16343 31.709 -60.797 -27.527 0.500000
16344 30.961 -60.596 -27.622 0.500000
16944 32.692 -59.946 -14.096 0.300000
16953 32.909 -60.007 -15.214 0.300000
16954 33.823 -59.215 -14.921 0.300000
16955 33.161 -59.813 -14.797 0.300000
16970 33.175 -59.413 -15.531 0.300000
16971 33.962 -59.010 -15.358 0.300000
16975 33.686 -58.777 -15.949 0.300000
16976 32.417 -59.017 -16.152 0.300000
17004 29.215 -58.913 -20.860 0.400000
17007 29.126 -59.165 -21.540 0.300000
17010 29.463 -59.270 -22.470 0.300000
17012 30.633 -58.935 -23.769 0.400000
17013 30.014 -59.299 -23.254 0.400000
17015 32.572 -59.892 -26.115 0.700000
17016 33.162 -59.189 -25.877 0.700000
17017 32.107 -59.236 -25.146 0.700000
17018 31.204 -59.415 -24.575 0.500000
17024 33.389 -59.788 -26.852 0.700000
17025 34.134 -58.690 -27.163 0.700000
17026 33.922 -59.015 -26.680 0.700000
17027 27.768 -59.594 -25.982 0.500000
17028 28.622 -59.275 -26.418 0.500000
17029 28.056 -58.746 -25.717 0.500000
17031 33.380 -59.573 -27.358 0.700000
17032 30.314 -59.865 -27.274 0.600000
17033 31.405 -60.044 -27.574 0.600000
17034 30.704 -58.980 -26.994 0.700000
17035 29.549 -59.090 -26.713 0.600000
17036 33.006 -59.636 -27.547 0.500000
17037 32.470 -60.269 -27.540 0.500000
17663 32.407 -58.751 -12.701 0.300000
17665 33.245 -59.307 -14.263 0.300000
17666 33.683 -57.808 -14.144 0.300000
17667 32.995 -58.490 -13.615 0.300000
17670 34.554 -58.596 -15.234 0.300000
17671 35.122 -58.208 -15.311 0.300000
17672 34.548 -58.148 -14.792 0.300000
17688 35.352 -58.444 -15.752 0.300000
17689 36.192 -58.181 -16.029 0.400000
17690 34.556 -58.724 -15.734 0.300000
17701 35.680 -58.431 -16.389 0.400000
17702 34.746 -58.544 -16.337 0.300000
17703 33.695 -58.192 -16.418 0.300000
17704 32.651 -58.149 -16.441 0.300000
17733 30.329 -58.110 -19.530 0.400000
17738 29.485 -58.564 -21.262 0.300000
17739 29.743 -58.251 -20.787 0.400000
17742 29.786 -58.613 -22.008 0.300000
17743 30.172 -57.959 -21.477 0.400000
17746 30.161 -58.682 -22.934 0.300000
17747 30.529 -58.050 -22.497 0.300000
17749 32.543 -58.543 -24.822 0.700000
17750 32.907 -57.953 -24.459 0.600000
17751 31.998 -57.948 -23.807 0.600000
17752 31.499 -58.662 -24.259 0.700000
17753 30.952 -58.237 -23.417 0.400000
17758 33.660 -58.315 -25.546 0.700000
17759 34.261 -58.202 -26.622 0.600000
17764 34.278 -57.867 -27.124 0.700000
17765 28.904 -58.447 -26.079 0.500000
17766 29.820 -58.338 -26.191 0.600000
17767 29.240 -57.719 -25.665 0.700000
17768 28.411 -57.903 -25.436 0.600000
17769 33.978 -58.320 -27.337 0.600000
17770 32.677 -58.718 -27.368 0.600000
17771 33.464 -58.949 -27.375 0.600000
17772 33.346 -58.056 -27.357 0.600000
17773 32.004 -59.371 -27.486 0.600000
17774 31.566 -58.368 -26.992 0.700000
17775 30.591 -57.983 -26.393 0.600000
18379 32.915 -57.439 -13.344 0.300000
18381 34.209 -57.276 -14.588 0.300000
18389 36.187 -57.669 -15.857 0.400000
18390 35.661 -58.040 -15.557 0.400000
18407 36.351 -58.285 -16.761 0.400000
18408 34.211 -57.891 -16.826 0.300000
18409 33.050 -57.514 -16.864 0.300000
18413 37.334 -57.572 -17.644 0.400000
18414 36.792 -57.870 -17.552 0.400000
18415 35.651 -58.001 -17.443 0.400000
18416 33.618 -57.132 -17.387 0.300000
18423 31.261 -56.837 -18.746 0.300000
18437 30.524 -57.501 -19.937 0.500000
18438 31.020 -56.885 -19.628 0.400000
18447 30.306 -57.624 -20.689 0.400000
18448 30.985 -56.942 -20.606 0.500000
18451 30.971 -57.454 -22.058 0.400000
18452 31.373 -56.894 -21.591 0.500000
18456 32.031 -57.272 -23.244 0.600000
18457 32.549 -56.723 -23.052 0.600000
18458 31.720 -57.020 -22.529 0.500000
18459 31.305 -57.562 -22.992 0.600000
18461 33.531 -57.504 -24.610 0.600000
18462 34.027 -56.906 -24.597 0.600000
18463 33.305 -56.872 -23.824 0.600000
18465 27.603 -57.059 -24.110 0.500000
18466 26.696 -57.113 -23.711 0.500000
18467 26.062 -57.627 -23.948 0.500000
18472 34.259 -57.446 -25.686 0.700000
18473 34.603 -56.691 -25.341 0.700000
18474 27.985 -57.423 -24.798 0.500000
18475 28.809 -57.179 -25.122 0.500000
18476 28.423 -56.836 -24.489 0.600000
18477 34.500 -56.796 -26.158 0.700000
18478 34.295 -57.035 -26.825 0.600000
18479 29.975 -57.683 -25.793 0.700000
18480 30.522 -57.247 -25.843 0.700000
18481 29.708 -56.975 -25.379 0.700000
18482 33.940 -57.332 -27.155 0.700000
18483 32.868 -57.253 -26.692 0.700000
18484 31.296 -57.528 -26.451 0.800000
19112 33.383 -55.725 -13.825 0.300000
19113 32.765 -55.816 -13.159 0.300000
19116 33.965 -56.210 -14.449 0.300000
19118 35.962 -56.520 -16.135 0.400000
19119 35.245 -56.653 -15.604 0.300000
19120 34.653 -56.864 -15.097 0.300000
19135 37.303 -57.185 -17.265 0.400000
19148 37.956 -57.311 -17.970 0.400000
19149 35.826 -57.314 -18.069 0.400000
19150 34.469 -56.831 -17.813 0.400000
19151 32.985 -56.421 -18.149 0.400000
19152 31.945 -56.656 -18.237 0.300000
19155 37.848 -57.338 -18.362 0.500000
19156 38.101 -57.124 -18.523 0.500000
19157 37.505 -57.580 -18.033 0.400000
19158 36.116 -56.726 -18.680 0.400000
19159 34.852 -56.276 -18.525 0.400000
19160 32.979 -55.855 -18.967 0.400000
19161 32.097 -56.319 -18.852 0.300000
19171 37.762 -57.043 -18.907 0.500000
19172 37.309 -57.314 -18.601 0.500000
19173 31.676 -56.493 -20.158 0.600000
19174 32.328 -56.204 -19.666 0.600000
19183 31.876 -56.411 -21.095 0.500000
19184 32.539 -56.115 -20.557 0.500000
19187 32.198 -56.512 -22.065 0.500000
19188 32.856 -55.976 -21.598 0.500000
19191 33.404 -56.419 -23.130 0.600000
19192 34.154 -56.122 -23.379 0.600000
19193 33.688 -55.874 -22.417 0.600000
19194 28.506 -56.318 -23.162 0.500000
19195 27.958 -56.023 -22.444 0.500000
19196 27.278 -56.708 -23.322 0.500000
19197 27.006 -56.147 -22.503 0.500000
19198 26.275 -56.477 -23.079 0.400000
19199 25.831 -55.835 -22.497 0.400000
19204 34.458 -56.318 -24.392 0.700000
19205 35.238 -56.138 -25.054 0.700000
19206 34.888 -55.579 -24.026 0.700000
19207 28.880 -56.412 -23.998 0.500000
19208 29.638 -56.105 -24.297 0.600000
19209 29.348 -55.994 -23.376 0.500000
19210 28.102 -56.664 -23.686 0.500000
19211 34.826 -56.110 -25.653 0.600000
19212 35.686 -55.408 -25.315 0.600000
19213 29.990 -56.256 -24.959 0.600000
19214 30.725 -55.761 -25.114 0.600000
19215 30.233 -55.776 -24.593 0.600000
19216 29.237 -56.605 -24.744 0.700000
19217 35.025 -55.455 -25.754 0.600000
19218 34.438 -56.107 -26.173 0.600000
19219 32.049 -56.502 -25.917 0.700000
19220 33.216 -56.479 -26.383 0.700000
19221 32.427 -55.690 -25.755 0.700000
19222 31.529 -55.675 -25.453 0.600000
19223 34.078 -56.430 -26.533 0.700000
19893 34.928 -55.540 -15.931 0.400000
19894 34.345 -55.649 -15.144 0.300000
19901 36.576 -56.339 -16.767 0.400000
19902 35.506 -55.170 -16.601 0.400000
19919 36.236 -55.236 -17.256 0.400000
19925 35.205 -55.822 -19.258 0.600000
19926 34.021 -55.760 -19.136 0.600000
19937 38.107 -56.414 -19.087 0.500000
19938 37.753 -56.227 -19.918 0.500000
19939 36.672 -56.328 -19.453 0.500000
19940 35.378 -55.594 -20.281 0.600000
19941 34.244 -55.642 -20.094 0.600000
19942 33.223 -55.865 -19.917 0.600000
19947 39.695 -55.786 -21.737 0.400000
19948 40.286 -55.385 -21.905 0.500000
19949 38.911 -55.973 -21.119 0.400000
19950 38.342 -56.070 -20.709 0.500000
19951 36.489 -55.713 -20.632 0.500000
19952 35.318 -55.463 -21.308 0.600000
19953 34.373 -55.501 -21.027 0.500000
19954 33.440 -55.733 -20.829 0.600000
19957 23.801 -54.639 -21.645 0.500000
19958 39.839 -55.626 -22.705 0.300000
19959 40.445 -55.408 -22.386 0.500000
19960 39.190 -55.982 -22.153 0.400000
19961 37.669 -55.710 -22.359 0.500000
19962 36.778 -55.582 -22.176 0.600000
19963 35.319 -55.543 -22.264 0.600000
19964 34.451 -55.552 -21.913 0.600000
19965 33.712 -55.648 -21.578 0.500000
19966 29.263 -55.619 -22.421 0.700000
19967 29.888 -55.193 -22.191 0.700000
19968 29.108 -55.080 -21.693 0.600000
19969 28.332 -55.436 -21.912 0.500000
19970 27.561 -54.716 -21.808 0.600000
19971 27.322 -55.465 -22.039 0.400000
19972 26.547 -54.555 -22.107 0.400000
19973 39.758 -55.348 -23.589 0.400000
19974 40.393 -55.293 -23.158 0.400000
19975 39.050 -55.591 -23.432 0.600000
19976 37.953 -55.538 -23.455 0.600000
19977 36.802 -55.506 -23.232 0.600000
19978 34.640 -55.687 -22.873 0.600000
19979 30.025 -55.510 -23.076 0.700000
19980 30.646 -55.036 -23.752 0.700000
19981 30.540 -54.940 -22.808 0.700000
19982 25.296 -55.042 -22.459 0.400000
19983 24.327 -54.272 -22.324 0.400000
19984 39.980 -55.031 -23.825 0.500000
19985 39.084 -55.066 -24.504 0.400000
19986 38.285 -55.241 -24.540 0.400000
19987 37.347 -55.341 -24.441 0.600000
19988 35.878 -55.588 -24.672 0.700000
19989 30.079 -55.568 -23.987 0.600000
19990 30.738 -55.297 -24.484 0.600000
19991 38.093 -54.832 -25.005 0.500000
19992 36.755 -55.180 -25.153 0.500000
19993 37.206 -54.416 -25.381 0.500000
19994 31.347 -55.128 -24.983 0.600000
19995 36.350 -54.807 -25.452 0.500000
19996 35.544 -54.766 -25.688 0.500000
19997 34.180 -55.588 -26.162 0.700000
19998 34.725 -54.953 -25.987 0.700000
19999 33.437 -55.603 -26.061 0.700000
20000 33.729 -54.679 -25.768 0.600000
20001 31.900 -55.100 -25.369 0.600000
20749 34.340 -53.439 -16.144 0.400000
20762 34.972 -53.936 -16.684 0.300000
20773 35.517 -54.351 -17.172 0.400000
20785 39.004 -55.250 -20.361 0.500000
20791 40.795 -55.009 -22.220 0.500000
20792 40.917 -54.191 -22.020 0.500000
20793 40.320 -54.747 -21.682 0.500000
20794 39.528 -54.402 -21.019 0.500000
20796 24.157 -53.925 -21.709 0.500000
20797 24.534 -53.216 -21.784 0.500000
20798 40.808 -55.074 -22.820 0.500000
20799 40.936 -54.478 -22.534 0.500000
20800 31.089 -54.475 -22.380 0.700000
20801 31.545 -53.885 -21.939 0.700000
20802 30.571 -54.181 -21.476 0.700000
20803 30.423 -54.800 -22.006 0.700000
20804 29.788 -54.638 -21.546 0.700000
20805 28.832 -54.072 -21.455 0.600000
20806 27.821 -53.869 -21.801 0.600000
20807 26.847 -53.730 -22.114 0.500000
20808 23.494 -54.107 -22.043 0.400000
20809 40.773 -54.594 -23.095 0.500000
20810 31.274 -54.556 -23.387 0.700000
20811 31.890 -54.070 -22.914 0.700000
20812 25.769 -53.525 -22.336 0.400000
20813 24.746 -53.383 -22.295 0.500000
20814 24.086 -53.620 -22.045 0.500000
20815 40.200 -54.515 -23.548 0.400000
20816 39.245 -54.711 -24.239 0.600000
20817 32.297 -54.171 -24.519 0.600000
20818 32.896 -53.710 -24.408 0.600000
20819 32.731 -53.579 -23.569 0.700000
20820 31.448 -54.674 -24.338 0.600000
20821 38.127 -54.415 -24.901 0.600000
20822 32.879 -54.064 -25.137 0.600000
20823 33.826 -53.900 -25.322 0.600000
20824 33.681 -53.573 -24.745 0.500000
20825 31.991 -54.574 -25.047 0.600000
20826 36.049 -54.039 -25.593 0.500000
20827 35.141 -54.005 -25.729 0.600000
20828 34.455 -54.155 -25.692 0.500000
21570 34.173 -52.523 -16.153 0.300000
21581 34.656 -53.005 -16.778 0.300000
21593 35.265 -53.450 -17.251 0.400000
21608 39.375 -53.264 -20.815 0.500000
21609 38.602 -53.007 -20.317 0.500000
21619 41.012 -53.153 -21.875 0.500000
21620 40.252 -53.713 -21.510 0.500000
21621 31.001 -53.448 -21.147 0.700000
21622 32.008 -53.259 -21.496 0.700000
21623 31.309 -52.855 -20.769 0.700000
21624 30.034 -53.406 -20.894 0.600000
21625 25.744 -52.355 -21.316 0.500000
21626 25.025 -52.615 -21.886 0.500000
21628 41.089 -53.544 -22.371 0.500000
21629 32.380 -53.511 -22.498 0.700000
21630 33.056 -53.126 -22.948 0.700000
21631 32.797 -53.205 -22.123 0.700000
21632 29.104 -53.054 -21.396 0.600000
21633 28.120 -53.041 -21.885 0.600000
21634 27.170 -52.942 -22.238 0.500000
21635 24.685 -52.912 -22.122 0.400000
21636 40.876 -53.897 -22.769 0.500000
21637 39.414 -54.001 -23.634 0.600000
21638 40.186 -53.527 -23.357 0.500000
21639 39.323 -53.244 -23.204 0.500000
21640 38.479 -53.320 -23.144 0.500000
21641 37.679 -53.300 -23.617 0.600000
21642 37.419 -52.798 -22.534 0.600000
21643 35.868 -52.907 -24.456 0.600000
21644 36.512 -53.137 -22.917 0.600000
21645 35.358 -52.953 -23.251 0.600000
21646 33.463 -53.210 -23.563 0.600000
21647 34.119 -53.170 -23.967 0.600000
21648 33.724 -53.048 -23.255 0.600000
21649 26.164 -52.792 -22.380 0.500000
21650 25.274 -52.729 -22.239 0.400000
21651 40.683 -53.711 -23.127 0.500000
21652 38.581 -53.976 -24.182 0.600000
21653 37.201 -53.604 -25.189 0.600000
21654 36.362 -53.111 -25.018 0.600000
21655 35.578 -52.811 -25.027 0.600000
21656 34.403 -53.128 -24.548 0.600000
21657 34.726 -52.915 -24.506 0.600000
21658 33.579 -53.383 -24.111 0.600000
21659 36.366 -53.394 -25.274 0.500000
21660 35.427 -53.149 -25.353 0.600000
21661 34.545 -53.374 -25.262 0.600000
22486 34.576 -52.161 -16.859 0.300000
22514 41.009 -52.281 -21.804 0.400000
22516 35.166 -52.379 -21.059 0.700000
22517 35.631 -51.529 -20.766 0.700000
22518 34.904 -51.755 -20.491 0.700000
22519 34.460 -52.522 -21.290 0.600000
22520 34.092 -51.951 -20.371 0.700000
22521 33.587 -52.633 -21.233 0.600000
22522 33.296 -52.017 -20.269 0.800000
22523 32.791 -52.910 -21.384 0.700000
22524 31.655 -52.167 -20.250 0.700000
22525 30.548 -52.275 -20.547 0.600000
22526 29.804 -52.612 -20.914 0.600000
22527 29.142 -52.212 -21.479 0.600000
22529 25.338 -52.070 -22.035 0.500000
22533 41.279 -52.522 -22.359 0.400000
22534 36.730 -52.409 -21.979 0.700000
22535 37.550 -51.818 -22.110 0.600000
22536 35.816 -52.719 -22.126 0.700000
22537 36.236 -51.919 -21.299 0.700000
22538 34.948 -52.785 -22.162 0.600000
22539 34.126 -52.872 -22.559 0.700000
22540 33.388 -53.005 -22.304 0.700000
22541 28.367 -52.215 -22.005 0.500000
22542 27.447 -52.207 -22.384 0.500000
22543 27.645 -51.462 -22.547 0.500000
22544 25.303 -52.375 -22.103 0.500000
22545 41.149 -52.770 -22.944 0.500000
22546 40.639 -51.719 -23.396 0.500000
22547 39.948 -52.593 -23.257 0.600000
22548 38.600 -52.490 -22.576 0.600000
22549 34.715 -52.931 -23.330 0.600000
22550 34.440 -53.062 -23.794 0.600000
22551 26.856 -51.527 -22.658 0.500000
22552 26.172 -51.305 -22.518 0.500000
22553 25.695 -51.761 -22.247 0.500000
22554 40.805 -52.637 -23.254 0.500000
23358 32.552 -51.655 -19.886 0.800000
23359 33.485 -51.180 -19.643 0.700000
23360 33.143 -50.294 -19.568 0.600000
23361 32.533 -50.819 -19.565 0.600000
23371 35.619 -50.471 -20.671 0.700000
23372 35.130 -50.934 -20.372 0.700000
23373 34.485 -51.002 -19.983 0.700000
23374 31.689 -51.178 -19.817 0.500000
23375 30.611 -51.275 -20.479 0.600000
23376 29.732 -51.737 -21.132 0.600000
23381 41.434 -51.622 -22.951 0.400000
23384 36.923 -51.375 -21.477 0.700000
23385 36.325 -50.952 -20.988 0.700000
23386 28.765 -51.353 -22.129 0.400000
23391 39.533 -51.608 -22.933 0.600000
23392 38.421 -51.267 -22.348 0.600000
24239 33.961 -50.248 -19.786 0.600000
24240 33.443 -49.621 -19.738 0.600000
24241 31.773 -50.243 -19.705 0.500000
24242 32.244 -49.556 -19.541 0.500000
24250 35.505 -49.486 -20.839 0.500000
24251 34.861 -50.065 -20.226 0.600000
24252 31.049 -49.994 -20.191 0.500000
24261 36.716 -49.339 -21.853 0.500000
24262 36.197 -49.911 -21.179 0.500000
24267 38.263 -50.156 -22.493 0.500000
25057 34.157 -49.432 -20.081 0.500000
25058 33.595 -48.915 -19.913 0.500000
25059 32.886 -49.147 -19.590 0.500000
25060 32.145 -48.783 -19.548 0.400000
25061 31.347 -49.291 -19.825 0.500000
25072 35.409 -48.570 -21.144 0.400000
25073 34.816 -49.073 -20.512 0.500000
25074 34.234 -48.763 -20.249 0.500000
25085 36.069 -48.961 -21.549 0.400000
25787 32.967 -48.305 -19.644 0.500000
25801 35.347 -47.789 -21.307 0.500000
25802 34.681 -48.190 -20.583 0.500000
26644 35.911 -47.420 -21.905 0.400000
89682 32.303 -66.767 -25.870 0.400000
90157 32.716 -57.374 -23.780 0.600000
90179 30.417 -65.256 -22.176 0.400000
90270 38.976 -55.850 -20.766 0.500000
90395 30.466 -66.110 -23.369 0.500000
90558 38.266 -55.438 -19.382 0.500000
90692 32.251 -60.739 -27.347 0.500000
90793 26.534 -52.097 -22.527 0.500000
91092 32.097 -65.636 -24.259 0.400000
91232 30.614 -49.469 -20.752 0.400000
91418 25.736 -52.054 -22.344 0.500000
91821 33.828 -56.516 -23.839 0.600000
91902 32.673 -59.315 -13.419 0.300000
91959 31.439 -66.323 -24.478 0.500000
92118 33.524 -64.575 -24.391 0.400000
92479 32.913 -56.256 -22.464 0.500000
92750 32.491 -63.408 -22.627 0.400000
92763 33.820 -66.238 -28.175 0.400000
92780 23.710 -54.292 -21.895 0.400000
93100 29.392 -63.145 -21.280 0.300000
93119 33.075 -60.064 -27.515 0.600000
93134 36.288 -61.876 -23.114 0.300000
93326 34.923 -52.604 -25.000 0.600000
93436 25.435 -54.304 -22.393 0.400000
93526 30.516 -56.517 -25.434 0.600000
93569 31.251 -61.643 -26.341 0.500000
93618 34.297 -65.626 -27.977 0.300000
93769 31.156 -56.224 -25.538 0.600000
93997 37.463 -55.832 -21.269 0.600000
94090 29.052 -63.610 -26.124 0.600000
94224 38.511 -55.792 -22.568 0.400000
94757 32.681 -52.407 -20.581 0.700000
94852 37.629 -55.020 -25.104 0.500000
94900 31.100 -50.608 -20.122 0.500000
95071 36.189 -55.540 -21.679 0.600000
95366 33.653 -68.185 -29.507 0.300000
95393 37.904 -55.619 -18.740 0.500000
95589 32.756 -56.656 -13.095 0.300000
95929 37.081 -56.213 -17.308 0.400000
96020 29.186 -62.601 -28.181 0.400000
96095 34.780 -61.780 -23.096 0.300000
96169 33.765 -54.493 -15.004 0.300000
96629 33.860 -48.234 -20.069 0.400000
97022 32.650 -54.875 -25.541 0.600000
97446 32.453 -57.954 -12.679 0.300000
97560 38.332 -56.078 -20.007 0.400000
97609 36.318 -62.055 -22.754 0.300000
97843 35.577 -52.406 -21.363 0.700000
97994 41.211 -51.742 -23.295 0.400000
98105 38.508 -55.918 -19.904 0.600000
98246 36.832 -57.579 -18.212 0.400000
98253 26.299 -55.334 -22.253 0.400000
98368 29.854 -58.592 -20.300 0.400000
98419 37.743 -53.670 -24.775 0.600000
98511 30.333 -58.756 -19.661 0.300000
98535 36.921 -53.192 -24.542 0.600000
99050 33.882 -58.663 -14.564 0.300000
99192 30.471 -50.283 -20.789 0.400000
99305 36.884 -50.367 -21.494 0.600000
99374 28.703 -55.931 -22.629 0.600000
99499 34.618 -54.453 -16.146 0.400000
99662 31.220 -56.846 -25.886 0.700000
99695 36.070 -55.553 -22.518 0.600000
99721 35.150 -61.715 -22.459 0.300000
99738 37.316 -62.296 -25.165 0.300000
99772 30.495 -52.920 -20.760 0.600000
99793 39.613 -55.333 -21.302 0.500000
99906 29.494 -62.306 -21.025 0.300000
100090 38.467 -56.012 -21.636 0.500000
100127 28.737 -63.244 -21.647 0.300000
100247 37.429 -63.497 -21.500 0.300000
100548 36.374 -62.039 -23.370 0.300000
100740 34.322 -54.784 -15.576 0.300000
101323 30.063 -57.987 -20.241 0.500000
101438 30.713 -57.325 -21.260 0.400000
101697 31.681 -63.297 -21.948 0.400000
102066 37.595 -50.814 -21.851 0.700000
102239 33.311 -67.814 -29.424 0.300000
102279 38.598 -55.393 -19.817 0.600000
102288 37.420 -49.734 -22.158 0.500000
102343 28.358 -54.673 -21.650 0.600000
102379 35.021 -52.768 -24.502 0.600000
102417 35.403 -57.497 -15.428 0.300000
102483 29.413 -59.270 -20.579 0.400000
102694 34.364 -57.462 -26.630 0.600000
102791 35.302 -58.372 -16.936 0.400000
102873 32.116 -52.781 -20.837 0.700000
102969 33.405 -56.683 -13.793 0.300000
103114 32.054 -54.172 -23.843 0.700000
103116 35.005 -57.776 -15.112 0.300000
103204 36.630 -58.002 -16.331 0.400000
103524 31.604 -56.512 -19.407 0.300000
103792 35.639 -55.551 -23.409 0.600000
104269 32.294 -57.825 -26.968 0.700000
104331 33.656 -59.359 -27.193 0.700000
104384 32.857 -49.746 -19.562 0.600000
104458 33.802 -56.158 -18.509 0.400000
104596 36.649 -63.460 -21.118 0.300000
105227 33.501 -59.525 -15.121 0.300000
105237 33.122 -65.506 -25.714 0.400000
105251 36.732 -57.468 -16.481 0.400000
105561 31.823 -62.728 -16.153 0.300000
105789 40.567 -55.003 -23.355 0.500000
105987 36.895 -57.815 -16.919 0.400000
106054 27.798 -56.448 -22.961 0.500000
106332 36.465 -55.437 -24.216 0.700000
106838 27.939 -63.607 -23.536 0.500000
106922 32.508 -50.137 -19.554 0.600000
107575 34.704 -57.754 -17.289 0.300000
107619 37.945 -56.643 -19.098 0.500000
107707 32.515 -53.901 -24.133 0.600000
107730 32.116 -62.731 -15.459 0.300000
107819 29.644 -53.923 -21.201 0.600000
107910 36.826 -52.781 -22.406 0.700000
107927 29.396 -61.363 -23.864 0.300000
107944 31.801 -59.889 -25.353 0.500000
108136 31.916 -57.174 -26.367 0.700000
108139 26.935 -65.685 -23.629 0.400000
108357 32.313 -58.342 -12.064 0.300000
108567 33.800 -59.026 -27.288 0.700000
