#!ascii label  , from subject OAS1_0001-3 vox2ras=TkReg 
1282
19917 37.773 -56.636 -17.735 0.500000
19918 37.002 -55.453 -17.785 0.500000
19924 38.117 -56.753 -18.258 0.500000
20772 36.007 -54.143 -17.826 0.500000
20776 37.838 -54.251 -19.138 0.500000
20777 37.075 -54.543 -18.449 0.500000
20778 26.598 -53.696 -19.187 0.400000
20786 38.493 -54.633 -19.728 0.600000
21592 35.595 -52.853 -17.748 0.400000
21596 37.619 -52.875 -19.326 0.700000
21597 37.155 -53.356 -18.817 0.500000
21598 36.362 -53.158 -18.369 0.500000
21599 26.684 -53.220 -18.850 0.400000
21600 27.026 -52.598 -19.292 0.400000
21607 38.847 -53.979 -20.297 0.600000
21610 38.237 -53.479 -19.737 0.600000
21611 26.577 -53.063 -19.985 0.400000
22494 35.193 -51.908 -17.488 0.400000
22497 37.606 -51.830 -19.438 0.700000
22498 27.241 -51.946 -18.914 0.400000
22499 26.845 -52.453 -18.738 0.400000
22500 26.309 -52.282 -18.428 0.400000
22504 39.704 -51.568 -21.002 0.400000
22505 38.989 -52.154 -20.544 0.500000
22506 38.177 -52.417 -19.872 0.600000
22507 27.244 -51.768 -19.674 0.400000
22515 40.122 -52.498 -21.336 0.400000
22528 26.653 -52.018 -20.558 0.400000
22530 25.663 -51.585 -21.870 0.400000
23325 34.689 -50.739 -16.717 0.400000
23333 35.543 -51.302 -17.876 0.500000
23334 35.997 -51.019 -18.327 0.500000
23335 35.558 -50.581 -17.864 0.500000
23336 35.149 -51.034 -17.357 0.400000
23341 37.300 -50.368 -19.199 0.700000
23342 36.643 -50.669 -18.713 0.600000
23343 27.544 -51.173 -19.093 0.400000
23344 26.922 -51.588 -18.577 0.400000
23345 26.044 -51.413 -18.272 0.400000
23346 24.766 -50.991 -18.438 0.400000
23355 39.886 -50.882 -21.064 0.500000
23356 39.124 -51.129 -20.341 0.600000
23357 38.326 -51.476 -19.881 0.600000
23362 27.299 -51.111 -20.206 0.400000
23369 41.191 -51.645 -22.151 0.400000
23370 40.548 -51.562 -21.484 0.500000
23377 29.659 -50.625 -21.639 0.400000
23378 26.364 -51.047 -21.411 0.400000
23382 41.433 -50.670 -23.036 0.500000
23383 41.303 -50.974 -22.513 0.400000
23387 28.732 -50.319 -22.514 0.500000
23388 25.909 -51.103 -22.390 0.400000
23389 41.264 -50.902 -23.264 0.500000
23390 40.329 -50.765 -23.444 0.500000
23393 27.752 -50.645 -22.711 0.500000
23394 27.208 -50.184 -22.644 0.400000
23395 26.553 -50.750 -22.564 0.400000
23396 41.189 -50.342 -23.491 0.500000
23397 41.057 -50.882 -23.486 0.500000
24209 34.721 -49.881 -16.509 0.400000
24217 36.092 -50.182 -18.340 0.500000
24218 35.611 -49.728 -17.780 0.500000
24219 35.151 -50.222 -17.234 0.400000
24225 37.293 -49.470 -19.213 0.700000
24226 36.718 -49.827 -18.760 0.600000
24227 27.640 -50.345 -19.041 0.400000
24228 27.176 -50.652 -18.641 0.400000
24229 25.742 -50.469 -18.341 0.400000
24230 24.687 -49.940 -18.564 0.300000
24237 39.181 -50.300 -20.465 0.600000
24238 38.375 -50.566 -19.837 0.600000
24243 27.792 -49.550 -20.506 0.400000
24248 40.919 -49.794 -22.027 0.500000
24249 40.023 -50.037 -21.261 0.500000
24253 30.030 -49.704 -21.683 0.500000
24254 26.400 -50.475 -22.111 0.400000
24255 27.014 -49.960 -21.470 0.400000
24260 41.346 -50.236 -22.582 0.500000
24263 29.435 -49.708 -22.441 0.500000
24265 41.301 -50.304 -23.346 0.500000
24266 39.054 -49.515 -23.254 0.500000
24268 28.608 -49.549 -22.874 0.500000
24269 27.748 -49.356 -22.784 0.500000
24270 41.221 -49.756 -23.585 0.500000
24271 40.901 -49.940 -23.627 0.500000
25021 34.549 -48.993 -16.499 0.400000
25031 35.649 -48.767 -17.662 0.500000
25032 34.995 -49.334 -17.198 0.400000
25038 37.314 -48.577 -19.261 0.600000
25039 36.776 -48.961 -18.747 0.700000
25040 36.205 -49.317 -18.262 0.600000
25041 27.845 -48.907 -19.065 0.400000
25042 27.315 -49.678 -18.764 0.400000
25043 26.388 -49.245 -18.506 0.400000
25054 39.222 -49.412 -20.721 0.600000
25055 38.507 -48.790 -20.261 0.600000
25056 37.870 -49.117 -19.688 0.600000
25062 28.196 -49.014 -19.854 0.400000
25063 28.363 -48.383 -20.292 0.400000
25070 40.886 -48.667 -22.355 0.600000
25071 40.128 -49.113 -21.606 0.500000
25075 30.847 -48.684 -20.579 0.500000
25076 30.338 -48.886 -21.786 0.500000
25077 27.193 -49.178 -21.832 0.400000
25082 41.374 -49.360 -22.874 0.500000
25083 37.150 -48.924 -22.498 0.500000
25084 36.636 -48.525 -22.202 0.500000
25086 29.908 -49.271 -22.552 0.500000
25087 30.066 -48.747 -22.958 0.500000
25088 27.491 -48.889 -22.554 0.500000
25091 41.382 -49.919 -23.249 0.500000
25092 41.288 -49.206 -23.694 0.500000
25093 40.212 -49.030 -23.612 0.500000
25094 38.008 -49.038 -22.972 0.500000
25095 29.412 -49.133 -23.035 0.500000
25096 28.488 -48.831 -23.150 0.500000
25097 27.902 -48.656 -22.975 0.500000
25098 40.061 -48.262 -23.885 0.500000
25744 34.364 -47.934 -15.685 0.300000
25755 34.576 -48.161 -16.303 0.400000
25764 35.761 -47.415 -17.744 0.600000
25765 34.940 -48.478 -17.034 0.400000
25772 37.345 -47.628 -19.329 0.600000
25773 36.786 -48.075 -18.788 0.700000
25774 36.282 -48.479 -18.261 0.600000
25775 27.785 -47.982 -18.960 0.400000
25776 27.067 -48.676 -18.680 0.400000
25777 25.992 -48.433 -18.640 0.300000
25779 25.417 -47.722 -19.210 0.300000
25785 38.611 -47.827 -20.361 0.600000
25786 37.914 -48.188 -19.797 0.600000
25788 32.141 -48.093 -19.642 0.400000
25789 31.466 -48.402 -19.846 0.400000
25790 28.416 -47.816 -19.648 0.400000
25798 40.833 -47.837 -22.383 0.600000
25799 40.092 -48.139 -21.647 0.600000
25800 39.282 -48.465 -20.903 0.600000
25803 34.128 -47.540 -20.213 0.400000
25804 31.123 -48.042 -20.508 0.600000
25805 30.749 -48.095 -21.451 0.500000
25806 27.770 -48.356 -21.771 0.500000
25807 28.475 -47.631 -20.698 0.400000
25814 41.251 -48.481 -23.349 0.600000
25815 36.574 -47.812 -22.447 0.400000
25816 36.030 -48.152 -21.759 0.400000
25817 30.469 -48.128 -22.651 0.500000
25818 27.848 -48.174 -22.788 0.500000
25819 28.250 -47.512 -22.072 0.400000
25822 41.129 -48.698 -23.961 0.600000
25823 38.251 -48.323 -23.489 0.500000
25824 38.024 -47.728 -23.608 0.400000
25825 37.318 -48.249 -22.966 0.500000
25826 29.353 -48.331 -23.364 0.500000
25827 30.178 -48.072 -23.238 0.500000
25828 28.362 -48.149 -23.208 0.500000
25829 28.319 -47.461 -23.069 0.500000
25830 40.730 -48.267 -23.913 0.500000
25831 39.905 -47.710 -24.139 0.700000
25832 39.020 -48.006 -24.016 0.400000
25833 28.973 -47.505 -23.433 0.500000
26569 34.672 -47.282 -16.065 0.400000
26579 35.069 -47.689 -16.763 0.400000
26580 35.175 -46.924 -16.693 0.500000
26590 35.540 -46.754 -17.396 0.600000
26601 37.468 -46.619 -19.307 0.600000
26602 36.798 -47.133 -18.786 0.600000
26603 36.134 -46.671 -18.155 0.600000
26604 26.593 -47.743 -18.821 0.300000
26611 38.801 -46.831 -20.404 0.600000
26612 38.054 -47.193 -19.829 0.700000
26613 32.577 -47.382 -19.767 0.600000
26614 31.606 -47.658 -19.997 0.600000
26615 28.578 -47.055 -19.894 0.400000
26616 28.102 -47.316 -19.365 0.400000
26617 27.268 -47.052 -19.101 0.300000
26625 40.672 -47.148 -22.349 0.700000
26626 40.104 -47.260 -21.690 0.700000
26627 39.387 -47.512 -20.964 0.600000
26628 35.322 -47.016 -21.248 0.500000
26629 34.776 -47.354 -20.674 0.400000
26630 34.293 -46.906 -20.284 0.600000
26631 33.495 -46.841 -19.972 0.500000
26632 31.703 -46.886 -20.390 0.600000
26633 31.145 -47.423 -21.025 0.500000
26634 31.235 -46.574 -21.744 0.600000
26635 28.655 -46.822 -21.021 0.400000
26642 41.051 -47.500 -23.076 0.700000
26643 36.526 -46.974 -22.581 0.400000
26645 30.877 -47.417 -22.342 0.500000
26646 28.565 -46.729 -22.453 0.400000
26649 40.843 -47.983 -23.770 0.600000
26650 37.706 -46.914 -23.615 0.500000
26651 37.105 -47.471 -23.154 0.500000
26652 30.635 -47.407 -23.345 0.500000
26653 28.790 -46.739 -23.277 0.500000
26654 40.444 -47.339 -24.041 0.600000
26655 39.795 -47.126 -24.275 0.500000
26656 40.148 -46.567 -24.296 0.700000
26657 39.313 -46.523 -24.400 0.600000
26658 38.853 -47.270 -24.269 0.600000
26659 29.767 -46.862 -23.566 0.500000
27206 35.115 -46.370 -14.682 0.300000
27207 34.731 -46.723 -15.379 0.300000
27222 35.330 -45.385 -16.926 0.500000
27223 34.874 -46.283 -16.052 0.500000
27232 35.666 -45.951 -17.551 0.400000
27233 36.310 -45.655 -18.119 0.500000
27247 37.662 -45.566 -19.191 0.700000
27248 36.886 -46.144 -18.704 0.600000
27251 38.626 -45.232 -20.022 0.800000
27252 38.297 -46.095 -19.812 0.700000
27253 28.654 -46.197 -20.174 0.400000
27254 28.026 -46.543 -19.511 0.300000
27265 40.221 -46.446 -21.981 0.700000
27266 39.702 -45.624 -21.369 0.800000
27267 39.515 -46.582 -21.102 0.700000
27268 35.484 -46.135 -20.826 0.600000
27269 34.852 -46.569 -20.493 0.600000
27270 34.162 -46.188 -20.126 0.700000
27271 33.239 -45.810 -19.982 0.600000
27272 32.208 -45.407 -20.514 0.600000
27273 31.484 -45.601 -21.659 0.600000
27274 28.819 -45.992 -21.414 0.400000
27283 40.616 -46.042 -22.766 0.700000
27284 36.517 -45.986 -22.220 0.700000
27285 35.930 -46.551 -21.727 0.500000
27286 31.101 -46.734 -23.280 0.600000
27287 31.276 -45.981 -22.936 0.600000
27288 28.778 -45.967 -22.747 0.500000
27289 40.701 -45.918 -23.628 0.700000
27290 37.761 -45.923 -23.534 0.600000
27291 37.089 -46.407 -23.013 0.500000
27292 30.783 -46.641 -23.657 0.500000
27293 31.117 -46.188 -23.631 0.600000
27294 29.320 -46.101 -23.399 0.500000
27295 40.500 -46.406 -24.072 0.600000
27296 38.794 -45.712 -24.300 0.700000
27297 38.416 -46.397 -24.095 0.600000
27298 30.248 -46.262 -23.601 0.500000
27299 40.315 -45.965 -24.340 0.700000
27300 39.773 -45.870 -24.457 0.600000
27787 38.056 -44.992 -13.545 0.300000
27790 36.526 -44.663 -14.221 0.400000
27810 35.684 -44.871 -14.631 0.400000
27811 35.249 -44.774 -15.358 0.500000
27825 34.970 -45.447 -15.672 0.500000
27826 35.148 -44.826 -16.228 0.500000
27833 35.452 -44.762 -16.969 0.400000
27847 36.415 -44.808 -17.984 0.500000
27848 35.790 -45.150 -17.531 0.400000
27857 37.615 -44.773 -18.847 0.600000
27862 38.872 -44.393 -20.059 0.800000
27873 39.703 -44.610 -21.344 0.800000
27874 39.141 -44.947 -20.686 0.800000
27875 35.478 -45.214 -20.601 0.700000
27876 34.894 -45.711 -20.233 0.600000
27877 34.023 -45.287 -20.155 0.600000
27878 33.043 -44.907 -20.256 0.600000
27879 32.326 -44.626 -20.747 0.600000
27880 31.758 -44.807 -21.590 0.600000
27889 40.145 -44.696 -23.047 0.700000
27890 40.185 -45.187 -22.226 0.800000
27891 36.523 -44.839 -21.869 0.700000
27892 36.006 -45.570 -21.316 0.600000
27893 31.423 -45.185 -22.742 0.600000
27894 29.338 -45.360 -22.923 0.500000
27895 29.968 -44.750 -22.945 0.500000
27896 40.554 -45.138 -23.711 0.700000
27897 37.645 -44.943 -23.399 0.700000
27898 37.158 -45.454 -22.736 0.700000
27899 31.162 -45.588 -23.441 0.500000
27900 30.180 -45.612 -23.415 0.500000
27901 30.933 -45.951 -23.741 0.500000
27902 30.906 -45.105 -23.364 0.500000
27903 40.477 -45.597 -24.119 0.700000
27904 38.528 -44.921 -24.301 0.900000
27905 38.111 -45.275 -23.951 0.800000
27906 40.193 -45.264 -24.364 0.900000
27907 39.379 -45.052 -24.433 0.900000
28497 39.688 -43.296 -13.788 0.300000
28498 38.767 -44.333 -13.714 0.300000
28499 37.923 -44.170 -13.874 0.300000
28500 37.293 -44.429 -13.981 0.300000
28501 37.285 -43.604 -14.184 0.300000
28515 36.721 -44.026 -14.369 0.400000
28516 36.054 -44.068 -14.714 0.400000
28517 35.623 -44.225 -15.159 0.400000
28533 35.388 -44.071 -15.774 0.400000
28546 35.505 -44.158 -16.645 0.400000
28555 36.407 -44.131 -17.786 0.400000
28556 35.855 -44.427 -17.400 0.400000
28566 38.603 -43.834 -19.535 0.700000
28567 37.953 -44.039 -18.880 0.700000
28568 37.117 -44.259 -18.322 0.600000
28579 39.177 -43.602 -20.070 0.700000
28587 39.682 -43.726 -21.239 0.800000
28588 39.334 -44.090 -20.647 0.800000
28589 35.739 -43.763 -20.590 0.800000
28590 34.802 -44.714 -20.219 0.700000
28591 33.762 -44.369 -20.270 0.700000
28592 32.018 -44.064 -21.438 0.600000
28593 32.348 -43.421 -21.188 0.600000
28603 40.230 -43.741 -23.055 0.800000
28604 40.108 -44.196 -22.060 0.800000
28605 36.848 -43.990 -21.943 0.800000
28606 36.401 -43.926 -21.223 0.800000
28607 31.542 -44.318 -22.612 0.600000
28610 40.590 -43.736 -24.026 0.900000
28611 37.583 -44.035 -23.373 0.800000
28612 37.232 -44.471 -22.589 0.700000
28613 31.181 -44.288 -23.066 0.500000
28614 30.743 -44.130 -23.056 0.500000
28615 40.334 -43.610 -24.520 0.900000
28616 37.902 -44.322 -24.175 0.900000
28617 39.949 -44.227 -24.619 0.900000
28618 39.317 -43.433 -24.981 0.900000
28619 38.850 -44.260 -24.600 0.900000
29274 39.497 -42.126 -13.910 0.300000
29275 38.550 -42.768 -13.814 0.300000
29276 38.182 -43.567 -13.893 0.300000
29277 37.684 -42.977 -14.073 0.300000
29289 40.286 -42.710 -14.025 0.300000
29290 36.963 -42.746 -14.409 0.300000
29291 35.837 -43.417 -15.269 0.400000
29292 36.386 -42.521 -14.945 0.400000
29317 35.724 -43.406 -16.276 0.400000
29318 36.082 -42.647 -15.866 0.400000
29334 35.956 -43.682 -17.220 0.400000
29335 36.260 -42.785 -17.030 0.400000
29342 36.709 -43.482 -17.797 0.500000
29343 37.576 -43.283 -18.389 0.700000
29344 37.017 -42.783 -17.792 0.600000
29353 38.927 -43.047 -19.646 0.700000
29354 38.372 -43.241 -19.025 0.600000
29365 39.363 -42.934 -20.217 0.800000
29369 39.633 -42.895 -20.999 0.800000
29370 35.630 -42.861 -20.488 0.700000
29371 35.066 -43.327 -20.279 0.700000
29372 34.272 -42.955 -20.318 0.700000
29373 33.401 -42.431 -20.565 0.700000
29374 32.559 -42.722 -21.065 0.600000
29382 40.328 -42.769 -22.698 0.800000
29383 39.885 -43.286 -21.973 0.800000
29384 37.396 -43.540 -22.469 0.800000
29385 36.875 -43.287 -21.582 0.800000
29386 36.300 -43.091 -20.896 0.800000
29387 31.829 -43.497 -22.151 0.600000
29388 32.111 -42.945 -21.797 0.600000
29393 40.552 -42.990 -23.682 0.900000
29394 37.724 -42.739 -22.953 0.800000
29395 31.725 -42.859 -22.391 0.500000
29398 40.490 -43.060 -24.443 0.900000
29399 37.802 -42.285 -24.031 0.800000
29400 40.069 -43.334 -25.022 0.900000
29401 40.357 -43.048 -24.911 0.900000
29402 38.706 -42.941 -25.082 0.900000
29403 38.330 -43.483 -24.655 0.900000
29404 40.133 -42.710 -25.329 0.900000
30116 40.101 -41.297 -14.030 0.300000
30117 37.576 -42.224 -14.160 0.300000
30118 37.374 -41.283 -14.520 0.300000
30119 36.729 -41.719 -15.015 0.400000
30136 36.415 -42.042 -15.553 0.400000
30148 36.448 -41.998 -16.419 0.400000
30157 37.597 -41.621 -18.061 0.600000
30158 36.952 -42.004 -17.406 0.600000
30172 38.686 -41.703 -19.172 0.700000
30182 39.352 -41.680 -20.439 0.800000
30183 39.102 -42.229 -19.831 0.700000
30187 39.619 -42.084 -21.035 0.800000
30188 35.444 -42.139 -20.474 0.700000
30189 34.762 -41.608 -20.438 0.700000
30190 33.582 -41.445 -20.621 0.700000
30191 32.553 -41.845 -21.030 0.600000
30196 40.133 -41.969 -22.468 0.800000
30197 39.788 -42.476 -21.812 0.800000
30198 37.413 -42.052 -22.167 0.800000
30199 36.813 -42.376 -21.317 0.800000
30200 36.124 -42.265 -20.670 0.700000
30201 32.125 -42.311 -21.889 0.600000
30208 40.456 -42.164 -23.446 0.800000
30209 37.756 -41.754 -23.092 0.800000
30210 31.679 -42.089 -22.442 0.500000
30213 40.540 -42.382 -24.333 0.900000
30214 37.858 -41.372 -24.048 0.800000
30215 40.524 -42.559 -24.986 0.900000
30216 38.675 -41.443 -25.303 1.000000
30217 38.094 -41.826 -24.761 1.000000
30218 40.404 -41.998 -25.311 0.900000
30219 39.635 -41.971 -25.562 1.000000
30908 40.925 -40.942 -14.313 0.300000
30909 40.307 -40.568 -14.110 0.300000
30910 39.117 -41.153 -13.860 0.300000
30911 38.274 -40.846 -14.168 0.300000
30912 37.666 -40.437 -14.554 0.400000
30927 37.110 -40.490 -15.051 0.500000
30928 36.616 -41.444 -15.802 0.400000
30939 36.756 -41.303 -16.700 0.500000
30940 36.823 -40.487 -17.045 0.600000
30941 36.723 -40.672 -15.936 0.500000
30958 37.430 -40.831 -18.006 0.600000
30964 38.617 -40.857 -19.174 0.700000
30965 38.151 -41.249 -18.583 0.700000
30974 39.260 -40.845 -20.398 0.800000
30975 38.960 -41.303 -19.849 0.800000
30978 39.554 -41.213 -21.130 0.800000
30979 35.747 -41.410 -20.537 0.700000
30980 36.305 -40.913 -20.721 0.800000
30981 35.107 -40.869 -20.465 0.700000
30982 34.319 -40.746 -20.555 0.700000
30983 33.402 -40.481 -20.785 0.700000
30984 32.648 -40.945 -21.195 0.700000
30989 39.743 -41.180 -22.194 0.800000
30990 37.549 -41.195 -22.296 0.800000
30991 37.035 -41.474 -21.516 0.800000
30992 32.139 -41.464 -21.959 0.500000
31001 40.310 -41.287 -23.205 0.800000
31002 37.769 -40.890 -23.199 0.900000
31008 40.615 -41.473 -24.301 0.900000
31009 37.854 -40.557 -24.093 0.800000
31010 40.600 -41.316 -25.052 0.900000
31011 38.728 -40.494 -25.304 1.000000
31012 38.028 -40.946 -24.833 0.800000
31013 40.189 -41.252 -25.432 1.000000
31014 39.448 -41.119 -25.488 1.000000
31624 42.371 -39.673 -14.798 0.300000
31626 40.835 -40.146 -14.290 0.300000
31627 40.048 -39.921 -14.114 0.300000
31628 39.129 -39.765 -14.135 0.400000
31629 38.360 -39.376 -14.427 0.400000
31630 37.477 -39.571 -14.892 0.400000
31646 36.883 -39.949 -15.558 0.500000
31658 36.763 -39.486 -16.861 0.600000
31659 36.622 -39.921 -16.209 0.600000
31672 37.291 -39.949 -17.828 0.600000
31679 38.535 -39.987 -19.147 0.800000
31680 38.023 -40.405 -18.553 0.700000
31687 39.316 -39.995 -20.351 0.800000
31688 38.960 -40.429 -19.792 0.800000
31694 39.470 -40.420 -20.855 0.800000
31695 35.764 -40.417 -20.532 0.800000
31696 34.903 -40.155 -20.464 0.800000
31697 34.060 -39.941 -20.547 0.700000
31704 39.580 -40.391 -21.670 0.800000
31705 37.562 -40.370 -22.484 0.900000
31706 37.132 -40.659 -21.641 0.700000
31717 40.669 -39.701 -23.706 0.900000
31718 40.156 -40.297 -22.790 0.800000
31727 40.787 -40.553 -24.721 0.900000
31728 37.973 -40.009 -24.789 1.000000
31730 40.577 -40.500 -25.191 1.000000
31731 38.639 -39.566 -25.216 1.000000
31732 39.879 -40.377 -25.536 1.000000
32409 42.556 -38.844 -15.036 0.300000
32410 41.861 -38.831 -14.710 0.300000
32411 40.587 -39.378 -14.309 0.300000
32412 39.802 -39.182 -14.243 0.400000
32413 38.976 -38.904 -14.357 0.400000
32414 38.091 -38.621 -14.742 0.400000
32415 37.345 -38.658 -15.304 0.500000
32443 36.826 -38.531 -16.727 0.700000
32453 37.292 -39.033 -17.672 0.700000
32459 38.402 -39.103 -19.148 0.800000
32460 37.918 -39.521 -18.476 0.700000
32471 39.346 -39.053 -20.489 0.800000
32472 38.966 -39.549 -19.781 0.800000
32476 39.534 -39.700 -21.067 0.800000
32477 36.118 -39.260 -20.736 0.900000
32478 35.462 -39.553 -20.488 0.800000
32479 34.622 -39.351 -20.389 0.800000
32480 34.331 -38.433 -20.125 0.600000
32487 39.799 -39.547 -21.992 0.800000
32488 40.209 -38.788 -22.240 0.700000
32489 39.707 -38.891 -21.375 0.800000
32490 37.315 -38.942 -22.206 0.900000
32491 36.732 -39.158 -21.444 0.900000
32501 40.529 -38.836 -23.409 0.900000
32502 37.650 -38.712 -23.111 0.900000
32508 38.172 -38.992 -24.758 1.000000
32509 37.876 -39.395 -23.865 1.000000
32512 40.894 -38.995 -25.136 1.000000
32513 38.892 -38.613 -25.276 1.000000
32514 39.663 -39.406 -25.537 1.000000
33194 42.190 -38.147 -15.134 0.300000
33195 41.403 -38.100 -14.820 0.400000
33196 40.526 -38.032 -14.681 0.400000
33197 39.726 -38.441 -14.512 0.400000
33198 38.935 -38.131 -14.651 0.400000
33199 38.300 -37.866 -14.930 0.500000
33200 37.623 -37.946 -15.257 0.500000
33214 42.952 -38.383 -15.712 0.300000
33215 42.458 -37.478 -15.745 0.400000
33216 41.678 -37.469 -15.254 0.400000
33217 36.942 -38.023 -15.877 0.700000
33232 36.976 -37.620 -16.711 0.700000
33243 37.279 -38.145 -17.624 0.700000
33250 38.201 -38.153 -19.197 0.800000
33251 37.828 -38.655 -18.424 0.700000
33260 38.739 -37.868 -19.953 0.800000
33264 36.554 -37.904 -20.955 0.900000
33265 35.917 -38.463 -20.509 0.900000
33275 40.357 -38.087 -22.647 0.700000
33276 40.016 -38.146 -21.674 0.800000
33277 37.413 -37.684 -22.369 0.900000
33278 37.048 -38.271 -21.697 0.900000
33291 40.664 -38.114 -23.741 1.000000
33292 37.687 -37.837 -23.235 0.900000
33294 40.951 -38.309 -25.028 1.000000
33295 41.109 -37.583 -25.002 1.000000
33296 40.906 -38.329 -24.628 1.000000
33297 38.371 -38.057 -24.776 1.000000
33298 37.990 -38.405 -24.033 0.900000
33301 40.724 -38.243 -25.308 1.000000
33302 40.962 -37.542 -25.261 1.000000
33303 38.775 -37.656 -25.189 1.000000
33304 40.801 -37.413 -25.598 1.000000
33305 40.211 -38.004 -25.707 1.000000
33306 39.390 -38.041 -25.521 1.000000
34013 41.022 -37.480 -14.959 0.400000
34014 40.395 -37.094 -14.823 0.400000
34015 39.691 -37.603 -14.697 0.400000
34016 38.886 -37.351 -14.890 0.500000
34017 38.121 -37.287 -15.250 0.500000
34018 38.648 -36.632 -15.170 0.500000
34038 42.442 -36.602 -15.919 0.400000
34039 41.897 -36.906 -15.541 0.400000
34040 41.151 -36.755 -15.242 0.400000
34041 37.912 -36.614 -15.564 0.500000
34042 37.377 -36.619 -15.986 0.600000
34054 43.019 -37.086 -16.386 0.400000
34055 37.218 -36.822 -16.721 0.700000
34065 37.447 -37.253 -17.735 0.700000
34074 38.140 -36.612 -19.321 0.700000
34075 37.830 -37.328 -18.803 0.700000
34083 38.756 -37.069 -20.003 0.700000
34084 35.142 -37.113 -19.771 0.700000
34085 34.561 -36.741 -19.684 0.700000
34086 34.487 -37.487 -19.767 0.700000
34087 33.936 -37.038 -19.600 0.600000
34098 39.592 -37.020 -21.194 0.700000
34099 39.248 -37.548 -20.613 0.800000
34100 36.491 -37.010 -20.824 0.900000
34101 35.737 -37.097 -20.210 0.900000
34111 40.241 -36.699 -22.662 0.900000
34112 40.193 -37.334 -21.942 0.700000
34113 37.402 -37.009 -22.422 0.900000
34114 37.015 -37.400 -21.621 0.900000
34122 40.479 -37.406 -23.110 0.900000
34123 37.775 -36.982 -23.380 0.900000
34128 41.412 -36.751 -24.961 1.000000
34129 40.832 -37.412 -24.295 1.000000
34130 38.293 -37.296 -24.955 0.900000
34131 38.065 -37.547 -24.206 0.900000
34134 41.346 -36.782 -25.437 1.000000
34135 38.599 -37.007 -25.306 1.000000
34136 41.209 -36.902 -25.593 1.000000
34137 40.434 -37.087 -25.896 1.000000
34138 39.466 -37.279 -25.709 1.000000
34139 41.128 -36.732 -26.032 1.000000
34851 39.547 -36.623 -14.911 0.400000
34866 42.349 -35.758 -16.059 0.400000
34867 41.758 -36.204 -15.609 0.400000
34868 41.043 -35.857 -15.389 0.400000
34869 40.379 -36.251 -15.086 0.400000
34870 38.989 -35.879 -15.173 0.500000
34871 38.443 -35.328 -15.543 0.400000
34872 37.849 -35.841 -15.859 0.600000
34884 43.588 -35.961 -17.066 0.300000
34885 43.020 -36.245 -16.489 0.400000
34886 37.519 -36.084 -16.587 0.700000
34899 37.527 -35.607 -17.260 0.600000
34910 38.236 -35.732 -19.536 0.600000
34911 37.802 -35.845 -18.739 0.600000
34917 38.669 -36.276 -20.068 0.700000
34918 35.258 -36.402 -20.113 0.700000
34919 34.570 -36.086 -19.896 0.700000
34920 33.841 -36.288 -19.648 0.700000
34928 39.397 -35.656 -21.475 0.700000
34929 39.138 -36.717 -20.602 0.700000
34930 36.366 -36.057 -21.083 0.900000
34931 35.715 -35.762 -20.661 0.900000
34932 34.915 -35.634 -20.401 0.700000
34946 39.767 -35.845 -22.505 0.800000
34947 37.482 -36.150 -22.643 0.900000
34948 36.925 -36.555 -21.730 0.900000
34954 40.583 -36.848 -23.555 0.900000
34955 40.375 -36.119 -23.453 0.900000
34956 37.893 -36.200 -23.717 0.900000
34960 41.701 -35.880 -25.156 1.000000
34961 40.956 -36.493 -24.358 1.000000
34962 38.236 -36.788 -24.983 1.000000
34963 38.079 -36.854 -24.420 0.900000
34966 41.909 -36.153 -25.744 1.000000
34967 38.501 -36.214 -25.160 1.000000
34968 41.747 -36.400 -25.915 1.000000
34969 39.833 -35.819 -26.391 1.000000
34970 39.236 -36.431 -25.701 1.000000
34971 41.575 -36.178 -26.334 1.000000
34972 40.805 -35.998 -26.545 1.000000
35656 42.162 -34.869 -16.270 0.400000
35657 41.492 -34.480 -15.850 0.400000
35658 40.947 -35.006 -15.473 0.400000
35659 40.080 -34.823 -15.334 0.400000
35660 39.177 -35.046 -15.332 0.400000
35661 38.596 -34.442 -15.697 0.400000
35662 37.937 -34.966 -15.931 0.500000
35672 43.029 -35.274 -16.656 0.300000
35673 42.713 -34.372 -16.774 0.400000
35674 37.549 -34.766 -17.026 0.600000
35683 44.165 -35.267 -17.925 0.300000
35684 43.769 -34.484 -17.794 0.300000
35685 43.330 -34.638 -17.129 0.300000
35686 37.525 -35.105 -18.049 0.600000
35694 44.706 -34.454 -18.790 0.300000
35695 44.304 -34.721 -18.298 0.300000
35696 37.951 -35.047 -19.015 0.600000
35704 38.618 -35.480 -20.205 0.700000
35705 38.282 -35.058 -19.740 0.700000
35706 34.141 -35.548 -20.087 0.600000
35712 39.269 -34.839 -21.396 0.800000
35713 39.044 -35.134 -20.798 0.700000
35714 36.129 -35.231 -21.173 0.900000
35715 35.341 -35.089 -20.850 0.800000
35716 34.480 -34.910 -20.697 0.600000
35730 39.526 -34.951 -22.147 0.800000
35731 36.770 -35.616 -21.835 0.900000
35732 36.496 -34.643 -21.813 0.800000
35733 35.661 -34.595 -21.290 0.800000
35738 39.938 -35.033 -23.360 0.800000
35739 37.651 -34.720 -23.402 0.900000
35740 37.247 -35.147 -22.563 1.000000
35744 41.775 -35.029 -25.144 1.000000
35745 40.903 -35.534 -24.321 1.000000
35746 38.282 -35.333 -24.890 1.000000
35747 37.951 -35.460 -24.017 1.000000
35749 42.402 -35.353 -25.960 1.000000
35750 39.020 -35.588 -25.605 1.000000
35751 42.216 -35.622 -26.222 1.000000
35752 39.590 -34.847 -26.350 1.000000
35753 41.776 -35.409 -26.618 1.000000
35754 40.798 -35.177 -26.663 1.000000
36482 41.342 -33.605 -15.915 0.400000
36483 40.749 -34.158 -15.597 0.400000
36484 39.966 -33.917 -15.508 0.400000
36485 38.529 -33.620 -16.038 0.500000
36493 42.585 -33.544 -16.896 0.300000
36494 41.984 -34.017 -16.409 0.400000
36495 37.954 -34.278 -16.368 0.500000
36496 37.703 -34.019 -17.087 0.500000
36503 43.614 -33.578 -17.974 0.300000
36504 43.174 -33.952 -17.368 0.300000
36505 37.616 -34.301 -17.665 0.600000
36513 44.619 -33.615 -18.929 0.300000
36514 44.156 -34.010 -18.409 0.300000
36515 37.789 -34.229 -18.455 0.600000
36522 38.538 -33.831 -20.280 0.600000
36523 38.250 -34.233 -19.453 0.600000
36531 38.868 -34.252 -21.007 0.800000
36532 35.018 -34.560 -21.046 0.700000
36550 39.314 -34.225 -21.748 0.800000
36551 36.329 -33.834 -22.137 0.800000
36552 35.864 -34.093 -21.647 0.800000
36553 35.088 -33.998 -21.429 0.700000
36554 34.218 -33.828 -21.465 0.700000
36555 33.406 -33.836 -21.394 0.700000
36561 39.641 -34.169 -22.588 0.800000
36562 37.419 -33.845 -23.263 0.900000
36563 37.024 -34.288 -22.636 0.900000
36569 41.663 -34.212 -25.136 1.000000
36570 40.778 -34.423 -24.315 1.000000
36571 38.016 -34.772 -24.254 1.000000
36572 37.923 -34.025 -23.989 0.900000
36574 42.450 -34.518 -25.904 1.000000
36575 38.497 -34.275 -24.827 1.000000
36576 42.602 -34.105 -26.936 1.000000
36577 39.869 -33.923 -26.574 1.000000
36578 39.117 -34.095 -25.740 1.000000
36579 41.934 -34.497 -27.046 1.000000
36580 40.676 -34.417 -26.741 1.000000
37337 41.228 -32.703 -16.001 0.300000
37338 40.505 -33.201 -15.684 0.400000
37339 39.720 -33.266 -15.644 0.400000
37340 39.110 -33.038 -15.867 0.500000
37341 38.533 -32.912 -16.400 0.500000
37350 42.536 -32.676 -16.928 0.300000
37351 41.920 -33.134 -16.414 0.300000
37352 38.034 -33.469 -16.738 0.500000
37353 38.145 -32.747 -17.087 0.500000
37360 43.547 -32.706 -18.060 0.300000
37361 43.099 -33.117 -17.471 0.300000
37362 37.804 -33.402 -17.709 0.600000
37371 44.085 -33.165 -18.505 0.300000
37372 38.078 -33.303 -18.778 0.600000
37373 38.335 -32.670 -19.484 0.700000
37374 38.193 -32.361 -18.603 0.700000
37381 38.432 -32.989 -20.302 0.700000
37386 38.474 -32.504 -21.025 0.700000
37401 39.313 -33.556 -22.141 0.800000
37402 38.790 -32.908 -21.787 0.800000
37403 35.543 -33.523 -21.935 0.700000
37404 34.638 -33.352 -21.947 0.700000
37413 36.736 -33.523 -22.827 0.800000
37414 36.013 -33.119 -22.469 0.700000
37415 35.120 -32.911 -22.433 0.700000
37416 34.165 -32.829 -22.686 0.600000
37422 41.070 -33.510 -24.695 1.000000
37423 40.857 -32.589 -24.626 1.000000
37424 40.238 -33.123 -23.809 0.800000
37425 37.774 -32.533 -23.912 0.900000
37426 36.519 -32.746 -23.166 0.800000
37427 42.340 -32.927 -26.333 1.000000
37428 41.755 -32.953 -25.268 1.000000
37429 38.913 -32.751 -25.197 1.000000
37430 38.340 -33.223 -24.443 1.000000
37431 42.613 -33.307 -27.096 1.000000
37432 40.049 -32.590 -26.653 1.000000
37433 39.314 -33.214 -26.107 1.000000
37434 42.380 -33.496 -27.236 1.000000
37435 41.899 -32.847 -27.441 1.000000
37436 41.186 -33.634 -27.068 1.000000
38083 40.580 -32.347 -15.830 0.400000
38084 39.794 -32.476 -15.801 0.400000
38085 38.995 -32.338 -16.230 0.500000
38086 39.429 -31.646 -16.224 0.400000
38095 41.849 -32.229 -16.457 0.300000
38097 38.718 -31.698 -16.662 0.500000
38098 38.298 -31.941 -17.329 0.500000
38106 43.511 -31.811 -18.097 0.300000
38107 43.021 -32.246 -17.543 0.300000
38108 38.042 -32.519 -17.815 0.500000
38109 38.159 -31.910 -18.016 0.700000
38119 38.381 -31.829 -19.358 0.700000
38130 38.412 -32.144 -20.223 0.700000
38142 38.417 -31.629 -20.926 0.700000
38150 38.569 -31.980 -21.719 0.800000
38162 39.453 -31.727 -23.101 0.800000
38163 39.003 -32.270 -22.426 0.800000
38164 35.609 -32.462 -22.918 0.700000
38165 34.705 -32.334 -23.008 0.700000
38171 40.741 -31.680 -24.668 0.900000
38172 39.983 -32.137 -23.989 0.800000
38173 37.593 -31.687 -23.993 0.800000
38174 36.996 -32.160 -23.568 0.800000
38175 36.114 -31.935 -23.364 0.700000
38176 35.205 -31.742 -23.262 0.600000
38178 42.295 -31.925 -26.417 1.000000
38179 41.675 -32.215 -25.410 1.000000
38180 38.810 -32.038 -25.354 1.000000
38181 38.322 -32.151 -24.654 0.900000
38182 42.620 -32.426 -27.176 1.000000
38183 39.980 -31.772 -26.669 1.000000
38184 39.231 -32.296 -26.007 1.000000
38185 42.520 -32.674 -27.313 1.000000
38186 42.098 -31.522 -27.531 1.000000
38187 41.178 -32.174 -27.349 1.000000
38188 42.203 -32.235 -27.512 1.000000
38847 40.245 -31.674 -15.969 0.400000
38860 39.014 -30.929 -16.625 0.300000
38861 38.551 -31.147 -17.168 0.500000
38870 38.328 -31.296 -17.842 0.600000
38875 38.400 -31.002 -19.268 0.700000
38885 38.442 -30.478 -19.986 0.700000
38894 38.421 -30.782 -20.783 0.700000
38901 38.543 -31.098 -21.569 0.700000
38916 39.373 -30.810 -22.996 0.700000
38917 38.890 -31.412 -22.341 0.700000
38922 40.732 -30.763 -24.661 0.800000
38923 39.827 -31.188 -24.032 0.700000
38924 37.263 -30.837 -24.069 0.800000
38925 36.681 -31.354 -23.648 0.800000
38926 35.741 -31.153 -23.514 0.700000
38930 42.287 -31.016 -26.486 1.000000
38931 41.627 -31.326 -25.458 1.000000
38932 38.702 -30.916 -25.086 0.900000
38933 38.077 -31.275 -24.596 0.900000
38934 42.668 -31.045 -27.560 1.000000
38935 39.872 -30.902 -26.716 1.000000
38936 39.122 -31.433 -25.837 1.000000
38937 42.501 -31.794 -27.360 1.000000
38938 42.004 -30.730 -27.697 1.000000
38939 40.957 -31.254 -27.334 1.000000
39650 39.239 -29.905 -16.717 0.300000
39651 38.727 -29.985 -17.362 0.500000
39661 38.608 -29.852 -18.225 0.600000
39667 38.469 -30.175 -19.162 0.700000
39690 38.440 -29.967 -20.627 0.700000
39706 38.506 -30.259 -21.427 0.700000
39715 39.270 -29.963 -22.759 0.700000
39716 38.818 -30.542 -22.208 0.700000
39721 40.898 -29.841 -24.644 0.800000
39722 40.024 -30.140 -23.666 0.700000
39723 36.292 -30.528 -23.726 0.700000
39724 35.293 -30.497 -23.841 0.500000
39730 42.284 -30.288 -26.303 1.000000
39731 41.701 -30.459 -25.451 1.000000
39732 38.752 -30.087 -25.061 0.900000
39733 37.925 -30.413 -24.555 0.900000
39734 36.930 -29.856 -24.077 0.800000
39736 42.981 -30.356 -27.795 1.000000
39737 39.963 -29.977 -26.790 1.000000
39738 39.198 -30.529 -25.912 0.900000
39739 42.685 -30.817 -27.551 1.000000
39740 41.917 -29.986 -27.986 1.000000
39741 40.841 -30.452 -27.373 1.000000
40492 39.437 -28.896 -16.984 0.300000
40500 39.006 -28.397 -17.662 0.400000
40501 38.665 -28.875 -18.341 0.600000
40516 38.549 -29.360 -19.083 0.700000
40524 38.452 -29.026 -19.718 0.700000
40542 38.456 -29.177 -20.415 0.700000
40552 38.520 -29.397 -21.311 0.700000
40559 39.558 -28.654 -23.259 0.700000
40560 38.950 -29.115 -22.599 0.700000
40566 40.845 -28.959 -24.782 0.700000
40567 40.294 -29.216 -23.772 0.700000
40568 35.838 -29.819 -23.950 0.500000
40571 42.605 -29.153 -26.936 0.900000
40572 41.881 -29.611 -25.773 0.900000
40573 38.857 -29.201 -25.203 0.900000
40574 37.939 -29.494 -24.532 0.900000
40575 37.127 -28.930 -24.189 0.700000
40576 35.394 -29.181 -24.515 0.500000
40579 43.153 -29.654 -28.051 1.000000
40580 39.823 -28.916 -26.408 1.000000
40581 39.275 -29.760 -25.852 0.900000
40582 42.977 -30.235 -28.079 1.000000
40583 42.258 -29.192 -28.416 0.900000
40584 40.887 -29.476 -27.631 1.000000
40585 42.967 -29.599 -28.267 1.000000
41315 39.150 -27.515 -17.751 0.300000
41316 38.582 -27.854 -18.502 0.600000
41323 38.451 -28.526 -19.165 0.600000
41337 38.385 -28.318 -20.086 0.700000
41346 38.516 -28.574 -20.980 0.700000
41352 38.650 -28.719 -21.828 0.600000
41353 39.063 -28.087 -22.488 0.600000
41354 38.642 -27.919 -21.559 0.600000
41360 39.686 -27.804 -23.320 0.600000
41366 40.860 -28.104 -24.699 0.700000
41367 40.333 -28.359 -23.841 0.700000
41371 42.336 -28.260 -26.775 0.700000
41372 41.636 -28.649 -25.718 0.900000
41373 38.361 -27.650 -24.787 0.900000
41374 38.067 -28.524 -24.605 0.800000
41375 36.367 -27.809 -24.408 0.600000
41376 35.510 -28.284 -24.639 0.500000
41381 43.148 -28.669 -27.929 0.900000
41382 40.164 -28.000 -26.855 0.700000
41383 39.070 -28.318 -25.312 0.900000
41385 43.033 -28.944 -28.243 0.900000
41386 41.122 -28.644 -28.022 0.900000
41387 42.398 -28.320 -28.505 0.700000
42066 38.862 -26.973 -18.401 0.400000
42086 38.441 -27.319 -20.211 0.600000
42092 38.590 -27.081 -21.176 0.600000
42097 39.321 -27.213 -22.767 0.500000
42098 38.776 -27.239 -22.078 0.600000
42102 39.831 -27.003 -23.456 0.500000
42107 40.727 -27.340 -24.714 0.500000
42108 40.354 -27.563 -23.903 0.600000
42112 42.077 -27.336 -26.675 0.600000
42113 41.463 -27.810 -25.579 0.600000
42114 38.700 -26.844 -25.026 0.800000
42115 37.256 -27.471 -24.493 0.700000
42116 37.042 -26.714 -24.483 0.800000
42117 35.651 -27.454 -24.693 0.500000
42120 43.146 -27.102 -27.951 0.500000
42121 39.995 -27.122 -26.964 0.700000
42122 39.388 -27.515 -25.697 0.700000
42126 43.051 -26.859 -28.137 0.600000
42127 42.458 -27.285 -28.477 0.700000
42128 41.106 -27.579 -28.282 0.700000
42833 39.214 -26.195 -18.223 0.400000
42851 38.970 -25.526 -18.745 0.400000
42852 38.643 -25.760 -19.563 0.500000
42855 38.630 -25.967 -20.370 0.400000
42862 38.684 -26.208 -21.105 0.600000
42866 38.953 -26.053 -22.454 0.500000
42867 38.744 -25.723 -21.754 0.400000
42875 39.368 -25.691 -23.069 0.500000
42880 40.622 -26.532 -24.802 0.500000
42881 40.026 -26.186 -23.706 0.500000
42885 41.397 -26.654 -25.846 0.500000
42886 41.036 -25.922 -25.646 0.400000
42887 38.529 -25.641 -24.868 0.700000
42888 37.958 -26.247 -24.629 0.800000
42889 36.874 -25.941 -24.450 0.700000
42890 35.984 -25.571 -24.536 0.500000
42895 42.111 -26.418 -27.088 0.500000
42896 39.645 -26.270 -26.992 0.700000
42897 39.252 -26.569 -25.907 0.700000
42902 42.717 -26.196 -28.140 0.500000
42903 41.207 -26.537 -28.463 0.700000
42904 39.917 -26.073 -28.073 0.600000
42905 42.456 -26.385 -28.438 0.600000
42906 42.307 -25.648 -28.339 0.500000
42907 41.582 -25.780 -28.494 0.500000
42908 40.479 -25.791 -28.371 0.500000
43604 39.212 -24.667 -18.625 0.300000
43605 38.794 -24.967 -19.366 0.400000
43611 38.628 -25.214 -20.175 0.400000
43617 38.676 -24.667 -20.806 0.400000
43621 38.784 -24.915 -21.635 0.400000
43628 39.343 -24.879 -23.044 0.500000
43629 38.981 -25.274 -22.406 0.400000
43632 39.785 -25.288 -23.668 0.500000
43635 40.680 -24.898 -25.278 0.400000
43636 40.382 -25.583 -24.469 0.500000
43637 38.527 -24.961 -24.922 0.600000
43638 37.719 -25.443 -24.596 0.700000
43639 36.775 -25.142 -24.483 0.500000
43640 36.003 -24.785 -24.554 0.500000
43641 35.370 -25.211 -24.932 0.500000
43644 41.846 -24.755 -27.619 0.400000
43645 41.450 -25.432 -26.692 0.400000
43646 39.506 -25.585 -27.265 0.600000
43647 39.036 -25.560 -25.978 0.600000
43648 34.555 -25.243 -25.522 0.500000
43651 42.327 -25.358 -28.196 0.500000
43652 39.617 -25.229 -28.129 0.600000
43653 42.142 -24.858 -28.330 0.400000
43654 41.757 -25.063 -28.517 0.300000
43655 40.665 -25.160 -28.457 0.400000
44342 38.940 -24.196 -19.243 0.400000
44353 38.660 -24.469 -19.970 0.400000
44358 38.653 -23.921 -20.509 0.400000
44362 38.736 -23.975 -21.466 0.400000
44369 39.468 -23.994 -23.089 0.500000
44370 39.053 -24.419 -22.323 0.400000
44375 39.682 -24.098 -23.992 0.500000
44378 40.521 -23.843 -25.569 0.300000
44379 40.130 -24.222 -24.669 0.500000
44380 38.341 -24.185 -24.972 0.400000
44381 37.617 -24.696 -24.643 0.400000
44382 36.763 -24.395 -24.567 0.300000
44383 35.991 -24.019 -24.711 0.400000
44384 35.248 -24.570 -25.188 0.500000
44388 41.257 -23.833 -26.931 0.400000
44389 39.283 -24.842 -26.920 0.600000
44390 38.909 -24.523 -25.764 0.500000
44391 34.101 -24.481 -25.724 0.400000
44394 42.164 -23.811 -27.835 0.300000
44395 39.300 -24.264 -27.718 0.400000
44396 38.997 -23.989 -26.603 0.400000
44397 42.258 -24.229 -28.207 0.400000
44398 41.117 -24.488 -28.658 0.300000
44399 39.914 -24.442 -28.476 0.400000
44400 41.882 -24.486 -28.592 0.300000
44401 42.086 -24.070 -28.487 0.400000
44402 41.700 -23.952 -28.714 0.300000
44403 40.682 -23.657 -28.692 0.300000
45066 39.330 -23.753 -18.607 0.300000
45067 39.205 -23.022 -18.827 0.300000
45080 38.994 -23.467 -19.272 0.400000
45081 38.835 -23.286 -20.017 0.400000
45090 38.748 -23.233 -20.876 0.400000
45096 38.916 -23.161 -21.597 0.400000
45101 39.315 -22.230 -22.997 0.400000
45102 39.150 -23.528 -22.247 0.400000
45108 39.671 -23.373 -23.678 0.400000
45111 40.280 -22.903 -25.121 0.300000
45112 39.989 -23.536 -24.501 0.400000
45113 38.005 -23.440 -25.242 0.300000
45114 36.948 -23.629 -24.773 0.300000
45115 36.162 -23.108 -25.062 0.300000
45119 40.975 -22.984 -26.262 0.400000
45120 38.641 -23.232 -26.156 0.400000
45121 37.951 -22.530 -25.713 0.300000
45122 35.144 -22.850 -25.486 0.400000
45128 42.452 -22.593 -28.097 0.300000
45129 41.912 -22.990 -27.495 0.300000
45130 39.160 -22.612 -27.673 0.300000
45131 39.033 -23.364 -27.224 0.400000
45133 42.239 -23.295 -28.320 0.300000
45134 39.528 -23.552 -28.139 0.300000
45135 42.024 -23.544 -28.600 0.400000
45136 41.210 -22.865 -28.644 0.300000
45874 39.052 -22.713 -19.440 0.300000
45885 38.887 -22.547 -20.306 0.300000
45886 38.848 -22.482 -21.176 0.300000
45895 39.081 -22.528 -22.122 0.400000
45907 40.115 -22.111 -24.669 0.300000
45908 37.258 -22.967 -25.094 0.300000
45914 38.136 -21.767 -26.371 0.300000
45915 37.495 -21.663 -25.599 0.300000
45916 36.927 -22.318 -25.160 0.300000
45922 38.601 -21.846 -27.231 0.300000
45924 42.423 -22.404 -28.210 0.300000
45925 40.098 -22.801 -28.362 0.300000
45926 39.639 -22.149 -28.137 0.300000
45927 38.801 -21.216 -27.523 0.300000
46657 38.929 -21.871 -20.641 0.300000
46666 38.986 -21.575 -21.434 0.300000
46667 39.172 -20.715 -21.849 0.300000
46690 37.192 -20.858 -25.568 0.300000
46691 37.674 -20.256 -26.093 0.300000
46692 35.766 -21.309 -25.223 0.300000
46699 38.105 -20.941 -26.941 0.300000
46703 39.620 -21.517 -27.926 0.300000
47419 37.805 -19.489 -26.598 0.300000
47420 36.918 -20.026 -25.663 0.300000
47421 36.004 -19.814 -25.571 0.300000
47422 35.039 -19.638 -25.572 0.300000
47423 33.894 -19.744 -26.170 0.300000
47427 38.557 -20.358 -27.330 0.300000
47428 38.034 -20.125 -26.904 0.300000
47434 40.311 -20.218 -27.644 0.300000
48208 37.277 -18.824 -26.369 0.400000
48209 35.490 -18.744 -25.965 0.300000
48210 34.402 -18.755 -26.184 0.300000
48215 39.212 -19.693 -27.345 0.300000
48216 38.710 -18.966 -26.838 0.300000
48217 38.006 -18.962 -26.657 0.400000
48218 33.235 -18.660 -26.547 0.300000
48963 37.077 -18.103 -26.033 0.300000
48964 35.230 -17.828 -26.138 0.300000
48965 34.167 -17.269 -26.547 0.300000
48966 33.672 -17.827 -26.613 0.300000
48967 31.183 -17.646 -26.721 0.300000
48971 32.395 -17.726 -26.803 0.300000
49728 37.008 -17.292 -25.303 0.300000
49729 34.845 -16.959 -25.962 0.300000
49730 33.675 -16.484 -26.531 0.300000
49731 32.837 -16.846 -26.853 0.300000
49738 31.570 -17.082 -26.989 0.300000
50514 37.322 -16.527 -24.837 0.300000
50516 35.196 -16.261 -25.212 0.300000
89090 39.601 -40.523 -13.968 0.300000
89103 36.571 -19.120 -26.125 0.300000
89348 42.530 -25.838 -27.894 0.500000
89367 38.278 -40.069 -14.332 0.400000
89463 38.369 -41.710 -13.959 0.300000
89507 38.312 -31.525 -18.574 0.700000
90055 38.580 -34.683 -20.268 0.600000
90067 40.531 -45.416 -23.103 0.700000
90069 34.917 -42.514 -20.326 0.700000
90185 35.956 -26.520 -24.576 0.600000
90227 36.310 -18.369 -26.134 0.300000
90424 38.410 -30.736 -18.443 0.600000
90569 40.893 -50.735 -21.768 0.400000
90619 38.368 -27.705 -19.399 0.600000
90832 40.422 -44.580 -24.160 0.800000
90880 38.496 -26.592 -19.758 0.600000
90948 34.674 -17.993 -26.398 0.300000
90949 33.345 -43.403 -20.517 0.700000
91135 36.335 -28.559 -24.266 0.600000
91174 26.850 -50.873 -22.747 0.500000
91338 42.508 -34.661 -26.498 1.000000
91371 37.092 -37.254 -16.128 0.700000
91376 43.697 -35.222 -17.315 0.300000
91381 35.951 -22.155 -25.083 0.300000
91554 39.762 -35.688 -15.135 0.400000
91699 26.874 -50.026 -22.378 0.400000
91747 40.736 -40.539 -23.948 0.900000
92142 38.601 -22.551 -26.746 0.400000
92179 37.467 -36.385 -17.465 0.700000
92342 38.335 -19.579 -27.045 0.300000
92384 38.596 -33.368 -21.022 0.700000
92496 40.400 -38.866 -25.518 1.000000
92506 41.047 -38.760 -14.503 0.400000
92586 42.368 -34.850 -26.613 1.000000
92765 43.038 -26.499 -27.985 0.500000
92955 37.567 -39.554 -22.803 1.000000
93142 38.700 -26.495 -21.864 0.500000
93176 38.349 -33.413 -19.653 0.700000
93724 39.685 -37.660 -21.277 0.800000
93785 43.034 -27.869 -28.152 0.800000
93943 32.566 -19.381 -26.615 0.300000
93952 37.126 -41.257 -17.452 0.600000
94023 38.539 -30.584 -17.656 0.600000
94076 36.016 -37.688 -20.437 0.900000
94168 31.416 -43.534 -22.757 0.500000
94200 37.310 -19.482 -26.196 0.300000
94210 36.809 -39.131 -15.860 0.600000
94243 38.647 -26.341 -18.933 0.500000
94307 42.403 -22.191 -27.750 0.300000
94321 40.807 -46.868 -23.532 0.600000
94322 42.649 -33.937 -26.612 1.000000
94399 37.417 -37.286 -15.684 0.600000
94405 38.728 -25.454 -20.973 0.500000
94427 38.905 -29.297 -17.516 0.500000
94737 32.464 -46.384 -20.031 0.600000
94738 37.707 -43.300 -24.038 0.800000
94745 37.013 -45.208 -18.534 0.600000
94867 37.653 -35.321 -16.425 0.500000
94876 40.299 -39.413 -22.800 0.700000
94906 40.942 -39.820 -25.001 1.000000
94974 39.499 -38.259 -20.972 0.800000
95062 39.447 -43.425 -20.595 0.800000
95169 37.684 -36.575 -18.374 0.600000
95205 40.690 -21.996 -28.401 0.300000
95274 35.016 -52.649 -17.247 0.300000
95392 39.628 -32.595 -23.066 0.800000
95406 40.610 -31.123 -16.129 0.300000
95494 40.555 -39.686 -25.379 1.000000
95495 36.272 -47.648 -18.288 0.600000
95554 41.417 -39.545 -14.472 0.300000
95781 36.356 -29.229 -24.106 0.600000
95896 35.287 -37.875 -20.045 0.700000
95911 39.272 -50.507 -22.889 0.500000
96170 38.624 -42.497 -19.153 0.700000
96257 42.342 -23.367 -28.104 0.300000
96319 41.629 -35.340 -15.742 0.400000
96456 35.957 -44.631 -20.949 0.700000
96531 35.147 -45.490 -14.933 0.400000
96603 39.751 -36.504 -21.793 0.700000
96645 38.941 -33.516 -25.155 1.000000
96755 34.450 -43.813 -20.237 0.700000
96756 40.494 -44.398 -23.723 0.700000
96768 39.425 -42.376 -20.483 0.800000
96777 36.367 -20.669 -25.348 0.300000
96855 37.687 -35.531 -23.250 1.000000
96975 36.421 -43.352 -14.636 0.300000
97033 36.374 -45.401 -14.034 0.300000
97062 39.714 -41.810 -21.697 0.800000
97145 37.662 -33.289 -23.717 0.900000
97166 39.077 -35.956 -20.685 0.700000
97210 42.054 -23.003 -28.581 0.400000
97287 36.521 -51.412 -18.650 0.500000
97321 36.631 -21.491 -25.238 0.300000
97603 27.691 -50.395 -20.013 0.400000
97652 35.410 -47.357 -17.199 0.500000
97678 31.251 -44.950 -23.176 0.600000
97710 39.422 -20.682 -27.634 0.300000
97751 38.494 -27.835 -20.801 0.600000
97887 36.074 -17.665 -25.905 0.300000
98048 38.701 -29.757 -22.068 0.700000
98092 31.680 -46.109 -20.682 0.600000
98265 35.196 -38.799 -20.332 0.900000
98272 35.966 -36.458 -20.533 0.900000
98492 38.427 -31.298 -20.115 0.700000
98635 38.925 -43.589 -13.771 0.300000
98704 36.933 -42.063 -14.582 0.400000
98742 40.260 -26.753 -27.951 0.700000
98883 35.241 -46.150 -16.811 0.500000
98907 43.051 -27.844 -27.801 0.700000
98924 39.709 -33.393 -22.887 0.800000
98925 41.156 -49.020 -24.012 0.500000
99312 32.783 -44.105 -20.626 0.700000
99358 39.407 -26.465 -22.988 0.500000
99482 38.453 -29.697 -19.843 0.700000
99497 41.030 -24.558 -26.417 0.400000
99544 37.609 -42.403 -18.174 0.600000
99548 37.125 -51.231 -19.049 0.600000
99724 36.508 -41.579 -20.862 0.700000
99725 38.477 -49.699 -20.061 0.600000
99726 38.844 -38.681 -19.830 0.800000
99746 34.732 -20.357 -25.590 0.300000
99898 37.735 -40.129 -23.402 1.000000
100007 42.552 -31.663 -27.169 1.000000
100035 39.738 -38.609 -25.614 1.000000
100078 40.373 -26.899 -24.001 0.500000
100085 39.402 -34.379 -15.485 0.400000
100427 26.387 -52.928 -18.567 0.400000
100445 36.388 -16.490 -24.825 0.300000
100604 42.133 -33.668 -25.682 1.000000
100605 40.814 -46.790 -22.743 0.700000
100630 37.215 -39.792 -21.851 0.900000
100636 27.862 -49.678 -19.440 0.400000
100800 34.553 -34.318 -21.118 0.700000
100855 37.713 -37.912 -18.372 0.700000
100959 35.893 -48.064 -17.879 0.600000
100965 40.164 -33.951 -23.427 0.900000
100972 39.640 -24.610 -23.597 0.500000
101003 40.041 -24.774 -24.228 0.500000
101032 39.214 -33.759 -15.662 0.400000
101049 42.713 -29.875 -27.065 1.000000
101050 42.587 -30.458 -26.978 1.000000
101104 37.341 -42.809 -22.027 0.800000
101182 35.445 -44.470 -20.490 0.700000
101293 35.142 -44.020 -20.275 0.700000
101330 38.245 -42.041 -18.567 0.700000
101358 38.154 -42.680 -24.677 0.900000
101362 37.835 -49.950 -19.586 0.600000
101441 37.760 -50.975 -19.457 0.700000
101495 39.451 -44.054 -13.815 0.300000
101519 39.497 -23.074 -22.894 0.400000
101544 38.172 -36.170 -24.522 1.000000
101562 38.321 -37.400 -19.463 0.800000
101650 37.862 -26.980 -24.640 0.700000
101716 40.904 -39.951 -24.490 0.900000
101872 35.468 -47.963 -17.369 0.500000
101955 40.442 -35.534 -15.262 0.400000
101957 35.149 -23.765 -25.376 0.400000
102095 39.378 -36.385 -21.139 0.700000
102159 39.157 -38.287 -20.377 0.700000
102174 36.442 -27.171 -24.519 0.600000
102318 37.121 -28.176 -24.375 0.700000
102346 28.235 -48.432 -19.474 0.400000
102405 29.920 -47.573 -23.494 0.500000
102416 38.648 -29.250 -21.957 0.700000
102434 40.348 -38.755 -14.426 0.400000
102978 40.884 -32.902 -27.090 1.000000
103011 32.132 -18.483 -26.723 0.300000
103012 38.437 -27.091 -19.054 0.600000
103093 38.878 -40.463 -14.010 0.300000
103154 29.311 -44.889 -22.489 0.500000
103180 38.779 -23.866 -19.785 0.400000
103258 37.723 -55.902 -18.149 0.500000
103317 35.905 -17.010 -25.399 0.300000
103323 37.543 -24.056 -24.754 0.400000
103386 38.709 -42.269 -25.220 1.000000
103409 36.535 -40.132 -20.973 0.800000
103431 27.920 -48.877 -20.831 0.400000
103499 36.871 -52.228 -18.881 0.500000
103502 39.964 -49.905 -23.414 0.500000
103613 39.000 -45.873 -20.537 0.800000
103748 34.713 -51.459 -16.957 0.400000
103850 37.557 -35.922 -17.997 0.600000
104014 35.948 -51.971 -18.246 0.500000
104386 34.206 -42.189 -20.399 0.700000
104543 38.489 -32.317 -16.707 0.500000
104636 26.551 -50.091 -18.454 0.400000
104685 39.004 -26.694 -22.429 0.500000
104702 37.804 -50.463 -19.518 0.600000
104819 38.559 -26.615 -20.542 0.500000
104901 38.359 -36.052 -15.436 0.500000
104975 40.050 -36.563 -26.204 1.000000
105113 39.395 -42.737 -25.329 0.900000
105223 37.116 -33.262 -23.304 0.800000
105350 36.475 -38.612 -21.056 0.900000
105478 39.615 -22.701 -23.486 0.400000
105556 39.240 -32.947 -22.459 0.800000
105572 42.414 -35.083 -26.369 1.000000
105852 25.601 -49.624 -18.447 0.300000
106171 41.180 -27.139 -25.458 0.600000
106250 40.518 -33.731 -24.030 1.000000
106283 39.808 -43.058 -25.249 0.900000
106397 39.157 -20.922 -21.210 0.300000
106415 38.806 -34.837 -25.522 1.000000
106420 40.169 -45.818 -22.060 0.700000
106425 34.883 -46.028 -15.311 0.300000
106430 38.960 -33.661 -21.526 0.800000
106443 26.958 -51.503 -20.435 0.400000
106466 37.966 -32.867 -18.206 0.600000
106494 37.587 -37.366 -22.864 0.900000
106497 35.075 -45.606 -16.325 0.500000
106594 39.107 -21.904 -27.678 0.300000
106599 35.658 -39.019 -20.531 0.900000
106607 38.252 -44.744 -19.440 0.700000
106615 40.787 -48.561 -23.967 0.500000
106622 26.819 -53.192 -19.197 0.400000
106780 37.021 -46.990 -23.195 0.500000
106805 26.887 -50.515 -21.135 0.400000
106908 26.560 -50.837 -18.387 0.400000
106982 37.782 -21.076 -26.015 0.300000
107013 37.854 -40.020 -24.060 0.900000
107080 30.381 -47.136 -23.578 0.500000
107111 38.242 -45.407 -19.608 0.700000
107286 37.448 -38.271 -22.506 0.900000
107339 36.890 -41.098 -15.240 0.400000
107359 36.716 -40.962 -21.069 0.700000
107379 38.153 -42.702 -18.660 0.600000
107530 38.685 -23.818 -25.651 0.400000
107600 40.807 -36.530 -26.258 1.000000
107621 33.437 -47.661 -19.872 0.400000
107623 41.627 -23.426 -28.706 0.300000
107651 38.414 -27.166 -19.608 0.600000
107654 37.642 -43.424 -23.185 0.800000
107672 38.735 -30.490 -17.043 0.400000
107701 37.236 -32.810 -23.509 0.800000
108084 40.802 -29.957 -27.436 1.000000
108151 40.786 -38.619 -24.162 0.900000
108192 39.056 -48.665 -23.674 0.500000
108197 40.910 -39.145 -24.547 0.900000
108234 39.238 -39.963 -25.394 1.000000
108238 39.556 -29.407 -23.242 0.700000
108451 38.627 -31.572 -25.076 0.900000
108460 40.178 -33.253 -26.697 1.000000
108491 40.664 -41.976 -24.914 0.900000
108578 40.885 -49.227 -22.232 0.500000
108629 38.261 -45.842 -23.961 0.800000
108699 27.965 -50.014 -22.812 0.400000
108776 27.242 -49.537 -22.530 0.400000
108831 36.004 -39.846 -20.594 0.900000
108850 38.813 -26.148 -25.142 0.700000
108895 44.011 -35.782 -17.554 0.300000
108898 37.685 -27.941 -24.546 0.800000
108991 37.740 -34.818 -16.387 0.500000
109111 25.520 -48.943 -18.555 0.300000
109112 39.618 -28.171 -25.936 1.000000
109133 40.978 -38.714 -24.889 1.000000
