#!ascii label  , from subject OAS1_0001-3 vox2ras=TkReg 
1198
196 16.225 -89.944 -14.127 0.500000
210 13.941 -88.884 -18.106 0.400000
214 13.979 -88.894 -19.117 0.400000
344 16.938 -88.736 -13.111 0.500000
345 16.572 -88.995 -13.673 0.500000
349 16.172 -88.864 -14.180 0.400000
350 15.403 -88.352 -14.617 0.400000
351 14.733 -88.015 -14.934 0.400000
360 14.279 -88.181 -17.673 0.400000
363 14.489 -88.200 -18.573 0.400000
535 18.912 -87.505 -12.381 0.300000
541 18.707 -86.902 -14.194 0.400000
542 17.661 -87.281 -13.876 0.500000
543 16.948 -88.054 -13.630 0.500000
550 20.087 -87.577 -15.616 0.400000
551 19.111 -87.073 -15.336 0.400000
552 18.058 -86.846 -14.814 0.500000
553 16.984 -87.352 -14.323 0.500000
554 16.077 -87.755 -14.425 0.400000
560 20.383 -87.732 -16.376 0.300000
561 19.496 -87.439 -16.187 0.400000
562 18.593 -87.008 -15.828 0.400000
563 17.627 -86.697 -15.195 0.500000
564 16.317 -86.778 -14.897 0.400000
565 15.191 -87.208 -14.883 0.400000
566 14.624 -87.285 -15.513 0.400000
573 14.407 -87.395 -16.412 0.400000
578 14.654 -87.407 -18.022 0.400000
580 15.127 -87.507 -18.991 0.400000
581 15.476 -86.642 -18.973 0.400000
582 15.058 -86.615 -18.245 0.400000
817 18.128 -86.437 -16.214 0.500000
818 17.317 -86.443 -15.581 0.500000
819 16.198 -86.018 -15.648 0.500000
820 15.491 -86.448 -15.372 0.400000
821 14.653 -86.449 -16.213 0.400000
822 15.242 -85.797 -15.978 0.400000
832 19.034 -86.288 -16.923 0.400000
833 17.090 -85.613 -15.993 0.500000
834 14.652 -86.627 -17.250 0.400000
835 14.980 -85.749 -16.846 0.400000
842 22.961 -86.976 -17.694 0.300000
843 22.320 -86.974 -17.746 0.300000
844 21.657 -86.621 -17.715 0.300000
845 20.491 -85.766 -17.945 0.400000
846 20.053 -86.535 -17.395 0.400000
847 15.016 -85.875 -17.661 0.400000
855 15.557 -85.799 -18.470 0.400000
888 25.422 -86.361 -23.861 0.300000
1120 23.002 -86.535 -17.458 0.300000
1121 23.431 -85.959 -16.965 0.300000
1122 22.633 -85.909 -17.247 0.300000
1123 18.842 -84.682 -17.239 0.500000
1124 17.968 -85.272 -16.515 0.400000
1125 16.952 -84.624 -16.393 0.400000
1126 16.050 -84.978 -16.110 0.400000
1127 15.511 -85.165 -16.605 0.400000
1131 22.293 -86.373 -17.602 0.300000
1132 21.590 -85.669 -17.848 0.300000
1133 21.184 -85.741 -18.041 0.400000
1134 19.855 -84.910 -18.112 0.400000
1135 15.493 -85.076 -17.417 0.400000
1139 20.718 -84.833 -18.528 0.400000
1141 16.104 -84.862 -18.286 0.500000
1145 17.470 -84.719 -19.597 0.300000
1146 16.825 -84.771 -18.933 0.300000
1150 18.266 -84.398 -20.851 0.400000
1151 17.844 -85.086 -20.356 0.300000
1158 19.151 -84.602 -22.231 0.300000
1159 18.667 -85.077 -21.626 0.400000
1169 26.528 -85.414 -22.955 0.300000
1170 25.858 -85.461 -22.332 0.400000
1171 25.721 -85.719 -23.119 0.300000
1172 25.210 -85.522 -22.521 0.400000
1173 25.084 -86.003 -23.171 0.300000
1174 24.510 -85.506 -22.984 0.400000
1176 19.759 -85.276 -22.750 0.400000
1188 26.362 -85.944 -23.782 0.300000
1189 27.112 -85.338 -23.612 0.300000
1199 26.538 -85.357 -24.441 0.300000
1200 25.918 -85.517 -25.262 0.300000
1410 24.080 -84.600 -15.775 0.300000
1411 23.308 -84.910 -16.214 0.300000
1413 22.486 -84.272 -16.085 0.300000
1417 22.047 -85.412 -17.468 0.300000
1418 21.833 -84.412 -16.846 0.300000
1419 21.497 -84.750 -18.009 0.300000
1420 17.690 -84.178 -16.882 0.400000
1421 16.676 -83.981 -16.891 0.400000
1422 15.919 -84.487 -16.771 0.500000
1426 21.144 -84.821 -18.452 0.400000
1427 19.857 -84.098 -19.108 0.400000
1428 19.125 -84.061 -17.982 0.300000
1429 18.242 -83.916 -17.576 0.400000
1430 17.422 -83.775 -17.443 0.400000
1431 16.198 -84.263 -17.476 0.500000
1432 16.820 -83.812 -17.593 0.400000
1434 20.588 -83.962 -18.985 0.400000
1435 16.746 -84.132 -18.183 0.400000
1436 17.454 -84.103 -18.787 0.400000
1437 17.378 -83.670 -18.062 0.400000
1439 19.831 -83.235 -19.464 0.400000
1440 17.962 -83.871 -19.515 0.400000
1443 18.462 -83.436 -20.936 0.400000
1444 18.279 -83.590 -20.259 0.400000
1446 27.570 -84.990 -21.904 0.300000
1447 28.032 -84.432 -21.581 0.300000
1448 26.892 -84.497 -21.508 0.300000
1449 26.549 -85.229 -21.925 0.400000
1450 25.688 -84.341 -21.307 0.400000
1451 25.470 -85.096 -21.858 0.400000
1452 24.971 -84.410 -21.424 0.400000
1453 19.126 -83.535 -22.207 0.400000
1454 18.682 -83.963 -21.591 0.400000
1463 27.466 -85.071 -22.620 0.300000
1464 28.271 -84.674 -22.067 0.400000
1465 24.603 -84.693 -22.228 0.400000
1466 23.722 -84.585 -22.995 0.400000
1467 20.372 -83.629 -23.098 0.400000
1468 19.634 -84.151 -22.797 0.400000
1474 28.180 -84.516 -22.753 0.300000
1484 27.238 -84.616 -24.010 0.300000
1485 26.557 -84.255 -24.464 0.300000
1486 25.982 -84.569 -25.032 0.300000
1752 21.106 -84.006 -18.555 0.300000
1753 20.727 -83.445 -18.932 0.400000
1754 18.652 -83.699 -18.381 0.300000
1755 17.903 -83.595 -17.974 0.400000
1765 20.344 -83.083 -19.425 0.400000
1766 18.923 -83.230 -19.234 0.300000
1767 18.171 -83.658 -18.732 0.400000
1777 19.810 -82.636 -19.716 0.400000
1778 19.116 -82.638 -19.960 0.300000
1779 18.507 -83.241 -19.694 0.300000
1780 18.736 -82.774 -20.551 0.400000
1791 27.224 -83.665 -21.150 0.300000
1792 28.497 -83.612 -21.065 0.300000
1793 27.391 -82.857 -20.794 0.300000
1794 26.079 -83.635 -21.007 0.400000
1795 25.509 -82.915 -20.537 0.400000
1796 24.930 -83.741 -20.851 0.500000
1797 24.979 -83.012 -20.417 0.400000
1798 24.520 -82.896 -20.828 0.400000
1799 18.792 -82.956 -21.477 0.400000
1813 29.410 -83.710 -21.541 0.300000
1814 30.005 -83.361 -21.239 0.300000
1815 29.484 -83.564 -21.163 0.300000
1816 28.890 -84.106 -21.599 0.300000
1817 24.361 -83.654 -21.609 0.400000
1818 23.828 -82.612 -21.581 0.500000
1819 19.347 -82.544 -22.140 0.400000
1830 29.720 -83.396 -21.844 0.300000
1831 28.974 -84.049 -22.149 0.300000
1832 23.172 -83.414 -22.912 0.500000
1833 23.059 -82.345 -22.458 0.500000
1834 22.492 -82.693 -23.002 0.400000
1835 20.006 -82.651 -22.714 0.400000
1841 28.478 -83.420 -23.027 0.400000
1842 27.663 -83.685 -23.494 0.300000
1843 27.632 -82.481 -23.446 0.400000
1844 26.804 -82.206 -23.714 0.400000
1845 22.301 -83.410 -23.320 0.400000
1846 21.410 -83.504 -23.345 0.400000
1848 26.671 -83.224 -23.927 0.300000
2140 20.493 -82.424 -18.745 0.300000
2145 20.243 -82.215 -19.525 0.400000
2153 19.865 -82.101 -20.247 0.400000
2154 19.238 -82.241 -20.599 0.400000
2155 19.608 -81.761 -20.815 0.400000
2161 30.119 -83.096 -20.811 0.300000
2164 29.305 -83.014 -20.708 0.300000
2166 25.670 -82.113 -20.422 0.300000
2167 25.097 -82.326 -20.261 0.400000
2168 24.696 -82.132 -20.273 0.400000
2169 23.988 -81.971 -20.720 0.400000
2170 19.242 -82.132 -21.274 0.400000
2178 30.576 -82.727 -21.058 0.300000
2180 23.246 -81.719 -21.582 0.500000
2181 19.615 -81.822 -21.889 0.500000
2183 30.374 -82.820 -21.604 0.300000
2184 29.890 -82.609 -22.327 0.400000
2185 29.228 -82.936 -22.699 0.300000
2186 21.748 -82.675 -23.118 0.400000
2187 22.080 -82.022 -22.766 0.500000
2188 20.863 -82.750 -22.966 0.400000
2189 20.488 -81.988 -22.640 0.500000
2190 19.838 -82.021 -22.356 0.400000
2192 28.206 -81.970 -23.313 0.400000
2193 27.349 -81.762 -23.636 0.300000
2195 26.114 -82.186 -24.054 0.400000
2196 25.380 -81.991 -24.611 0.400000
2199 28.395 -82.352 -26.601 0.300000
2200 27.707 -81.664 -25.623 0.400000
2206 28.644 -82.380 -27.310 0.400000
2207 29.013 -81.980 -27.558 0.400000
2208 29.183 -81.998 -26.799 0.400000
2209 27.971 -82.671 -27.440 0.300000
2210 27.156 -82.656 -27.547 0.300000
2211 27.528 -82.336 -26.651 0.300000
2213 26.553 -81.891 -26.572 0.300000
2217 28.605 -82.167 -28.153 0.300000
2218 28.157 -82.605 -27.916 0.400000
2219 27.469 -82.697 -28.173 0.300000
2220 26.510 -82.718 -28.351 0.400000
2225 27.962 -82.332 -28.606 0.400000
2226 27.340 -82.406 -28.909 0.400000
2227 27.534 -81.962 -29.398 0.500000
2228 26.208 -82.668 -29.208 0.400000
2233 26.860 -82.275 -29.616 0.500000
2234 26.101 -82.468 -30.000 0.400000
2235 26.565 -82.034 -30.338 0.400000
2240 25.890 -82.070 -30.752 0.400000
2526 23.831 -80.616 -19.866 0.300000
2527 23.208 -80.700 -19.853 0.400000
2528 20.203 -81.376 -20.478 0.500000
2529 20.666 -80.862 -19.859 0.500000
2536 27.822 -81.269 -21.119 0.300000
2538 26.297 -81.649 -20.726 0.300000
2539 25.418 -81.295 -20.407 0.300000
2540 24.819 -81.514 -20.163 0.300000
2541 23.284 -81.235 -20.629 0.400000
2542 22.419 -80.799 -20.700 0.400000
2543 19.968 -81.390 -21.295 0.500000
2544 20.689 -80.805 -20.654 0.400000
2549 27.156 -80.524 -21.438 0.300000
2550 26.924 -81.258 -21.171 0.300000
2551 22.425 -81.502 -22.127 0.500000
2552 21.861 -80.959 -21.547 0.500000
2553 20.834 -80.964 -21.507 0.500000
2554 20.208 -81.480 -22.090 0.500000
2558 30.534 -81.914 -22.350 0.400000
2559 29.207 -81.677 -23.205 0.400000
2562 32.067 -81.097 -22.510 0.300000
2563 31.012 -81.154 -22.827 0.400000
2564 29.963 -81.252 -23.452 0.500000
2565 28.961 -80.986 -23.812 0.500000
2566 26.772 -81.604 -23.949 0.300000
2568 30.097 -81.625 -25.597 0.400000
2569 30.567 -80.980 -25.333 0.400000
2570 30.346 -81.034 -24.620 0.400000
2571 29.510 -81.377 -24.771 0.400000
2572 29.782 -80.884 -23.998 0.300000
2573 27.832 -81.179 -24.574 0.500000
2574 26.794 -81.342 -24.642 0.400000
2575 26.117 -81.679 -24.379 0.300000
2576 25.481 -81.608 -24.982 0.400000
2579 30.298 -81.411 -25.958 0.400000
2580 29.475 -81.932 -26.000 0.300000
2581 25.961 -81.399 -25.438 0.300000
2600 29.772 -81.711 -26.305 0.400000
2601 29.514 -81.382 -27.299 0.400000
2618 29.112 -81.440 -28.226 0.400000
2630 28.688 -81.473 -28.801 0.400000
2631 28.147 -81.639 -29.135 0.300000
2632 28.496 -80.767 -29.402 0.400000
2642 27.663 -81.220 -29.687 0.400000
2643 26.994 -81.704 -30.041 0.500000
2644 26.894 -81.177 -30.143 0.500000
2649 26.304 -81.485 -30.574 0.400000
2650 25.625 -81.236 -31.251 0.400000
2966 24.273 -80.831 -20.007 0.300000
2967 24.284 -80.481 -20.070 0.300000
2968 23.826 -80.286 -19.812 0.300000
2970 22.567 -80.326 -19.405 0.300000
2971 21.437 -80.525 -19.785 0.400000
2979 26.111 -80.768 -21.109 0.300000
2980 25.288 -80.623 -20.605 0.300000
2981 24.751 -80.875 -20.143 0.300000
2982 21.513 -80.638 -20.752 0.500000
2988 27.726 -79.563 -21.559 0.300000
2989 26.538 -79.739 -21.591 0.300000
2990 25.590 -79.894 -21.165 0.300000
2999 32.224 -80.640 -23.173 0.300000
3000 30.540 -80.826 -23.688 0.400000
3007 31.108 -80.480 -24.159 0.400000
3025 31.193 -80.130 -25.188 0.400000
3035 30.146 -81.042 -26.546 0.400000
3036 30.724 -80.033 -26.487 0.500000
3044 29.952 -80.305 -27.447 0.400000
3045 29.584 -80.615 -28.408 0.400000
3057 29.151 -80.715 -29.087 0.400000
3058 29.521 -79.864 -29.287 0.500000
3067 29.008 -79.928 -29.594 0.500000
3068 28.520 -80.020 -29.567 0.600000
3069 27.233 -80.546 -29.587 0.600000
3070 26.282 -80.892 -30.481 0.700000
3071 26.451 -80.628 -29.963 0.700000
3072 25.614 -80.170 -30.181 0.700000
3081 25.273 -79.665 -31.309 0.700000
3399 24.782 -80.023 -20.525 0.300000
3410 30.244 -79.693 -21.448 0.300000
3411 29.190 -78.900 -21.674 0.300000
3412 26.981 -78.713 -21.674 0.300000
3413 25.940 -78.937 -21.613 0.300000
3414 25.240 -79.188 -21.066 0.300000
3423 30.130 -78.856 -22.205 0.300000
3449 30.433 -79.331 -27.628 0.500000
3460 29.993 -79.672 -28.600 0.500000
3461 30.243 -78.670 -28.689 0.400000
3462 27.018 -79.390 -28.140 0.700000
3463 26.342 -79.533 -28.357 0.700000
3464 26.191 -79.125 -27.566 0.800000
3465 25.377 -79.174 -28.317 0.800000
3471 29.689 -78.924 -29.299 0.400000
3472 27.033 -79.855 -28.952 0.700000
3473 27.774 -79.342 -28.907 0.600000
3474 26.073 -80.069 -29.109 0.700000
3475 25.099 -79.287 -29.413 0.700000
3482 28.864 -79.276 -29.583 0.600000
3483 28.579 -79.009 -29.375 0.600000
3484 24.801 -79.286 -30.613 0.700000
3500 25.110 -79.027 -32.296 0.600000
3501 24.984 -78.559 -33.044 0.500000
3887 27.963 -77.590 -21.595 0.300000
3889 25.375 -78.278 -21.279 0.300000
3895 30.818 -78.363 -22.810 0.300000
3902 19.437 -78.240 -24.138 0.800000
3903 18.843 -77.900 -23.463 0.800000
3904 17.825 -78.265 -24.335 0.800000
3905 17.536 -77.859 -23.694 0.800000
3909 27.324 -78.308 -25.372 0.600000
3910 27.834 -77.954 -25.249 0.600000
3911 27.096 -78.079 -24.778 0.600000
3912 26.652 -78.468 -25.204 0.600000
3913 26.233 -78.209 -24.590 0.700000
3914 25.772 -78.601 -25.123 0.700000
3915 24.422 -78.178 -24.319 0.600000
3916 23.919 -78.516 -24.845 0.800000
3917 23.594 -77.997 -24.473 0.700000
3918 23.190 -78.422 -25.106 0.800000
3919 22.786 -77.739 -24.741 0.700000
3920 22.393 -78.213 -25.371 0.800000
3921 21.958 -77.511 -24.888 0.700000
3922 21.556 -78.123 -25.506 0.800000
3923 20.113 -78.288 -24.858 0.700000
3924 19.247 -78.733 -24.948 0.700000
3925 18.215 -78.684 -25.202 0.800000
3926 17.329 -78.168 -25.088 0.700000
3927 17.101 -77.886 -24.334 0.800000
3928 16.011 -77.705 -25.113 0.700000
3929 13.045 -78.148 -24.993 0.500000
3930 12.623 -77.648 -24.413 0.600000
3931 12.151 -78.255 -25.172 0.600000
3932 11.862 -77.663 -24.729 0.600000
3940 27.816 -78.252 -26.001 0.500000
3941 28.302 -77.825 -25.870 0.500000
3942 27.080 -78.535 -26.004 0.600000
3943 26.215 -78.685 -26.004 0.700000
3944 25.311 -78.787 -26.084 0.800000
3945 23.746 -78.809 -25.553 0.800000
3946 22.893 -78.733 -25.819 0.800000
3947 22.065 -78.530 -26.037 0.800000
3948 21.245 -78.395 -26.180 0.700000
3949 20.540 -78.568 -26.383 0.600000
3950 19.042 -78.970 -25.896 0.800000
3951 18.170 -78.813 -26.316 0.600000
3952 17.244 -78.477 -26.842 0.500000
3964 27.579 -78.535 -26.938 0.700000
3965 28.385 -77.941 -26.991 0.400000
3966 26.672 -78.801 -26.792 0.700000
3967 25.769 -78.800 -26.896 0.800000
3968 24.937 -78.833 -27.165 0.800000
3969 23.500 -78.964 -26.416 0.700000
3970 21.693 -78.359 -26.860 0.600000
3971 21.012 -78.174 -27.037 0.600000
3972 20.307 -78.617 -27.211 0.600000
3973 18.951 -79.132 -26.834 0.700000
3983 27.773 -78.913 -27.987 0.700000
3984 28.542 -78.300 -28.271 0.700000
3985 24.914 -78.783 -28.244 0.800000
3986 24.434 -78.940 -27.902 0.700000
3987 23.368 -79.005 -27.451 0.700000
3988 19.901 -78.687 -28.031 0.500000
3989 19.006 -78.794 -27.696 0.500000
4001 28.878 -78.242 -29.240 0.400000
4002 24.603 -78.864 -28.824 0.700000
4003 24.210 -78.816 -29.324 0.600000
4004 23.844 -78.915 -28.459 0.600000
4005 20.712 -78.623 -28.882 0.400000
4006 19.946 -78.415 -28.925 0.500000
4015 24.484 -79.035 -29.929 0.700000
4016 24.242 -78.922 -30.475 0.400000
4017 23.482 -78.836 -29.967 0.400000
4018 21.625 -78.707 -30.385 0.500000
4019 20.736 -78.198 -30.506 0.500000
4020 20.185 -77.788 -30.594 0.500000
4027 24.489 -79.027 -31.200 0.600000
4028 24.398 -78.728 -31.599 0.500000
4029 23.393 -78.606 -31.874 0.600000
4030 22.144 -78.630 -31.804 0.500000
4031 21.158 -78.382 -31.358 0.500000
4041 24.421 -78.510 -32.611 0.600000
4042 23.351 -78.334 -33.070 0.500000
4472 20.101 -77.399 -23.299 0.600000
4473 20.600 -76.874 -23.087 0.600000
4474 19.953 -76.772 -22.762 0.600000
4475 19.397 -77.363 -22.982 0.700000
4476 19.241 -76.639 -22.406 0.600000
4477 18.057 -77.612 -23.165 0.700000
4478 17.858 -76.902 -22.387 0.800000
4479 17.272 -77.368 -23.059 0.900000
4480 16.940 -76.873 -22.381 0.900000
4481 16.453 -77.192 -23.059 0.800000
4482 16.092 -76.802 -22.405 0.900000
4483 15.596 -77.143 -23.084 0.700000
4484 15.229 -76.747 -22.511 0.700000
4485 14.649 -77.234 -23.108 0.700000
4486 14.349 -76.713 -22.627 0.700000
4487 13.820 -77.230 -23.159 0.600000
4493 24.945 -77.556 -23.830 0.600000
4494 24.366 -76.896 -23.718 0.600000
4495 24.061 -77.505 -23.940 0.600000
4496 23.712 -76.895 -23.795 0.600000
4497 23.282 -77.294 -24.163 0.500000
4498 23.092 -76.639 -23.761 0.500000
4499 22.518 -77.120 -24.217 0.700000
4500 22.362 -76.538 -23.493 0.700000
4501 20.909 -77.299 -23.684 0.600000
4502 21.457 -76.565 -23.121 0.600000
4503 20.230 -77.849 -24.010 0.800000
4504 16.777 -77.590 -23.692 0.700000
4505 15.978 -77.365 -23.744 0.700000
4506 15.072 -77.447 -23.738 0.700000
4507 14.059 -77.635 -23.743 0.600000
4508 13.301 -77.448 -23.701 0.600000
4509 13.244 -77.063 -23.275 0.600000
4510 12.659 -77.077 -23.698 0.600000
4516 28.334 -77.296 -25.309 0.400000
4517 27.598 -77.272 -24.695 0.400000
4518 26.518 -77.449 -24.368 0.600000
4519 25.609 -77.033 -23.883 0.500000
4520 15.543 -77.535 -24.449 0.700000
4521 14.552 -77.635 -24.530 0.600000
4522 13.838 -77.817 -24.969 0.500000
4523 11.374 -77.214 -24.847 0.600000
4531 28.731 -77.244 -26.212 0.400000
4532 15.695 -77.589 -25.915 0.600000
4535 10.756 -77.424 -25.602 0.500000
5005 18.042 -76.021 -21.678 0.700000
5006 17.316 -76.414 -21.838 0.900000
5007 17.084 -75.765 -21.432 0.700000
5008 16.547 -76.381 -21.756 0.900000
5009 16.142 -75.772 -21.415 0.900000
5010 15.674 -76.299 -21.792 0.800000
5011 15.333 -75.609 -21.581 0.900000
5012 14.829 -76.181 -21.986 0.700000
5017 20.659 -76.250 -22.702 0.500000
5018 20.774 -75.462 -22.540 0.500000
5019 19.860 -75.813 -22.332 0.500000
5020 18.911 -75.844 -21.947 0.700000
5021 14.098 -75.987 -22.362 0.700000
5022 13.632 -76.584 -22.873 0.600000
5029 24.972 -76.806 -23.670 0.600000
5030 24.529 -76.198 -23.711 0.600000
5031 23.725 -76.191 -23.667 0.500000
5032 22.937 -75.942 -23.332 0.500000
5033 22.162 -75.759 -22.845 0.500000
5034 13.010 -76.389 -23.304 0.600000
5035 12.368 -76.170 -24.010 0.600000
5047 28.179 -76.584 -24.885 0.400000
5050 26.162 -76.408 -24.262 0.400000
5052 12.007 -77.068 -24.300 0.500000
5053 11.729 -76.405 -24.726 0.700000
5059 28.133 -75.733 -25.021 0.400000
5060 10.915 -76.562 -26.109 0.600000
5061 11.487 -75.918 -26.060 0.600000
5069 11.005 -75.828 -26.916 0.600000
5533 18.471 -75.362 -21.750 0.600000
5534 17.808 -75.241 -21.560 0.700000
5535 16.505 -75.143 -21.401 0.700000
5536 15.792 -75.036 -21.440 0.700000
5537 15.092 -74.756 -21.612 0.800000
5538 14.593 -75.382 -21.894 0.700000
5543 21.516 -75.189 -22.626 0.500000
5545 20.939 -74.843 -22.598 0.500000
5546 20.195 -74.983 -22.487 0.600000
5547 19.183 -75.056 -22.081 0.600000
5548 13.957 -75.122 -22.426 0.700000
5549 13.477 -75.737 -22.866 0.600000
5558 13.142 -74.512 -23.758 0.600000
5559 12.712 -75.037 -24.413 0.600000
5576 12.197 -75.607 -24.913 0.600000
5577 12.586 -74.881 -25.286 0.600000
5585 12.179 -75.312 -25.872 0.500000
5596 11.740 -75.222 -26.669 0.600000
5605 11.309 -74.811 -27.557 0.600000
5607 10.568 -74.551 -28.669 0.500000
6077 18.287 -74.789 -21.922 0.600000
6078 16.722 -74.581 -21.724 0.700000
6079 16.190 -73.878 -21.982 0.600000
6080 15.594 -74.247 -21.683 0.700000
6081 14.909 -73.854 -21.758 0.800000
6082 14.448 -74.496 -22.055 0.800000
6088 20.638 -74.444 -22.762 0.500000
6089 19.679 -74.582 -22.665 0.600000
6090 18.633 -74.592 -22.556 0.600000
6091 17.668 -74.492 -22.553 0.600000
6092 16.888 -74.197 -22.516 0.600000
6093 16.505 -73.607 -22.667 0.600000
6094 14.321 -73.642 -22.374 0.800000
6095 13.407 -74.087 -23.142 0.600000
6114 20.103 -74.102 -23.380 0.600000
6116 18.810 -74.542 -23.782 0.600000
6117 17.695 -74.516 -23.650 0.600000
6118 17.061 -74.275 -24.464 0.600000
6119 16.798 -73.969 -23.553 0.500000
6120 12.980 -74.170 -24.535 0.600000
6131 17.665 -74.555 -24.802 0.500000
6132 17.269 -74.330 -25.362 0.500000
6133 12.767 -74.083 -25.357 0.600000
6147 12.655 -73.865 -26.130 0.600000
6167 11.887 -74.026 -27.683 0.500000
6168 12.445 -73.320 -27.699 0.500000
6179 11.809 -73.354 -28.778 0.500000
6180 11.328 -74.076 -28.379 0.600000
6192 11.023 -73.726 -29.354 0.600000
6194 10.614 -73.353 -30.049 0.600000
6700 15.469 -73.429 -22.036 0.700000
6705 16.042 -73.011 -22.501 0.600000
6706 15.363 -72.640 -22.469 0.600000
6707 14.868 -73.069 -22.272 0.700000
6708 14.209 -72.811 -22.699 0.800000
6709 13.634 -72.645 -23.323 0.600000
6722 16.769 -73.691 -24.259 0.500000
6723 16.566 -73.226 -23.266 0.500000
6724 13.257 -73.515 -23.798 0.600000
6725 13.254 -72.552 -24.223 0.500000
6733 16.901 -73.999 -25.277 0.500000
6734 12.937 -73.302 -24.790 0.600000
6753 12.769 -73.205 -25.712 0.600000
6775 12.781 -72.696 -27.268 0.600000
6790 12.413 -72.619 -28.593 0.600000
6806 11.761 -72.512 -29.480 0.600000
6807 11.369 -73.056 -29.885 0.600000
6817 11.247 -72.303 -29.942 0.600000
7452 16.320 -72.423 -22.964 0.500000
7453 14.793 -72.278 -22.623 0.800000
7454 14.213 -72.018 -23.039 0.800000
7462 13.753 -71.844 -23.759 0.700000
7470 13.008 -72.452 -25.184 0.500000
7471 13.456 -71.777 -24.657 0.700000
7484 12.892 -72.396 -26.263 0.500000
7485 13.363 -71.746 -26.477 0.600000
7502 13.193 -72.001 -27.271 0.600000
7517 13.000 -72.341 -28.057 0.500000
7518 12.649 -71.750 -28.725 0.600000
7536 12.113 -71.990 -29.230 0.500000
7549 11.626 -71.793 -29.553 0.500000
7550 11.192 -71.616 -29.638 0.600000
7551 10.395 -71.757 -29.493 0.500000
8210 15.975 -71.761 -22.951 0.500000
8211 14.816 -71.549 -22.932 0.700000
8218 15.456 -71.137 -23.183 0.600000
8219 14.921 -70.590 -23.875 0.600000
8230 13.931 -71.305 -26.128 0.700000
8231 15.085 -70.231 -25.057 0.500000
8243 14.533 -70.706 -26.774 0.600000
8244 10.650 -71.151 -25.335 0.500000
8261 13.875 -71.273 -27.330 0.600000
8263 10.619 -71.127 -26.516 0.500000
8279 13.362 -71.550 -28.232 0.600000
8280 13.734 -70.653 -28.521 0.600000
8282 10.585 -70.983 -27.965 0.500000
8299 12.898 -70.757 -28.992 0.500000
8300 12.166 -71.288 -29.216 0.400000
8301 10.862 -71.173 -29.054 0.500000
8313 11.790 -71.087 -29.330 0.600000
8314 11.569 -70.841 -29.214 0.500000
8879 16.035 -70.331 -23.746 0.500000
8891 15.712 -69.947 -24.506 0.600000
8892 10.913 -70.588 -24.818 0.500000
8893 11.440 -69.915 -24.687 0.600000
8894 10.825 -70.078 -24.515 0.600000
8910 15.840 -69.522 -25.543 0.600000
8911 15.195 -70.109 -26.305 0.500000
8912 11.039 -70.512 -25.973 0.600000
8913 11.637 -70.027 -25.380 0.600000
8932 14.399 -70.268 -27.966 0.700000
8933 11.082 -70.444 -27.414 0.600000
8934 11.561 -69.865 -26.851 0.600000
8945 14.122 -69.478 -28.639 0.700000
8946 11.207 -70.500 -28.620 0.500000
8947 11.574 -69.821 -28.263 0.600000
8958 12.982 -69.406 -29.132 0.700000
8959 12.649 -70.018 -29.310 0.500000
8960 11.815 -70.107 -29.059 0.600000
8970 12.102 -70.407 -29.248 0.600000
9587 16.484 -68.840 -25.437 0.600000
9589 12.084 -69.472 -25.069 0.600000
9590 12.475 -68.704 -24.810 0.500000
9591 10.882 -69.324 -24.480 0.500000
9592 10.077 -69.949 -24.671 0.600000
9604 16.168 -68.214 -25.853 0.600000
9605 15.570 -69.314 -26.443 0.500000
9606 15.672 -68.505 -26.552 0.500000
9607 12.112 -69.344 -26.243 0.700000
9608 12.614 -68.756 -25.785 0.600000
9622 15.304 -68.873 -27.248 0.600000
9623 12.021 -69.138 -27.839 0.700000
9624 12.555 -68.499 -27.339 0.700000
9635 14.846 -68.242 -27.942 0.600000
9636 14.201 -68.574 -28.393 0.600000
9637 12.274 -69.515 -28.944 0.700000
9638 12.809 -68.693 -28.499 0.700000
9650 13.512 -69.009 -28.783 0.700000
10201 16.820 -67.978 -23.878 0.500000
10216 16.689 -67.899 -24.749 0.500000
10228 16.415 -67.811 -25.362 0.600000
10229 13.113 -68.118 -25.291 0.600000
10230 13.475 -67.408 -24.920 0.500000
10231 12.983 -68.035 -24.328 0.500000
10232 12.203 -68.368 -24.336 0.500000
10233 11.315 -68.477 -24.436 0.500000
10234 9.969 -68.824 -25.238 0.500000
10235 10.465 -68.345 -24.844 0.500000
10244 15.922 -67.363 -25.913 0.600000
10245 15.631 -67.629 -26.604 0.600000
10246 13.431 -67.234 -26.427 0.600000
10247 9.584 -67.703 -25.838 0.500000
10262 15.252 -67.968 -27.257 0.500000
10263 12.992 -67.859 -26.855 0.700000
10264 13.144 -67.865 -27.880 0.600000
10275 14.785 -67.501 -27.634 0.600000
10276 14.260 -67.589 -27.907 0.600000
10277 13.563 -68.144 -28.262 0.700000
10278 13.770 -67.376 -27.730 0.600000
10839 11.567 -67.075 -19.859 0.600000
10840 12.148 -66.688 -19.359 0.700000
10841 10.596 -66.953 -18.549 0.600000
10842 10.381 -67.261 -19.334 0.500000
10843 9.633 -66.921 -18.675 0.500000
10865 10.985 -67.514 -19.981 0.600000
10866 10.096 -67.659 -20.050 0.500000
10886 11.180 -67.161 -20.352 0.600000
10887 10.364 -67.503 -20.655 0.500000
10888 10.597 -66.851 -21.063 0.600000
10904 10.016 -67.339 -21.433 0.500000
10911 16.051 -67.398 -23.012 0.500000
10912 15.720 -66.456 -23.876 0.500000
10913 8.859 -67.261 -22.322 0.500000
10928 16.141 -67.253 -24.275 0.600000
10929 15.697 -66.450 -24.938 0.600000
10940 16.095 -67.241 -25.184 0.600000
10941 15.656 -66.508 -25.865 0.600000
10942 13.688 -66.619 -24.831 0.600000
10943 13.190 -67.156 -24.011 0.600000
10944 12.479 -67.690 -23.920 0.500000
10945 11.357 -66.937 -24.188 0.600000
10946 10.552 -67.433 -24.909 0.500000
10961 15.421 -66.714 -26.659 0.500000
10962 13.771 -66.459 -26.143 0.600000
10963 9.586 -66.742 -25.719 0.500000
10964 9.013 -67.020 -26.310 0.500000
10979 14.890 -66.370 -27.110 0.500000
10980 13.463 -67.328 -27.404 0.600000
10981 13.868 -66.650 -27.286 0.600000
10989 14.562 -66.907 -27.467 0.600000
10990 14.166 -66.905 -27.545 0.600000
11494 14.553 -66.392 -11.360 0.400000
11495 13.998 -65.904 -10.468 0.400000
11496 13.665 -66.088 -11.218 0.500000
11509 15.453 -66.723 -12.140 0.400000
11510 14.559 -66.647 -12.349 0.500000
11511 13.661 -66.490 -12.490 0.600000
11512 13.086 -65.873 -11.775 0.700000
11529 15.336 -66.762 -13.053 0.400000
11530 14.516 -66.822 -13.221 0.600000
11531 13.512 -66.652 -13.315 0.700000
11532 12.484 -66.461 -13.393 0.700000
11533 12.746 -66.210 -12.584 0.700000
11534 11.858 -65.986 -12.750 0.800000
11543 15.296 -66.834 -14.282 0.400000
11544 15.582 -66.199 -14.475 0.400000
11545 14.508 -67.001 -14.120 0.600000
11546 13.266 -66.712 -14.153 0.700000
11547 12.249 -66.601 -14.179 0.800000
11548 11.309 -66.515 -14.259 0.700000
11549 11.573 -66.310 -13.496 0.800000
11550 10.655 -66.028 -13.586 0.600000
11558 14.914 -66.601 -14.927 0.400000
11559 13.914 -66.751 -14.958 0.700000
11560 12.951 -66.826 -14.823 0.700000
11561 12.113 -66.748 -14.984 0.800000
11562 11.119 -66.630 -15.080 0.700000
11563 10.169 -66.599 -15.221 0.600000
11564 10.414 -66.387 -14.434 0.600000
11565 9.484 -66.189 -14.614 0.600000
11570 15.127 -66.051 -15.443 0.400000
11571 14.452 -66.430 -15.844 0.700000
11572 14.880 -65.990 -16.104 0.500000
11573 13.761 -66.492 -16.572 0.700000
11574 12.806 -66.667 -16.571 0.800000
11575 10.939 -66.669 -15.907 0.500000
11576 10.005 -66.617 -16.074 0.600000
11577 9.133 -66.530 -16.301 0.600000
11578 9.320 -66.477 -15.464 0.600000
11579 8.515 -66.286 -15.699 0.600000
11584 13.836 -66.199 -17.217 0.700000
11585 14.360 -66.109 -16.586 0.600000
11586 13.300 -66.479 -17.156 0.800000
11587 12.585 -66.618 -17.349 0.800000
11588 10.808 -66.639 -16.779 0.700000
11589 9.866 -66.633 -16.977 0.600000
11590 8.964 -66.518 -17.246 0.500000
11591 8.294 -66.316 -16.576 0.500000
11597 13.614 -65.801 -17.673 0.700000
11598 13.187 -66.253 -17.891 0.800000
11599 13.171 -65.860 -18.444 0.800000
11600 12.474 -66.572 -18.188 0.700000
11601 10.724 -66.748 -17.683 0.600000
11602 9.737 -66.697 -17.893 0.500000
11616 12.865 -66.236 -18.898 0.700000
11617 12.962 -65.897 -19.049 0.700000
11630 12.550 -66.099 -19.462 0.700000
11631 11.786 -66.489 -20.035 0.700000
11639 11.078 -66.482 -20.599 0.600000
11653 15.438 -65.537 -22.459 0.500000
11654 9.809 -66.509 -21.597 0.600000
11655 8.800 -66.387 -22.056 0.500000
11656 7.498 -65.402 -21.938 0.500000
11669 15.529 -65.537 -23.666 0.500000
11670 7.658 -66.321 -22.699 0.500000
11672 6.831 -65.883 -23.273 0.500000
11673 6.752 -65.780 -23.826 0.500000
11681 15.582 -65.504 -24.761 0.600000
11682 12.785 -66.161 -23.624 0.700000
11683 13.417 -65.359 -23.896 0.700000
11684 12.807 -65.340 -23.502 0.700000
11685 11.950 -65.440 -23.462 0.700000
11693 15.481 -65.562 -25.734 0.600000
11694 13.983 -65.551 -25.777 0.600000
11695 11.650 -66.159 -23.749 0.700000
11696 10.253 -66.369 -25.072 0.500000
11697 7.554 -65.557 -25.028 0.500000
11698 6.915 -65.859 -24.493 0.500000
11708 15.207 -65.832 -26.474 0.500000
11709 14.273 -66.027 -26.740 0.600000
11710 9.521 -66.050 -25.370 0.600000
11711 8.954 -66.199 -25.808 0.500000
11712 8.029 -66.091 -25.609 0.500000
11721 14.403 -66.423 -27.225 0.600000
11722 14.714 -65.900 -26.750 0.600000
12220 13.558 -64.819 -9.169 0.400000
12240 13.212 -65.589 -10.878 0.500000
12241 13.480 -65.230 -10.050 0.500000
12242 12.797 -65.048 -10.539 0.600000
12251 12.189 -65.533 -12.017 0.700000
12252 12.495 -65.221 -11.238 0.700000
12253 11.220 -65.354 -12.236 0.800000
12254 10.931 -64.640 -11.649 0.800000
12255 10.386 -64.943 -12.190 0.600000
12262 11.149 -65.834 -12.972 0.800000
12263 9.878 -65.532 -13.316 0.600000
12264 9.701 -64.521 -12.315 0.700000
12272 9.945 -65.900 -13.985 0.600000
12273 8.662 -65.712 -14.430 0.500000
12274 8.551 -65.155 -13.771 0.500000
12281 15.391 -65.507 -14.917 0.300000
12282 15.067 -65.524 -15.786 0.400000
12283 8.785 -66.143 -15.048 0.500000
12284 7.989 -65.795 -15.040 0.500000
12285 7.964 -65.259 -14.316 0.600000
12292 14.589 -65.550 -16.408 0.500000
12300 14.147 -65.685 -17.071 0.600000
12301 13.754 -65.173 -17.381 0.600000
12314 13.286 -65.204 -17.933 0.800000
12315 12.892 -65.324 -18.620 0.800000
12330 12.512 -65.442 -19.236 0.800000
12341 11.152 -65.747 -20.366 0.800000
12342 11.940 -65.604 -19.807 0.700000
12352 10.334 -65.838 -21.075 0.600000
12366 15.411 -64.339 -22.539 0.500000
12367 8.828 -65.515 -21.386 0.600000
12368 6.739 -65.177 -22.682 0.600000
12369 6.817 -64.412 -22.045 0.600000
12386 15.546 -64.516 -23.508 0.500000
12387 6.685 -65.279 -23.400 0.600000
12398 15.579 -64.514 -24.587 0.500000
12399 13.964 -64.399 -24.599 0.700000
12400 13.350 -64.608 -23.667 0.700000
12401 12.401 -64.710 -23.307 0.700000
12402 10.819 -65.344 -24.033 0.600000
12403 11.158 -64.683 -23.590 0.700000
12404 10.080 -64.725 -24.217 0.700000
12405 6.736 -65.155 -23.939 0.600000
12406 7.195 -64.636 -24.130 0.600000
12415 15.386 -64.638 -25.488 0.500000
12416 14.479 -64.562 -25.599 0.700000
12417 9.989 -65.504 -24.821 0.600000
12418 9.454 -65.133 -24.582 0.600000
12419 9.232 -65.589 -25.089 0.600000
12420 8.794 -65.078 -24.649 0.600000
12421 8.482 -65.550 -25.187 0.600000
12422 7.881 -64.984 -24.696 0.600000
12433 14.974 -65.346 -26.346 0.600000
12434 15.009 -64.763 -25.946 0.600000
12435 14.624 -65.349 -26.268 0.600000
12972 12.846 -64.297 -8.766 0.400000
12974 12.647 -63.699 -8.101 0.300000
12989 12.809 -64.712 -9.783 0.600000
12990 12.131 -64.247 -9.507 0.500000
12991 12.135 -63.850 -8.595 0.500000
12992 11.560 -63.789 -9.162 0.600000
12998 12.099 -64.600 -10.571 0.700000
12999 11.284 -64.305 -10.996 0.800000
13000 11.474 -64.023 -10.150 0.700000
13001 10.743 -63.774 -10.627 0.700000
13009 10.268 -64.308 -11.718 0.700000
13010 10.277 -63.855 -11.264 0.700000
13011 9.656 -63.725 -11.744 0.700000
13018 9.182 -64.941 -13.068 0.600000
13019 8.933 -63.907 -12.585 0.600000
13020 8.398 -64.457 -13.298 0.600000
13035 7.976 -64.757 -13.830 0.600000
13055 14.746 -64.597 -15.027 0.400000
13077 14.072 -64.735 -16.667 0.600000
13078 13.835 -64.028 -15.526 0.400000
13079 13.364 -63.890 -16.330 0.500000
13094 13.173 -64.285 -17.199 0.600000
13095 11.997 -63.763 -17.165 0.500000
13119 12.177 -64.610 -18.646 0.700000
13120 11.580 -63.941 -17.898 0.500000
13136 11.712 -64.735 -19.261 0.600000
13137 11.369 -64.148 -18.564 0.700000
13138 10.788 -64.071 -19.040 0.600000
13148 10.309 -64.888 -20.523 0.700000
13149 10.012 -63.958 -19.803 0.700000
13150 8.235 -63.860 -20.377 0.600000
13151 8.195 -63.389 -19.875 0.600000
13152 7.397 -63.168 -20.421 0.600000
13157 8.376 -64.571 -20.816 0.600000
13158 7.433 -63.911 -20.887 0.500000
13159 6.962 -63.293 -21.162 0.500000
13168 15.459 -63.312 -22.626 0.500000
13169 6.984 -63.561 -21.786 0.500000
13179 15.547 -63.646 -23.345 0.500000
13180 6.822 -64.669 -23.319 0.600000
13192 15.426 -63.679 -24.256 0.500000
13193 13.101 -63.948 -23.293 0.600000
13194 11.859 -64.116 -22.961 0.500000
13195 10.538 -64.215 -23.582 0.600000
13196 9.799 -64.321 -23.943 0.700000
13197 9.158 -64.648 -24.182 0.600000
13198 8.387 -64.143 -23.741 0.600000
13199 8.145 -64.510 -24.258 0.600000
13200 7.423 -64.213 -23.581 0.600000
13213 15.082 -63.977 -25.399 0.700000
13214 15.206 -63.563 -24.921 0.500000
13775 12.890 -63.192 -7.732 0.300000
13776 13.511 -63.161 -7.897 0.300000
13777 12.477 -62.540 -7.656 0.300000
13786 12.055 -63.302 -7.853 0.600000
13795 11.056 -63.279 -8.470 0.700000
13796 10.340 -63.350 -9.756 0.700000
13797 10.032 -62.811 -8.779 0.700000
13798 9.421 -62.918 -10.077 0.700000
13807 9.948 -63.436 -10.823 0.700000
13808 9.224 -63.086 -11.240 0.800000
13816 9.004 -63.210 -12.027 0.700000
13817 8.409 -62.732 -11.609 0.700000
13832 8.081 -63.706 -12.995 0.500000
13833 8.308 -63.203 -12.347 0.500000
13895 10.937 -63.547 -17.161 0.500000
13896 10.389 -63.299 -17.440 0.500000
13917 10.568 -63.673 -17.947 0.500000
13918 9.895 -63.318 -17.968 0.500000
13936 9.916 -63.569 -18.711 0.700000
13937 8.941 -63.414 -19.257 0.600000
13965 7.021 -62.880 -21.294 0.500000
13979 7.293 -63.311 -22.137 0.500000
13990 15.294 -62.866 -23.467 0.500000
13991 13.734 -63.137 -23.580 0.500000
13992 14.588 -62.839 -23.909 0.500000
13998 9.847 -63.804 -23.182 0.500000
13999 9.259 -63.154 -22.413 0.500000
14000 8.721 -63.730 -23.148 0.500000
14001 8.116 -63.111 -22.460 0.500000
14002 7.735 -63.710 -23.027 0.500000
14011 15.123 -63.127 -24.247 0.500000
14012 15.030 -62.537 -23.570 0.500000
14013 14.843 -63.421 -24.739 0.500000
14639 13.260 -62.609 -7.857 0.300000
14645 14.022 -62.738 -8.337 0.300000
14646 13.585 -62.136 -8.453 0.300000
14648 12.095 -61.647 -7.700 0.400000
14649 11.604 -62.500 -7.635 0.600000
14650 9.258 -62.337 -9.065 0.600000
14651 9.861 -62.044 -8.066 0.700000
14652 9.190 -61.822 -8.313 0.600000
14653 8.593 -61.887 -9.071 0.500000
14662 13.562 -61.507 -9.167 0.300000
14663 10.703 -62.331 -7.808 0.700000
14664 8.641 -62.388 -9.980 0.600000
14675 8.763 -62.675 -10.777 0.700000
14677 8.111 -62.256 -10.822 0.400000
14796 7.442 -62.224 -20.967 0.500000
14819 7.678 -62.656 -21.638 0.500000
14833 14.798 -62.000 -23.192 0.500000
15432 10.528 -60.636 -7.346 0.700000
15438 12.278 -60.969 -8.580 0.400000
15439 11.294 -61.585 -7.552 0.600000
15440 11.623 -60.930 -7.808 0.500000
15441 10.524 -61.454 -7.494 0.700000
15442 9.665 -61.259 -7.512 0.600000
15443 7.884 -61.394 -8.860 0.500000
15444 8.427 -60.739 -7.632 0.500000
15457 7.965 -61.869 -9.948 0.400000
16176 9.837 -60.336 -7.124 0.800000
16185 11.545 -60.443 -8.659 0.400000
16186 11.130 -60.379 -7.743 0.500000
16187 9.140 -60.049 -6.935 0.500000
16188 9.064 -59.139 -6.778 0.400000
16202 11.777 -60.584 -9.833 0.400000
16203 11.006 -60.082 -10.027 0.400000
16221 11.543 -60.130 -10.404 0.300000
16871 10.593 -59.862 -7.579 0.600000
16879 10.952 -59.892 -8.613 0.500000
16880 10.538 -59.286 -8.223 0.600000
16881 10.078 -58.627 -8.546 0.700000
16882 9.572 -58.409 -7.386 0.600000
16896 10.498 -59.383 -9.522 0.600000
16897 9.807 -58.823 -10.193 0.600000
16920 10.443 -59.244 -10.539 0.400000
16921 10.366 -58.989 -10.866 0.300000
16936 9.730 -58.704 -10.947 0.500000
17612 9.542 -58.080 -8.239 0.600000
17613 8.755 -57.826 -8.843 0.600000
17631 9.209 -58.355 -9.590 0.600000
17632 8.591 -57.795 -10.281 0.500000
17652 9.025 -58.486 -10.837 0.600000
17653 8.695 -57.810 -11.348 0.500000
17661 10.073 -58.266 -11.269 0.300000
17662 9.173 -58.189 -11.442 0.500000
18349 8.186 -57.351 -9.159 0.600000
18364 8.417 -57.265 -11.097 0.500000
18371 10.377 -57.399 -11.618 0.300000
18372 9.390 -57.588 -11.833 0.400000
18373 9.719 -56.887 -12.194 0.300000
18374 8.579 -57.170 -11.850 0.500000
18378 8.861 -56.960 -12.364 0.400000
19077 8.144 -57.153 -10.219 0.600000
19078 8.297 -56.873 -10.683 0.500000
19093 8.641 -56.044 -11.853 0.400000
19094 8.771 -56.388 -10.766 0.500000
19103 10.781 -56.640 -11.882 0.300000
19104 11.070 -55.887 -12.180 0.300000
19105 8.630 -56.429 -12.236 0.400000
19109 10.165 -56.220 -12.346 0.300000
19110 9.282 -56.254 -12.681 0.300000
19111 8.832 -56.139 -12.671 0.400000
19846 8.169 -56.407 -10.077 0.500000
19847 7.538 -55.664 -9.528 0.500000
19861 9.295 -55.628 -10.850 0.400000
19862 8.901 -55.708 -9.946 0.600000
19876 8.626 -55.125 -12.110 0.300000
19885 8.996 -55.553 -13.131 0.300000
19891 8.772 -54.833 -13.531 0.300000
20684 8.974 -54.794 -9.622 0.500000
20700 9.617 -54.693 -11.120 0.500000
20716 8.756 -54.186 -12.269 0.300000
20717 8.453 -54.487 -12.991 0.300000
20731 8.499 -54.137 -13.711 0.300000
21473 9.492 -54.033 -9.719 0.400000
21497 10.581 -53.175 -10.814 0.300000
21498 10.431 -53.128 -10.150 0.300000
21537 8.381 -53.618 -13.138 0.300000
21549 8.495 -53.170 -13.792 0.300000
22375 9.070 -53.102 -9.609 0.400000
22376 10.082 -52.529 -9.779 0.400000
22393 10.902 -52.447 -10.616 0.300000
23232 10.565 -51.617 -10.123 0.300000
23233 9.318 -51.348 -9.912 0.400000
24131 9.924 -50.671 -9.920 0.300000
24133 8.705 -50.360 -9.975 0.300000
24941 10.238 -49.177 -9.841 0.300000
89042 28.045 -79.814 -29.434 0.600000
89206 14.656 -63.784 -25.127 0.500000
89225 10.211 -53.949 -10.396 0.300000
89323 20.741 -78.328 -25.571 0.800000
89441 12.640 -73.251 -26.644 0.500000
89475 11.031 -64.830 -19.849 0.800000
89527 15.246 -65.162 -26.049 0.600000
89583 8.514 -51.997 -9.815 0.500000
89654 16.579 -88.237 -14.027 0.400000
90020 20.298 -78.190 -29.726 0.500000
90022 21.520 -78.695 -29.211 0.400000
90023 22.143 -78.686 -28.497 0.600000
90024 20.739 -78.477 -27.925 0.500000
90025 21.505 -78.407 -27.670 0.600000
90026 22.320 -78.669 -27.545 0.600000
90109 9.259 -65.591 -13.846 0.600000
90143 8.510 -56.770 -11.517 0.500000
90217 22.599 -85.122 -16.767 0.300000
90293 14.621 -62.253 -9.249 0.300000
90509 11.711 -64.893 -11.484 0.800000
90690 25.746 -80.676 -30.983 0.700000
90711 29.138 -78.467 -29.416 0.500000
90728 19.745 -78.915 -26.553 0.600000
90756 22.438 -78.846 -29.599 0.400000
90819 15.421 -63.954 -25.047 0.500000
90937 28.651 -79.198 -21.501 0.300000
90974 26.867 -82.566 -28.802 0.400000
90978 7.003 -62.827 -20.833 0.500000
91090 12.539 -64.487 -17.932 0.600000
91110 7.196 -62.420 -20.671 0.500000
91248 10.511 -65.476 -12.811 0.600000
91255 10.612 -72.228 -29.960 0.600000
91310 10.720 -64.131 -11.277 0.800000
91545 28.539 -78.113 -21.737 0.300000
91573 12.528 -74.535 -26.029 0.600000
91657 22.774 -78.912 -30.751 0.400000
91674 7.385 -61.915 -20.486 0.500000
91811 9.958 -59.288 -7.296 0.600000
91872 7.943 -50.932 -9.920 0.400000
91970 18.567 -76.546 -22.180 0.700000
92076 13.840 -66.360 -11.810 0.500000
92083 18.671 -77.223 -22.721 0.800000
92167 8.299 -49.485 -9.997 0.300000
92169 22.598 -78.777 -26.650 0.600000
92257 11.233 -76.554 -25.357 0.600000
92258 23.695 -83.144 -22.260 0.500000
92526 21.306 -81.424 -22.338 0.500000
92577 19.345 -87.188 -13.383 0.300000
92578 24.076 -81.267 -20.000 0.300000
92588 19.926 -78.736 -25.694 0.700000
92807 15.009 -70.132 -27.257 0.700000
93160 26.384 -82.886 -20.725 0.300000
93260 18.292 -87.170 -13.127 0.400000
93354 13.315 -71.768 -25.605 0.600000
93390 16.357 -77.649 -24.372 0.700000
93669 8.777 -61.366 -8.052 0.500000
93883 13.812 -74.259 -22.611 0.600000
94166 19.713 -85.660 -17.516 0.500000
94267 28.007 -78.475 -21.590 0.300000
94363 11.465 -50.453 -10.578 0.300000
94373 24.783 -78.689 -32.173 0.500000
94469 23.910 -83.876 -22.421 0.400000
94526 11.689 -66.873 -18.485 0.700000
94554 28.251 -82.597 -20.746 0.300000
94568 17.150 -75.054 -21.483 0.700000
94588 9.637 -54.869 -10.210 0.400000
94663 29.239 -79.123 -29.579 0.600000
94943 17.474 -87.761 -13.033 0.500000
94957 14.230 -61.408 -9.491 0.300000
94960 21.743 -77.121 -24.032 0.700000
95207 13.196 -66.739 -15.692 0.700000
95435 11.621 -67.850 -24.202 0.500000
95579 13.433 -77.747 -24.336 0.600000
95655 11.789 -66.663 -16.647 0.700000
96300 20.394 -81.484 -19.730 0.400000
96476 16.738 -68.156 -22.925 0.500000
96607 15.208 -67.026 -13.776 0.400000
96851 17.149 -74.276 -23.459 0.600000
97088 10.609 -75.360 -27.810 0.600000
97124 14.420 -70.731 -24.722 0.500000
97245 9.192 -64.227 -23.702 0.600000
97295 19.626 -83.270 -22.650 0.400000
97347 20.875 -86.611 -17.717 0.300000
97393 12.402 -74.103 -26.840 0.500000
97758 21.295 -82.091 -22.856 0.400000
97788 15.212 -77.517 -25.254 0.600000
97840 9.256 -64.348 -20.384 0.700000
97911 13.640 -73.446 -22.876 0.500000
97992 22.641 -81.183 -21.384 0.400000
98174 13.563 -66.073 -24.339 0.600000
98203 14.395 -87.529 -17.260 0.400000
98676 16.603 -78.025 -25.716 0.700000
98685 28.480 -80.990 -24.202 0.400000
98796 24.751 -78.765 -28.656 0.600000
98816 15.101 -67.097 -27.222 0.500000
98833 26.939 -76.655 -24.434 0.400000
98894 30.629 -80.851 -25.935 0.400000
98913 7.097 -65.163 -24.479 0.600000
99042 28.328 -78.799 -28.924 0.600000
99204 14.867 -69.342 -27.930 0.700000
99217 7.062 -64.022 -22.667 0.600000
99383 14.128 -63.641 -24.209 0.600000
99506 25.326 -78.241 -24.419 0.600000
99568 17.921 -84.269 -20.106 0.400000
99589 9.150 -60.775 -7.329 0.600000
99745 9.421 -49.773 -9.929 0.300000
99783 27.321 -81.967 -20.795 0.300000
99934 12.998 -75.448 -23.527 0.600000
99941 21.769 -80.296 -18.839 0.300000
100011 19.587 -77.802 -23.544 0.800000
100020 15.648 -66.550 -13.725 0.400000
100057 24.702 -78.662 -25.155 0.700000
100118 13.471 -69.853 -29.100 0.700000
100150 31.280 -79.218 -22.329 0.300000
100183 23.697 -78.877 -30.919 0.400000
100515 9.515 -67.051 -21.940 0.600000
100533 11.982 -66.695 -15.817 0.800000
100681 17.386 -78.500 -25.909 0.700000
100714 15.353 -71.890 -22.706 0.700000
100787 14.662 -64.834 -16.005 0.500000
100878 14.408 -71.329 -23.469 0.700000
100916 28.714 -80.069 -21.257 0.300000
100939 7.520 -64.610 -21.364 0.500000
101089 19.977 -87.437 -16.694 0.300000
101176 24.380 -78.943 -26.210 0.800000
101230 19.770 -87.229 -14.474 0.300000
101510 20.635 -80.944 -19.097 0.300000
101628 26.589 -82.273 -20.678 0.300000
101898 15.299 -69.660 -27.078 0.600000
101943 27.103 -79.060 -27.429 0.700000
102001 7.786 -62.775 -19.535 0.500000
102047 21.316 -78.557 -28.413 0.500000
102167 31.121 -78.958 -26.844 0.300000
102185 8.647 -55.396 -12.788 0.300000
102215 28.372 -81.957 -28.667 0.400000
102338 15.642 -66.453 -22.844 0.500000
102449 23.184 -78.803 -29.013 0.600000
102507 11.298 -67.143 -19.287 0.600000
102563 11.695 -66.713 -17.511 0.700000
102782 27.866 -81.262 -23.891 0.400000
102802 28.969 -82.159 -26.527 0.400000
102910 9.885 -65.140 -12.686 0.600000
103013 9.505 -65.008 -20.905 0.700000
103240 21.351 -75.867 -22.687 0.500000
103245 28.030 -80.481 -29.564 0.600000
103276 28.738 -81.713 -25.505 0.500000
103337 12.301 -70.644 -29.221 0.600000
103353 10.541 -50.079 -10.109 0.300000
103590 16.696 -77.853 -24.929 0.700000
103648 15.253 -64.013 -21.835 0.500000
103656 13.751 -65.018 -25.019 0.700000
103669 18.618 -78.410 -24.258 0.700000
103827 14.044 -71.145 -24.192 0.600000
103837 25.338 -78.905 -27.623 0.800000
103877 13.849 -71.193 -25.125 0.700000
103891 13.428 -74.847 -23.017 0.700000
103937 12.221 -74.774 -26.509 0.500000
103992 24.817 -78.993 -31.640 0.600000
103994 10.798 -72.743 -30.090 0.600000
103995 30.554 -82.472 -20.714 0.300000
104138 11.073 -60.929 -7.454 0.600000
104221 14.046 -61.994 -9.078 0.300000
104294 12.761 -74.536 -24.909 0.600000
104313 15.811 -72.320 -22.695 0.600000
104365 22.230 -80.549 -20.064 0.500000
104379 20.198 -87.597 -13.662 0.300000
104412 27.624 -84.797 -23.355 0.300000
104419 18.250 -86.785 -15.862 0.500000
104495 25.725 -77.754 -24.191 0.600000
104709 22.946 -78.888 -28.205 0.600000
104723 14.994 -63.611 -25.163 0.500000
104782 19.591 -78.923 -27.275 0.400000
104906 16.170 -74.577 -21.599 0.700000
104985 14.510 -70.743 -25.670 0.500000
104990 7.000 -63.925 -21.446 0.500000
105149 31.383 -80.775 -23.272 0.300000
105463 21.048 -77.669 -24.750 0.800000
105485 8.954 -63.794 -19.945 0.600000
105535 24.122 -78.958 -27.021 0.700000
105663 16.447 -71.818 -23.225 0.500000
105666 14.860 -71.088 -23.300 0.700000
105817 20.422 -81.546 -18.944 0.300000
105834 17.473 -74.663 -21.878 0.600000
105937 25.250 -83.585 -20.720 0.400000
105952 8.846 -57.559 -11.833 0.500000
106084 10.736 -65.993 -24.429 0.600000
106150 14.876 -86.551 -15.551 0.400000
106288 14.117 -77.848 -25.569 0.500000
106381 8.577 -54.651 -13.309 0.300000
106616 29.182 -78.758 -29.526 0.600000
106660 28.611 -78.608 -21.643 0.300000
106858 28.106 -78.445 -27.502 0.700000
106885 11.725 -75.937 -25.347 0.500000
106890 11.961 -74.609 -27.044 0.600000
106989 11.686 -63.577 -8.462 0.600000
107104 13.923 -77.758 -24.352 0.600000
107105 20.964 -78.471 -29.699 0.600000
107232 11.236 -69.682 -24.585 0.600000
107238 12.231 -69.973 -29.233 0.700000
107253 19.676 -87.097 -16.976 0.400000
107448 26.365 -81.819 -23.956 0.300000
107570 12.749 -72.819 -27.945 0.600000
107723 19.027 -87.122 -16.412 0.400000
107741 7.927 -56.682 -10.058 0.500000
107746 6.778 -64.546 -22.653 0.600000
107971 26.862 -81.598 -25.729 0.300000
107997 22.827 -78.397 -32.464 0.500000
108066 11.676 -69.239 -24.594 0.500000
108095 12.386 -66.648 -18.779 0.700000
108303 28.014 -80.459 -21.347 0.300000
108330 11.040 -63.615 -9.696 0.700000
108376 16.865 -78.301 -26.298 0.500000
108440 16.342 -84.468 -16.552 0.400000
108487 20.330 -78.589 -28.428 0.500000
108542 18.170 -78.100 -23.741 0.800000
108585 15.954 -68.885 -25.982 0.600000
108696 15.720 -67.017 -22.374 0.500000
108862 14.024 -70.052 -28.753 0.600000
108961 26.065 -81.469 -24.823 0.300000
108988 12.400 -66.921 -23.718 0.700000
109063 10.829 -50.874 -10.313 0.300000
109127 10.027 -53.382 -9.783 0.400000
109139 20.999 -80.605 -19.176 0.300000
