#!ascii label  , from subject OAS1_0001-3 vox2ras=TkReg 
1067
2162 31.093 -82.146 -20.833 0.300000
2163 29.970 -82.378 -20.527 0.300000
2165 28.831 -81.934 -20.645 0.300000
2179 31.066 -82.222 -21.404 0.300000
2534 30.655 -81.859 -20.569 0.300000
2535 29.731 -81.424 -20.595 0.300000
2547 31.473 -81.619 -21.360 0.300000
2548 31.249 -81.466 -20.891 0.300000
2556 31.580 -81.630 -21.923 0.300000
2557 32.209 -81.138 -21.886 0.300000
2978 30.404 -80.896 -20.788 0.300000
2987 31.145 -80.549 -21.184 0.300000
2993 32.693 -80.658 -22.458 0.300000
2994 33.207 -80.132 -22.496 0.300000
2995 32.729 -80.487 -21.917 0.300000
2998 32.980 -80.338 -23.079 0.300000
3008 32.060 -80.109 -23.962 0.300000
3408 32.025 -80.372 -21.553 0.300000
3409 31.257 -79.789 -21.662 0.300000
3421 33.191 -79.893 -22.134 0.300000
3422 32.467 -79.773 -21.890 0.300000
3431 33.426 -79.658 -23.114 0.300000
3432 33.911 -78.896 -23.291 0.300000
3433 33.497 -79.368 -22.751 0.300000
3434 32.903 -79.782 -23.669 0.300000
3441 33.530 -79.200 -23.977 0.300000
3442 32.269 -79.511 -24.592 0.300000
3445 31.604 -79.291 -25.778 0.300000
3893 33.030 -79.447 -22.378 0.300000
3894 32.143 -78.944 -22.560 0.300000
3898 34.303 -78.242 -23.460 0.300000
3899 33.969 -78.512 -23.222 0.300000
3900 33.124 -78.643 -22.946 0.300000
3908 34.471 -78.003 -24.131 0.300000
3938 33.761 -78.362 -24.602 0.300000
3939 32.630 -78.741 -25.149 0.300000
3962 32.929 -77.879 -25.822 0.300000
3963 31.888 -78.432 -26.250 0.300000
3981 31.464 -78.307 -27.171 0.300000
3982 30.561 -77.714 -28.866 0.400000
4000 29.894 -77.878 -29.503 0.400000
4013 29.694 -77.202 -29.940 0.400000
4014 29.418 -77.410 -29.647 0.500000
4490 34.259 -77.895 -23.439 0.300000
4491 33.716 -77.899 -23.295 0.300000
4537 33.723 -77.265 -26.192 0.300000
4538 32.073 -77.792 -26.969 0.300000
4539 32.747 -77.293 -26.767 0.300000
4540 28.811 -77.504 -28.174 0.400000
4541 28.901 -77.033 -27.415 0.400000
4548 31.990 -77.016 -27.790 0.500000
4549 31.312 -77.716 -27.897 0.500000
4550 28.873 -77.363 -29.191 0.500000
4551 28.941 -76.686 -28.765 0.500000
4559 30.943 -76.900 -28.838 0.500000
4560 30.121 -76.776 -30.076 0.400000
4561 29.382 -76.542 -29.699 0.400000
4573 29.916 -76.479 -30.149 0.500000
5048 27.562 -76.241 -24.613 0.400000
5049 26.716 -75.815 -24.517 0.400000
5051 25.307 -76.116 -23.893 0.400000
5058 28.618 -76.403 -25.619 0.400000
5067 29.182 -76.200 -27.865 0.400000
5068 29.050 -76.450 -26.660 0.400000
5073 33.461 -76.122 -27.741 0.300000
5074 32.366 -76.293 -28.319 0.400000
5075 32.671 -75.599 -28.833 0.300000
5076 29.409 -75.978 -29.178 0.400000
5080 31.398 -75.764 -29.190 0.500000
5081 30.603 -76.145 -29.742 0.500000
5082 30.391 -75.871 -29.842 0.500000
5083 29.862 -75.948 -30.123 0.500000
5092 30.018 -76.080 -30.329 0.500000
5544 22.266 -74.837 -22.766 0.500000
5555 24.663 -74.779 -24.220 0.600000
5556 24.071 -75.565 -23.649 0.500000
5557 23.135 -74.509 -23.213 0.600000
5572 27.339 -75.471 -24.788 0.400000
5573 26.449 -74.958 -24.951 0.400000
5574 25.858 -75.546 -24.496 0.500000
5575 25.162 -75.276 -24.366 0.400000
5582 28.951 -74.590 -26.269 0.400000
5583 28.365 -75.153 -25.697 0.400000
5584 27.504 -74.848 -25.381 0.400000
5594 29.639 -75.578 -28.126 0.500000
5595 29.614 -75.206 -26.937 0.400000
5602 29.897 -75.495 -29.375 0.500000
5603 30.691 -75.182 -28.819 0.300000
5604 30.226 -75.081 -27.797 0.400000
5612 33.080 -75.048 -29.316 0.300000
5613 32.123 -74.989 -29.379 0.400000
5614 30.098 -75.756 -29.934 0.500000
5615 30.969 -75.513 -29.266 0.300000
6087 21.482 -74.503 -22.779 0.500000
6109 24.319 -74.054 -24.021 0.700000
6110 24.060 -74.732 -23.578 0.600000
6111 23.033 -73.767 -23.461 0.600000
6112 22.278 -73.915 -23.213 0.600000
6113 21.139 -73.853 -23.235 0.500000
6115 20.642 -73.672 -24.181 0.600000
6126 25.511 -74.850 -24.931 0.500000
6127 25.028 -74.703 -24.963 0.500000
6128 24.624 -74.158 -24.850 0.700000
6129 19.590 -74.352 -24.564 0.600000
6130 18.451 -74.681 -25.156 0.500000
6137 28.475 -73.774 -26.211 0.400000
6138 28.079 -74.344 -25.946 0.400000
6139 27.308 -74.104 -26.007 0.400000
6140 25.661 -74.584 -25.706 0.400000
6141 26.550 -74.371 -25.861 0.400000
6142 24.821 -74.438 -25.772 0.500000
6143 18.182 -74.709 -26.112 0.500000
6144 19.190 -74.541 -25.667 0.600000
6145 17.647 -74.567 -25.725 0.500000
6146 17.324 -74.223 -26.106 0.500000
6156 30.608 -74.169 -27.329 0.400000
6157 29.841 -74.302 -26.713 0.400000
6158 29.161 -73.569 -26.394 0.400000
6159 25.747 -74.193 -26.662 0.400000
6160 25.261 -74.396 -27.687 0.400000
6161 24.728 -74.406 -27.561 0.400000
6162 24.465 -74.214 -26.656 0.600000
6163 23.917 -73.997 -27.608 0.600000
6164 17.863 -74.468 -26.911 0.600000
6165 18.784 -74.515 -26.656 0.600000
6166 17.444 -74.151 -26.810 0.500000
6172 31.354 -74.133 -27.885 0.300000
6173 31.755 -73.326 -28.129 0.400000
6174 24.998 -74.404 -29.242 0.500000
6175 25.486 -74.161 -28.878 0.400000
6176 24.426 -74.339 -28.498 0.500000
6177 23.533 -74.083 -28.859 0.600000
6178 18.244 -74.280 -27.710 0.600000
6186 32.955 -73.959 -30.112 0.300000
6187 32.504 -74.295 -29.639 0.300000
6188 25.024 -74.280 -30.193 0.500000
6189 25.493 -74.017 -29.984 0.500000
6190 24.378 -74.370 -29.650 0.600000
6191 23.652 -74.235 -30.178 0.600000
6198 25.281 -73.941 -30.797 0.600000
6199 24.588 -74.185 -30.784 0.600000
6200 24.912 -73.544 -31.206 0.400000
6201 23.683 -73.992 -30.982 0.700000
6206 24.281 -73.650 -31.218 0.600000
6719 23.674 -73.802 -23.679 0.600000
6720 22.923 -73.149 -23.981 0.600000
6721 21.736 -73.293 -23.965 0.600000
6728 23.958 -73.259 -24.598 0.700000
6729 23.655 -73.022 -25.639 0.700000
6730 22.206 -72.831 -24.649 0.600000
6731 21.266 -73.202 -25.023 0.500000
6732 20.223 -73.960 -25.237 0.700000
6745 27.703 -73.494 -26.293 0.400000
6746 26.749 -73.460 -26.652 0.400000
6747 24.274 -73.806 -25.699 0.700000
6748 23.111 -72.670 -26.233 0.700000
6749 20.658 -73.382 -26.574 0.700000
6750 21.400 -72.793 -25.943 0.700000
6751 19.863 -74.011 -26.179 0.700000
6752 17.249 -73.759 -26.261 0.500000
6762 30.770 -72.959 -27.293 0.400000
6763 29.945 -73.279 -26.644 0.400000
6764 29.187 -72.794 -26.638 0.300000
6765 28.341 -72.869 -26.555 0.400000
6766 27.470 -72.839 -26.813 0.400000
6767 27.124 -72.795 -27.679 0.400000
6768 23.143 -73.234 -27.096 0.700000
6769 22.512 -72.775 -26.717 0.700000
6770 20.586 -73.476 -27.593 0.700000
6771 21.593 -72.899 -26.840 0.700000
6772 19.624 -74.041 -27.158 0.600000
6773 17.506 -74.088 -27.562 0.600000
6774 17.384 -73.793 -27.151 0.500000
6780 32.096 -72.517 -28.326 0.400000
6781 26.226 -73.483 -29.869 0.500000
6782 27.035 -73.028 -29.304 0.400000
6783 22.317 -73.535 -28.490 0.600000
6784 21.559 -73.226 -27.744 0.600000
6785 22.368 -73.174 -27.485 0.700000
6786 19.930 -73.716 -28.577 0.700000
6787 18.514 -73.773 -28.631 0.700000
6788 17.699 -73.783 -28.287 0.600000
6789 17.500 -73.603 -28.018 0.600000
6794 34.192 -73.252 -29.943 0.300000
6795 35.077 -73.142 -29.671 0.300000
6796 33.468 -73.528 -29.994 0.300000
6797 32.908 -72.939 -29.334 0.400000
6798 25.712 -73.523 -30.546 0.600000
6799 26.902 -72.672 -30.294 0.500000
6800 22.741 -73.903 -29.682 0.600000
6801 21.733 -73.488 -29.370 0.600000
6802 20.588 -73.404 -29.377 0.600000
6803 19.402 -73.582 -29.201 0.700000
6804 18.505 -73.345 -29.468 0.700000
6805 17.841 -73.304 -28.884 0.700000
6809 26.083 -72.877 -30.565 0.400000
6810 25.395 -73.281 -30.945 0.500000
6811 22.898 -73.987 -30.693 0.700000
6812 22.106 -73.719 -30.346 0.600000
6813 21.571 -73.468 -30.727 0.700000
6814 19.649 -73.280 -29.910 0.600000
6815 18.697 -72.854 -30.296 0.700000
6816 17.941 -72.843 -29.849 0.700000
6820 22.960 -73.715 -31.197 0.700000
6821 23.504 -73.338 -31.463 0.600000
6822 22.125 -73.626 -31.152 0.700000
6823 21.195 -73.156 -31.065 0.700000
6824 20.015 -72.885 -30.701 0.700000
6825 22.558 -73.262 -31.531 0.600000
6826 21.629 -73.016 -31.526 0.700000
7460 16.747 -72.595 -23.668 0.500000
7461 17.397 -72.132 -24.247 0.600000
7467 22.944 -72.638 -25.206 0.700000
7468 17.254 -73.086 -25.285 0.500000
7469 18.030 -71.972 -25.100 0.600000
7481 22.281 -72.518 -26.047 0.700000
7482 17.433 -73.344 -26.898 0.500000
7483 17.847 -72.702 -26.084 0.500000
7496 29.682 -72.330 -27.133 0.400000
7497 28.808 -72.315 -27.333 0.300000
7498 27.945 -72.494 -27.482 0.400000
7499 17.771 -72.774 -26.973 0.500000
7500 18.061 -72.504 -27.657 0.600000
7501 18.640 -72.083 -26.599 0.600000
7510 31.350 -71.616 -28.175 0.400000
7511 30.334 -71.691 -27.787 0.400000
7512 29.458 -71.653 -27.979 0.400000
7513 28.620 -72.110 -28.792 0.400000
7514 27.740 -72.566 -28.935 0.400000
7515 17.620 -72.968 -28.601 0.700000
7516 18.392 -72.134 -28.570 0.700000
7520 36.785 -72.442 -28.337 0.300000
7521 36.059 -72.851 -28.788 0.300000
7522 36.162 -71.882 -28.906 0.300000
7523 33.565 -72.801 -29.697 0.300000
7524 34.002 -72.344 -29.717 0.300000
7525 33.258 -71.812 -29.041 0.300000
7526 32.340 -71.679 -28.511 0.300000
7527 27.929 -72.091 -29.969 0.400000
7528 27.748 -71.415 -30.328 0.300000
7529 25.418 -72.733 -30.777 0.500000
7530 25.982 -72.457 -30.373 0.400000
7531 25.102 -72.227 -29.844 0.400000
7532 23.940 -72.581 -31.124 0.400000
7533 17.861 -72.340 -29.482 0.700000
7534 17.846 -72.626 -29.745 0.700000
7535 17.495 -71.886 -30.380 0.800000
7538 35.293 -72.343 -29.518 0.300000
7539 34.518 -71.894 -29.650 0.300000
7540 27.325 -72.055 -30.321 0.400000
7541 26.727 -72.070 -30.348 0.400000
7542 24.853 -72.921 -31.188 0.400000
7543 24.291 -73.057 -31.400 0.700000
7544 23.392 -72.772 -31.427 0.600000
7545 22.834 -72.192 -30.982 0.400000
7546 22.478 -72.392 -31.418 0.400000
7547 17.899 -72.364 -30.808 0.800000
7548 17.567 -72.146 -30.685 0.800000
7552 22.879 -72.863 -31.591 0.600000
7553 22.077 -72.656 -31.580 0.700000
7554 20.524 -72.565 -31.308 0.700000
7555 19.100 -72.431 -31.059 0.800000
7556 18.263 -72.114 -31.277 0.700000
7557 17.520 -71.972 -31.160 0.800000
7558 21.012 -72.314 -31.591 0.700000
7559 19.552 -72.051 -31.571 0.600000
8215 17.836 -70.941 -24.007 0.500000
8216 16.994 -71.436 -23.602 0.400000
8217 16.351 -71.121 -23.362 0.600000
8224 19.971 -71.474 -25.239 0.600000
8225 20.359 -71.101 -24.826 0.700000
8226 19.774 -71.361 -24.795 0.600000
8227 18.983 -71.596 -25.553 0.500000
8228 18.904 -71.352 -24.719 0.600000
8229 18.664 -70.705 -24.302 0.500000
8241 19.737 -71.554 -26.125 0.700000
8242 20.464 -71.136 -25.581 0.700000
8254 25.561 -71.303 -27.499 0.400000
8255 26.252 -71.064 -27.062 0.400000
8256 25.671 -70.833 -26.554 0.400000
8257 24.711 -70.573 -26.560 0.400000
8258 24.566 -71.141 -27.428 0.400000
8259 19.314 -71.631 -27.395 0.700000
8260 20.402 -71.101 -26.659 0.700000
8267 30.697 -71.127 -28.639 0.400000
8268 29.977 -71.112 -28.928 0.400000
8269 29.242 -71.409 -29.605 0.400000
8270 25.896 -71.434 -28.831 0.400000
8271 26.472 -70.937 -28.339 0.400000
8272 24.950 -71.661 -28.534 0.400000
8273 24.006 -71.902 -29.046 0.400000
8274 23.860 -71.224 -27.944 0.400000
8275 23.062 -71.326 -28.541 0.400000
8276 22.546 -71.256 -29.151 0.400000
8277 19.283 -71.346 -28.409 0.700000
8278 20.115 -70.864 -27.760 0.700000
8283 37.600 -71.295 -27.851 0.300000
8284 36.855 -71.157 -28.587 0.300000
8285 33.787 -71.384 -29.460 0.300000
8286 32.945 -70.649 -29.207 0.300000
8287 32.422 -70.922 -28.847 0.300000
8288 31.395 -70.708 -28.876 0.300000
8289 30.245 -70.477 -29.645 0.300000
8290 29.463 -70.651 -30.173 0.300000
8292 28.450 -71.485 -30.228 0.400000
8293 26.013 -71.820 -29.814 0.400000
8294 26.745 -71.234 -29.876 0.400000
8295 23.108 -72.014 -29.758 0.400000
8296 22.250 -71.494 -30.041 0.400000
8297 19.337 -70.534 -28.686 0.700000
8298 18.401 -71.357 -29.466 0.700000
8302 35.146 -71.413 -29.587 0.300000
8303 34.238 -70.941 -29.594 0.300000
8304 33.332 -70.354 -29.420 0.300000
8305 29.044 -70.386 -30.467 0.300000
8306 28.305 -70.768 -30.406 0.300000
8307 27.218 -71.496 -30.313 0.300000
8308 21.999 -71.669 -31.044 0.400000
8309 21.645 -70.868 -30.437 0.500000
8310 21.421 -71.096 -31.048 0.500000
8311 17.694 -70.813 -30.511 0.600000
8312 17.324 -71.596 -30.967 0.700000
8315 21.501 -71.851 -31.488 0.500000
8316 20.914 -70.861 -31.347 0.500000
8317 18.302 -71.729 -31.435 0.700000
8318 17.580 -71.492 -31.177 0.700000
8319 20.439 -71.546 -31.641 0.700000
8320 19.357 -71.377 -31.609 0.700000
8875 20.092 -70.903 -24.378 0.700000
8876 20.561 -70.333 -24.330 0.700000
8877 20.036 -70.340 -23.910 0.700000
8878 17.133 -70.461 -23.914 0.500000
8885 20.879 -70.484 -25.063 0.700000
8886 21.182 -69.733 -24.560 0.700000
8887 19.467 -70.752 -24.297 0.600000
8888 18.665 -69.895 -24.278 0.500000
8889 17.987 -69.834 -24.418 0.500000
8890 16.741 -69.498 -24.706 0.600000
8902 27.249 -70.303 -26.453 0.400000
8903 26.754 -70.013 -25.503 0.400000
8904 26.311 -70.541 -26.190 0.400000
8905 25.838 -70.009 -25.336 0.300000
8906 25.325 -70.334 -25.839 0.300000
8907 24.523 -69.749 -25.820 0.400000
8908 20.886 -70.411 -25.988 0.700000
8909 21.281 -69.687 -25.387 0.600000
8923 27.545 -70.254 -27.571 0.400000
8925 28.025 -70.035 -26.843 0.300000
8926 26.863 -70.658 -27.249 0.400000
8927 23.865 -70.451 -27.177 0.400000
8928 23.870 -69.704 -26.518 0.400000
8929 23.411 -69.783 -27.301 0.400000
8930 20.742 -70.231 -27.058 0.700000
8931 21.064 -69.503 -26.328 0.600000
8938 37.964 -70.753 -27.192 0.300000
8939 27.846 -70.210 -28.933 0.300000
8941 27.246 -70.697 -29.410 0.300000
8942 23.159 -70.549 -27.786 0.400000
8943 22.658 -70.535 -28.577 0.400000
8944 20.021 -69.816 -28.019 0.600000
8948 37.440 -70.405 -28.147 0.300000
8949 36.466 -69.551 -28.793 0.300000
8950 35.805 -70.855 -29.212 0.300000
8951 30.547 -69.964 -29.744 0.300000
8952 27.878 -70.518 -30.050 0.300000
8953 28.599 -70.165 -30.025 0.300000
8954 27.482 -70.949 -30.271 0.300000
8955 22.184 -70.576 -29.563 0.400000
8956 18.763 -69.299 -28.826 0.600000
8957 18.384 -70.129 -29.567 0.600000
8961 34.806 -70.375 -29.493 0.300000
8962 33.801 -69.857 -29.435 0.300000
8963 32.692 -69.281 -29.521 0.300000
8964 31.746 -69.330 -29.528 0.300000
8966 21.879 -70.034 -30.300 0.500000
8967 21.406 -70.184 -30.894 0.500000
8968 17.987 -69.841 -30.097 0.600000
8969 17.942 -70.235 -30.434 0.600000
8971 20.620 -70.009 -31.255 0.700000
8972 19.946 -70.684 -31.596 0.600000
8973 19.470 -69.970 -31.141 0.600000
8974 18.510 -70.830 -31.377 0.800000
8975 18.340 -70.063 -30.738 0.700000
9540 19.510 -69.170 -22.337 0.600000
9541 18.809 -69.264 -22.420 0.700000
9555 20.007 -69.637 -23.142 0.700000
9556 20.718 -69.244 -23.303 0.600000
9557 20.175 -69.024 -22.478 0.600000
9558 19.320 -69.478 -23.033 0.600000
9559 18.716 -69.366 -23.427 0.400000
9567 20.930 -69.620 -23.958 0.700000
9568 21.286 -69.075 -24.022 0.600000
9569 19.278 -69.842 -23.844 0.600000
9570 18.522 -69.432 -24.096 0.500000
9574 27.997 -69.311 -25.151 0.300000
9575 28.269 -68.797 -24.532 0.300000
9576 27.451 -68.939 -24.354 0.300000
9577 27.127 -69.470 -24.947 0.300000
9578 26.603 -68.961 -24.327 0.300000
9579 26.238 -69.511 -24.829 0.300000
9580 25.798 -68.847 -24.490 0.300000
9581 25.406 -69.317 -24.967 0.300000
9583 24.648 -69.082 -25.346 0.300000
9584 21.396 -68.990 -24.813 0.600000
9585 18.059 -69.240 -24.356 0.500000
9586 17.266 -69.022 -24.734 0.500000
9588 16.789 -68.341 -25.130 0.500000
9598 28.472 -69.555 -26.166 0.300000
9600 28.909 -68.970 -25.405 0.300000
9601 27.633 -69.829 -25.786 0.300000
9602 24.143 -68.976 -26.084 0.400000
9603 21.207 -68.873 -25.661 0.600000
9620 20.488 -69.110 -27.258 0.600000
9621 20.781 -68.562 -26.486 0.700000
9627 38.386 -69.880 -27.387 0.300000
9632 22.887 -69.974 -27.891 0.400000
9633 23.273 -69.263 -27.865 0.500000
9634 19.160 -68.380 -28.222 0.700000
9639 37.564 -69.362 -28.223 0.300000
9646 22.833 -69.582 -28.789 0.500000
9647 22.287 -69.579 -29.675 0.500000
9648 18.479 -68.291 -28.990 0.700000
9649 18.462 -69.179 -29.543 0.700000
9651 34.430 -69.156 -29.404 0.300000
9652 33.407 -68.899 -29.490 0.300000
9654 22.027 -68.785 -29.785 0.500000
9655 21.649 -69.515 -30.302 0.500000
9656 20.221 -69.335 -30.735 0.600000
9657 19.099 -69.283 -30.351 0.600000
9658 18.379 -69.379 -29.985 0.700000
10159 18.986 -69.082 -21.555 0.700000
10160 19.280 -68.615 -20.930 0.600000
10161 18.854 -68.183 -20.408 0.700000
10162 18.478 -68.745 -20.897 0.700000
10163 18.003 -68.234 -20.398 0.700000
10164 17.528 -68.589 -21.049 0.700000
10165 17.214 -68.063 -20.574 0.700000
10166 16.551 -68.012 -21.255 0.600000
10186 19.700 -68.748 -21.691 0.600000
10187 20.371 -68.133 -21.997 0.600000
10188 19.925 -68.081 -21.153 0.600000
10189 18.163 -69.002 -21.716 0.700000
10190 17.202 -68.572 -22.152 0.700000
10191 16.377 -68.015 -22.185 0.600000
10198 20.569 -67.663 -22.885 0.700000
10199 18.061 -69.046 -22.846 0.600000
10200 17.436 -68.552 -23.438 0.400000
10207 28.523 -68.299 -23.947 0.300000
10210 26.776 -67.209 -23.485 0.300000
10211 26.171 -67.764 -23.892 0.300000
10212 21.218 -68.276 -24.310 0.600000
10213 20.965 -68.414 -23.510 0.600000
10214 18.143 -68.941 -23.954 0.400000
10215 17.383 -68.583 -24.407 0.500000
10221 29.533 -68.349 -25.099 0.300000
10223 29.282 -68.070 -24.284 0.300000
10224 28.898 -68.531 -24.650 0.300000
10225 25.607 -68.033 -24.445 0.300000
10227 21.109 -68.182 -25.152 0.600000
10242 24.507 -68.324 -25.651 0.300000
10243 20.829 -68.153 -25.860 0.600000
10258 23.656 -69.008 -26.948 0.400000
10259 24.183 -68.307 -26.661 0.300000
10260 20.333 -67.561 -26.489 0.700000
10261 20.051 -67.963 -27.326 0.700000
10270 23.473 -68.665 -28.845 0.500000
10271 23.976 -68.393 -27.993 0.500000
10272 18.613 -67.475 -28.629 0.700000
10273 18.889 -67.384 -27.958 0.700000
10274 18.824 -66.706 -28.171 0.700000
10286 23.643 -68.083 -29.242 0.500000
10287 22.881 -68.814 -29.359 0.500000
10288 18.629 -67.725 -29.162 0.700000
10291 22.792 -68.207 -29.425 0.500000
10292 21.911 -68.103 -29.524 0.600000
10293 20.933 -68.865 -30.190 0.600000
10294 20.139 -67.931 -29.638 0.600000
10295 19.677 -68.553 -29.984 0.600000
10296 19.002 -67.578 -29.477 0.600000
10297 18.818 -68.451 -29.638 0.700000
10860 19.340 -67.404 -20.101 0.700000
10861 18.821 -66.945 -19.477 0.700000
10862 18.445 -67.585 -19.971 0.700000
10863 17.994 -66.972 -19.562 0.700000
10864 17.585 -67.555 -20.080 0.700000
10883 19.987 -67.405 -20.703 0.700000
10884 20.150 -66.826 -20.196 0.700000
10885 16.742 -67.393 -20.439 0.700000
10901 20.353 -67.294 -21.441 0.600000
10902 15.925 -67.416 -21.912 0.500000
10903 15.537 -66.616 -21.937 0.500000
10910 20.454 -66.944 -22.357 0.700000
10924 27.498 -66.859 -23.237 0.300000
10925 26.026 -66.909 -24.259 0.300000
10926 20.672 -67.445 -23.776 0.600000
10927 20.387 -66.618 -23.275 0.700000
10938 20.661 -67.353 -24.645 0.700000
10939 19.811 -65.669 -24.651 0.700000
10957 24.704 -67.629 -26.248 0.300000
10959 20.479 -67.241 -25.607 0.700000
10960 19.514 -65.596 -25.598 0.700000
10974 24.674 -67.696 -27.513 0.300000
10975 25.438 -67.163 -27.105 0.300000
10976 19.387 -66.920 -27.262 0.700000
10977 19.673 -66.380 -26.344 0.700000
10978 19.189 -65.949 -27.369 0.700000
10986 24.878 -67.619 -28.850 0.400000
10987 25.563 -67.194 -28.407 0.400000
10988 19.226 -66.060 -28.029 0.700000
10996 25.131 -67.163 -29.302 0.400000
10997 24.390 -67.524 -29.276 0.400000
10998 21.645 -66.986 -28.739 0.600000
10999 20.939 -67.498 -29.250 0.600000
11000 20.211 -66.476 -28.762 0.600000
11001 19.385 -66.873 -29.240 0.600000
11002 19.405 -66.170 -28.536 0.600000
11003 18.788 -66.819 -28.895 0.700000
11006 25.104 -66.697 -29.362 0.500000
11007 24.460 -67.044 -29.497 0.400000
11008 22.328 -67.606 -29.308 0.600000
11489 16.705 -65.988 -10.679 0.300000
11493 15.017 -66.007 -10.414 0.300000
11611 19.973 -66.374 -18.957 0.800000
11612 20.506 -65.866 -18.710 0.800000
11613 19.705 -65.939 -18.460 0.800000
11614 19.219 -66.435 -18.925 0.800000
11615 18.813 -65.853 -18.462 0.700000
11625 19.675 -66.733 -19.520 0.800000
11626 20.571 -66.250 -19.603 0.800000
11627 18.362 -66.377 -19.025 0.700000
11628 16.511 -66.493 -20.300 0.700000
11629 17.602 -66.252 -19.367 0.700000
11635 20.515 -66.741 -20.960 0.700000
11636 15.961 -66.935 -21.067 0.600000
11637 15.963 -66.074 -20.702 0.600000
11638 15.564 -65.954 -21.385 0.500000
11652 20.631 -66.462 -21.913 0.700000
11668 20.466 -66.158 -22.894 0.600000
11680 20.197 -65.384 -24.536 0.600000
11692 19.664 -65.033 -25.336 0.700000
11706 19.198 -65.248 -26.573 0.700000
11707 19.345 -64.919 -26.053 0.700000
11720 19.274 -65.210 -27.286 0.700000
11728 19.530 -65.392 -27.826 0.700000
11736 24.379 -66.441 -29.341 0.400000
11737 24.692 -65.982 -29.142 0.400000
11738 23.570 -66.563 -29.170 0.400000
11739 23.150 -65.715 -28.315 0.400000
11740 21.069 -66.136 -28.184 0.600000
11741 19.976 -65.586 -28.247 0.600000
12212 17.163 -65.435 -10.312 0.300000
12213 17.764 -64.904 -10.364 0.300000
12214 17.060 -64.946 -9.644 0.300000
12215 16.472 -65.596 -9.909 0.300000
12216 16.121 -65.113 -9.313 0.300000
12217 15.609 -65.630 -9.640 0.300000
12218 14.843 -64.920 -8.743 0.300000
12219 14.495 -65.375 -9.411 0.300000
12238 17.826 -65.135 -10.976 0.300000
12239 18.397 -64.601 -10.912 0.300000
12310 20.270 -65.337 -18.038 0.800000
12311 21.106 -65.200 -18.307 0.700000
12312 20.899 -64.674 -17.573 0.600000
12313 19.970 -64.695 -17.436 0.600000
12324 21.296 -65.631 -19.155 0.800000
12325 22.098 -65.258 -19.303 0.800000
12326 21.908 -65.003 -18.566 0.600000
12327 19.368 -65.338 -17.953 0.700000
12328 17.874 -65.569 -18.716 0.600000
12329 18.474 -65.132 -18.074 0.700000
12336 22.345 -65.307 -20.055 0.600000
12338 21.078 -65.976 -20.295 0.800000
12339 17.159 -65.490 -19.420 0.600000
12340 16.449 -65.534 -20.108 0.600000
12347 21.717 -65.689 -20.683 0.700000
12348 22.561 -65.173 -20.970 0.600000
12349 21.017 -66.126 -21.209 0.600000
12350 15.861 -65.205 -20.862 0.600000
12351 15.505 -64.231 -21.088 0.500000
12363 21.656 -65.616 -21.607 0.600000
12364 22.353 -65.217 -21.975 0.600000
12365 20.918 -65.897 -22.413 0.600000
12383 21.161 -65.563 -23.081 0.600000
12384 22.109 -65.404 -22.832 0.600000
12385 20.581 -65.749 -23.479 0.600000
12396 20.900 -65.472 -23.960 0.600000
12397 21.704 -65.341 -24.250 0.600000
12413 20.680 -65.199 -24.834 0.600000
12414 19.959 -64.794 -25.199 0.600000
12431 19.358 -64.755 -26.689 0.700000
12432 19.728 -64.629 -25.986 0.600000
12441 19.539 -64.750 -27.282 0.700000
12442 19.761 -64.514 -26.772 0.600000
12448 23.509 -64.904 -27.790 0.400000
12449 22.415 -65.238 -27.419 0.400000
12450 21.800 -65.703 -27.802 0.600000
12451 21.165 -65.097 -27.279 0.600000
12452 20.055 -64.648 -27.343 0.700000
12456 25.618 -66.201 -29.205 0.400000
12458 24.061 -65.352 -28.623 0.400000
12968 15.562 -64.501 -8.962 0.300000
12969 14.646 -64.188 -8.585 0.300000
12970 14.180 -64.691 -8.702 0.300000
12971 13.985 -64.129 -8.313 0.300000
12973 13.372 -63.786 -8.096 0.400000
12985 18.348 -64.234 -10.378 0.400000
12986 17.713 -64.386 -9.896 0.300000
12987 17.205 -64.092 -9.558 0.300000
12988 16.070 -64.038 -9.183 0.300000
12997 18.870 -64.118 -10.892 0.400000
13007 18.038 -64.696 -11.398 0.400000
13008 18.674 -64.120 -11.506 0.400000
13032 15.230 -64.587 -14.270 0.300000
13033 15.504 -64.318 -13.588 0.300000
13034 14.572 -63.872 -13.739 0.400000
13056 14.270 -64.073 -14.076 0.400000
13057 13.741 -63.832 -14.472 0.400000
13109 22.762 -63.559 -17.989 0.600000
13110 22.186 -63.987 -17.604 0.600000
13111 21.742 -64.565 -17.829 0.600000
13112 21.510 -64.041 -17.241 0.600000
13113 20.657 -64.073 -16.896 0.500000
13114 19.030 -64.626 -17.476 0.600000
13115 19.605 -63.942 -16.782 0.500000
13116 18.234 -64.415 -17.740 0.700000
13117 18.032 -63.816 -17.406 0.600000
13118 17.498 -64.053 -18.101 0.700000
13134 17.214 -64.657 -18.946 0.600000
13135 16.790 -63.849 -18.780 0.600000
13144 23.097 -64.770 -20.126 0.600000
13145 16.090 -64.472 -20.197 0.600000
13146 16.516 -64.153 -19.481 0.600000
13147 15.597 -63.583 -20.562 0.500000
13155 23.270 -64.774 -21.549 0.600000
13156 15.330 -63.143 -21.652 0.500000
13167 23.101 -64.920 -22.486 0.600000
13178 22.767 -65.180 -23.511 0.600000
13211 21.786 -65.172 -25.163 0.600000
13212 20.469 -64.791 -25.560 0.600000
13225 22.682 -64.900 -25.760 0.500000
13227 21.352 -64.869 -25.883 0.500000
13228 20.368 -64.611 -26.211 0.600000
13235 22.855 -64.792 -27.019 0.500000
13237 21.765 -65.007 -26.777 0.500000
13238 20.603 -64.728 -26.763 0.600000
13783 15.714 -63.519 -9.186 0.300000
13784 14.825 -63.260 -8.781 0.300000
13785 14.050 -63.544 -8.211 0.300000
13790 18.888 -63.458 -10.474 0.400000
13791 18.057 -63.600 -9.857 0.400000
13792 17.249 -63.196 -9.550 0.400000
13793 16.317 -62.827 -9.520 0.300000
13794 15.415 -62.560 -9.444 0.300000
13805 19.218 -63.541 -11.243 0.400000
13806 19.451 -62.787 -10.831 0.400000
13828 19.023 -63.406 -12.043 0.400000
13829 18.411 -63.169 -12.741 0.400000
13831 17.532 -62.821 -13.324 0.400000
13848 15.128 -63.548 -13.575 0.400000
13849 14.376 -63.332 -13.673 0.400000
13850 13.828 -63.516 -13.925 0.400000
13868 13.226 -63.448 -14.970 0.400000
13869 13.221 -63.171 -14.610 0.400000
13870 12.572 -62.995 -15.166 0.500000
13880 12.383 -63.592 -16.320 0.500000
13881 11.922 -63.142 -15.674 0.400000
13882 10.762 -63.106 -16.654 0.600000
13883 10.522 -62.533 -16.240 0.600000
13897 10.161 -62.625 -17.065 0.500000
13898 9.616 -62.823 -17.654 0.500000
13910 21.960 -63.292 -17.335 0.600000
13911 21.232 -63.464 -16.859 0.600000
13914 16.909 -63.504 -18.024 0.700000
13915 17.472 -63.294 -17.266 0.500000
13916 16.594 -62.842 -17.489 0.700000
13919 9.256 -62.926 -18.167 0.500000
13933 16.172 -63.502 -19.338 0.600000
13934 16.314 -63.250 -18.520 0.600000
13935 15.619 -63.169 -20.007 0.600000
13938 8.587 -62.802 -18.710 0.500000
13950 15.145 -62.776 -20.963 0.500000
13951 7.272 -62.483 -20.246 0.500000
13964 15.214 -62.240 -21.908 0.500000
13978 15.294 -62.364 -22.648 0.500000
13993 13.843 -62.406 -22.978 0.500000
13994 12.908 -63.313 -22.845 0.500000
13995 12.697 -62.394 -22.461 0.500000
13996 11.017 -63.659 -22.715 0.500000
13997 11.511 -62.816 -22.195 0.500000
14647 12.965 -61.707 -8.228 0.300000
14658 18.158 -62.605 -9.730 0.400000
14659 17.106 -62.247 -9.539 0.400000
14660 16.076 -61.836 -9.600 0.400000
14661 15.090 -61.728 -9.584 0.300000
14702 19.128 -62.512 -12.481 0.400000
14703 18.397 -62.477 -13.061 0.400000
14715 17.854 -61.894 -13.408 0.400000
14718 14.989 -62.670 -13.726 0.400000
14719 14.062 -62.766 -13.858 0.400000
14731 13.745 -61.996 -14.367 0.400000
14732 12.947 -61.921 -14.676 0.400000
14733 11.726 -62.599 -15.342 0.500000
14734 12.476 -62.456 -14.948 0.400000
14735 11.479 -62.105 -15.221 0.600000
14739 11.204 -62.349 -15.444 0.600000
14740 9.788 -62.016 -16.603 0.600000
14741 10.272 -61.867 -15.933 0.600000
14742 9.428 -61.414 -16.083 0.600000
14751 17.221 -62.551 -16.810 0.500000
14752 16.669 -61.950 -16.686 0.500000
14753 15.932 -62.256 -17.226 0.500000
14754 16.365 -61.108 -16.536 0.500000
14755 15.371 -61.753 -17.006 0.600000
14756 9.046 -62.306 -17.115 0.600000
14757 8.727 -61.598 -16.672 0.600000
14758 8.067 -61.628 -17.397 0.600000
14764 15.830 -62.740 -18.152 0.600000
14765 15.244 -62.281 -17.733 0.600000
14766 14.693 -61.750 -17.409 0.600000
14767 14.550 -62.210 -18.279 0.500000
14768 8.529 -62.325 -18.002 0.500000
14769 7.383 -61.562 -18.157 0.600000
14775 15.158 -62.527 -18.867 0.600000
14776 14.494 -62.187 -19.553 0.500000
14777 7.108 -61.435 -18.831 0.600000
14783 14.520 -61.701 -20.798 0.500000
14784 7.201 -61.941 -20.090 0.500000
14794 14.974 -61.868 -21.473 0.500000
14795 14.519 -61.132 -21.893 0.600000
14810 15.031 -61.571 -22.492 0.500000
14811 14.622 -61.285 -22.426 0.600000
14812 10.957 -62.183 -21.771 0.500000
14813 11.478 -61.240 -21.518 0.600000
14814 10.422 -61.450 -21.417 0.500000
14815 9.856 -62.397 -21.789 0.500000
14816 9.397 -61.693 -21.294 0.500000
14817 8.750 -62.521 -21.767 0.500000
14818 8.337 -61.959 -21.147 0.500000
14832 15.136 -61.980 -23.114 0.400000
14834 14.162 -61.392 -22.555 0.600000
14835 13.078 -61.279 -22.340 0.600000
14836 12.050 -61.682 -22.066 0.500000
15450 18.804 -60.357 -9.871 0.300000
15451 18.346 -60.985 -9.646 0.300000
15452 17.398 -60.815 -9.443 0.400000
15453 16.400 -60.776 -9.435 0.400000
15454 14.901 -60.873 -9.569 0.300000
15455 13.473 -60.876 -9.669 0.300000
15456 12.909 -61.100 -9.356 0.300000
15466 19.530 -60.736 -10.285 0.300000
15521 13.639 -60.550 -14.934 0.400000
15522 12.894 -61.010 -15.089 0.400000
15523 11.987 -61.543 -15.086 0.400000
15524 10.795 -61.753 -15.434 0.600000
15525 11.158 -61.457 -15.261 0.600000
15526 10.477 -60.867 -15.295 0.600000
15529 9.963 -61.170 -15.539 0.600000
15530 8.469 -60.857 -16.291 0.600000
15531 9.129 -60.681 -15.804 0.600000
15532 8.325 -60.273 -16.053 0.600000
15542 14.948 -61.133 -16.918 0.600000
15544 7.713 -60.967 -16.867 0.600000
15545 7.465 -60.167 -16.466 0.600000
15546 6.916 -60.396 -17.078 0.600000
15551 13.972 -61.757 -17.775 0.500000
15552 14.190 -61.156 -17.144 0.500000
15553 13.228 -61.672 -18.106 0.500000
15554 12.916 -61.023 -17.574 0.600000
15555 12.386 -61.485 -18.276 0.500000
15556 7.009 -60.942 -17.561 0.600000
15557 6.543 -60.176 -17.665 0.600000
15563 13.806 -62.015 -18.743 0.500000
15564 12.962 -61.742 -19.101 0.500000
15565 12.117 -61.371 -19.285 0.500000
15566 6.947 -60.682 -18.950 0.600000
15574 13.809 -61.656 -19.923 0.500000
15575 13.027 -61.076 -20.252 0.500000
15576 12.234 -60.707 -20.669 0.600000
15577 7.711 -60.670 -19.599 0.500000
15589 13.824 -61.128 -21.057 0.500000
15590 12.867 -60.636 -21.595 0.600000
15591 10.896 -60.932 -21.100 0.600000
15592 11.762 -60.686 -21.153 0.600000
15593 10.745 -60.612 -20.633 0.600000
15594 9.983 -60.775 -20.905 0.500000
15595 9.340 -60.495 -20.269 0.500000
15596 8.973 -61.229 -20.649 0.500000
15597 8.405 -60.835 -20.158 0.500000
15598 7.982 -61.524 -20.603 0.500000
15605 14.153 -60.929 -22.198 0.600000
15606 13.461 -60.756 -22.148 0.600000
15607 12.531 -60.879 -21.864 0.600000
16196 17.906 -60.127 -9.570 0.300000
16197 16.998 -60.040 -9.368 0.300000
16198 15.615 -60.349 -9.490 0.300000
16199 14.880 -59.968 -9.467 0.300000
16200 13.510 -60.135 -9.942 0.300000
16201 12.739 -60.558 -10.074 0.400000
16219 19.350 -59.810 -10.208 0.300000
16220 12.989 -59.866 -10.249 0.400000
16262 13.032 -60.111 -15.251 0.400000
16263 12.403 -59.620 -15.377 0.400000
16264 9.633 -60.446 -15.442 0.600000
16265 10.031 -60.125 -15.266 0.500000
16266 9.402 -59.678 -15.465 0.600000
16269 8.696 -59.879 -15.769 0.600000
16270 7.843 -59.719 -16.110 0.600000
16278 6.705 -59.644 -17.025 0.600000
16286 14.670 -60.326 -17.014 0.400000
16287 13.652 -60.400 -17.238 0.400000
16288 12.749 -60.087 -17.470 0.500000
16289 11.222 -60.627 -17.715 0.500000
16290 10.705 -60.848 -17.943 0.600000
16291 10.567 -60.082 -17.672 0.600000
16292 9.147 -59.785 -18.196 0.600000
16293 9.729 -59.515 -17.613 0.600000
16294 6.746 -59.413 -17.622 0.600000
16298 11.341 -61.242 -18.279 0.600000
16299 10.502 -60.791 -18.539 0.600000
16300 9.655 -60.277 -18.936 0.600000
16301 8.732 -60.133 -19.051 0.600000
16302 8.030 -59.420 -18.376 0.600000
16303 7.611 -59.986 -18.968 0.600000
16304 7.138 -59.329 -18.142 0.600000
16310 11.232 -60.803 -19.682 0.600000
16311 9.540 -60.234 -19.804 0.600000
16312 8.611 -60.349 -19.680 0.500000
16315 11.287 -60.651 -20.486 0.600000
16889 18.380 -59.346 -9.901 0.300000
16890 17.390 -59.349 -9.614 0.300000
16891 16.555 -59.373 -9.522 0.300000
16893 14.891 -59.251 -9.594 0.300000
16894 14.219 -59.628 -9.736 0.300000
16895 14.350 -58.705 -9.900 0.300000
16913 20.009 -59.368 -10.666 0.300000
16914 19.151 -58.867 -10.274 0.300000
16916 13.562 -59.324 -10.075 0.300000
16917 12.780 -59.201 -10.410 0.400000
16918 11.752 -59.278 -10.685 0.300000
16919 10.927 -59.559 -10.661 0.300000
16965 11.820 -59.095 -15.454 0.400000
16966 11.021 -59.218 -15.457 0.500000
16967 8.645 -59.058 -15.764 0.600000
16968 9.292 -58.943 -15.564 0.500000
16969 7.991 -58.336 -15.957 0.500000
16973 7.902 -59.042 -16.065 0.600000
16974 7.192 -59.213 -16.487 0.600000
16978 6.878 -58.826 -16.992 0.600000
16989 11.148 -59.544 -17.528 0.500000
16990 10.352 -58.950 -17.359 0.600000
16991 9.410 -58.365 -17.322 0.500000
16992 7.875 -58.157 -17.190 0.500000
16993 7.162 -58.787 -17.415 0.600000
17629 16.754 -58.141 -9.823 0.300000
17630 15.301 -58.607 -9.700 0.300000
17645 15.850 -57.813 -9.900 0.300000
17646 14.873 -57.881 -9.997 0.300000
17647 13.477 -58.458 -10.223 0.500000
17648 12.549 -58.224 -10.539 0.400000
17649 11.627 -58.376 -10.857 0.300000
17650 10.902 -58.844 -10.979 0.300000
17651 11.044 -57.933 -11.164 0.300000
17684 11.322 -58.372 -15.593 0.400000
17685 10.433 -58.340 -15.640 0.500000
17686 9.542 -58.294 -15.735 0.600000
17687 8.693 -58.240 -15.888 0.500000
17699 7.493 -58.314 -16.492 0.600000
17700 8.097 -57.712 -16.374 0.500000
17706 7.375 -58.297 -16.950 0.600000
17707 7.961 -57.699 -16.837 0.500000
17715 11.108 -58.169 -17.869 0.600000
17716 10.326 -57.490 -17.618 0.600000
17717 9.299 -57.242 -17.232 0.600000
17718 8.483 -57.230 -17.047 0.500000
18357 16.665 -57.363 -10.097 0.300000
18358 15.934 -56.921 -10.286 0.300000
18359 15.172 -56.561 -10.522 0.300000
18360 14.360 -57.105 -10.272 0.300000
18361 12.750 -57.312 -10.619 0.300000
18362 11.959 -57.558 -10.858 0.300000
18363 12.331 -56.764 -10.964 0.300000
18370 11.366 -57.042 -11.213 0.300000
18386 10.760 -57.413 -15.980 0.400000
18387 9.777 -57.535 -16.174 0.500000
18388 8.881 -57.514 -16.346 0.600000
18404 9.985 -57.103 -16.697 0.600000
18405 10.722 -56.971 -16.726 0.400000
18406 8.534 -57.163 -16.844 0.500000
18411 9.264 -56.947 -17.108 0.600000
18412 10.361 -56.861 -17.177 0.400000
18420 11.262 -57.124 -18.086 0.500000
18421 10.193 -56.985 -17.377 0.600000
18436 10.906 -56.903 -17.751 0.500000
19088 15.981 -56.030 -10.634 0.300000
19089 15.134 -55.812 -10.926 0.300000
19090 14.369 -56.243 -10.807 0.300000
19091 13.382 -56.655 -10.710 0.300000
19092 13.649 -55.786 -11.148 0.300000
19101 12.712 -56.027 -11.255 0.300000
19102 11.746 -56.294 -11.500 0.300000
19859 15.701 -55.310 -11.046 0.300000
19860 14.465 -55.457 -11.142 0.300000
19871 15.416 -54.707 -11.325 0.300000
19872 13.858 -54.942 -11.411 0.300000
19873 12.979 -55.187 -11.521 0.300000
19874 12.029 -55.501 -11.777 0.300000
19875 12.314 -54.713 -12.082 0.300000
20711 15.878 -54.059 -11.528 0.300000
20712 15.035 -54.077 -11.602 0.300000
20713 14.142 -54.155 -11.671 0.300000
20714 13.241 -54.377 -11.829 0.300000
20715 13.521 -53.470 -12.202 0.300000
20727 12.642 -53.942 -12.499 0.300000
20728 11.716 -54.278 -12.905 0.300000
21513 14.578 -53.379 -11.995 0.300000
21534 12.801 -53.264 -12.851 0.300000
89176 23.543 -67.476 -29.386 0.600000
89304 6.666 -59.963 -18.341 0.600000
89306 12.828 -63.472 -15.570 0.400000
89336 11.406 -63.366 -16.380 0.500000
89531 25.065 -74.502 -26.535 0.400000
90097 7.216 -62.021 -19.518 0.500000
90174 15.239 -57.242 -10.158 0.300000
90265 9.359 -63.199 -18.547 0.500000
90501 20.593 -68.555 -22.799 0.600000
90630 23.751 -73.526 -26.506 0.700000
90778 10.725 -60.058 -15.288 0.500000
90987 22.389 -66.406 -28.521 0.600000
90989 21.106 -73.341 -28.480 0.600000
91178 36.904 -72.894 -28.014 0.300000
91222 7.226 -61.391 -19.458 0.500000
91254 13.444 -57.571 -10.361 0.300000
91256 16.886 -73.260 -24.599 0.500000
91276 28.955 -75.660 -26.220 0.400000
91409 16.508 -63.684 -9.379 0.300000
91482 14.661 -54.757 -11.353 0.300000
91519 6.681 -60.787 -18.244 0.600000
91625 34.546 -73.659 -29.760 0.300000
91795 25.004 -65.451 -28.815 0.400000
91880 23.384 -64.652 -20.748 0.500000
91881 37.193 -71.906 -28.126 0.300000
92068 32.602 -77.767 -23.404 0.300000
92081 18.349 -63.758 -12.266 0.400000
92213 30.854 -78.452 -27.839 0.300000
92558 10.075 -59.270 -15.384 0.600000
92598 20.697 -73.428 -25.802 0.700000
92854 20.433 -69.860 -23.706 0.700000
92931 12.201 -60.511 -15.277 0.400000
93125 21.395 -73.375 -30.018 0.600000
93140 17.611 -70.829 -30.948 0.700000
93170 38.055 -70.517 -26.794 0.300000
93705 32.438 -69.906 -29.514 0.300000
94237 17.603 -58.511 -9.896 0.300000
94690 29.563 -79.930 -21.240 0.300000
94710 27.170 -70.507 -28.300 0.400000
94989 23.452 -64.519 -26.507 0.500000
95009 11.936 -59.865 -17.562 0.500000
95073 26.188 -68.410 -24.102 0.300000
95375 29.420 -78.179 -29.448 0.500000
95574 20.251 -65.883 -23.817 0.700000
95664 22.821 -75.295 -23.040 0.500000
95714 10.058 -60.413 -18.001 0.600000
96074 15.679 -62.974 -19.205 0.600000
96203 29.410 -75.834 -27.046 0.400000
96405 10.401 -63.119 -22.234 0.500000
96500 24.982 -74.521 -28.355 0.500000
96585 8.643 -57.855 -17.189 0.500000
96621 32.410 -73.689 -29.310 0.300000
96699 21.233 -68.259 -29.694 0.600000
96702 32.772 -74.454 -29.720 0.300000
96767 20.250 -66.462 -24.140 0.700000
96771 31.799 -74.545 -29.059 0.300000
96938 12.271 -60.004 -10.412 0.400000
97545 15.438 -64.921 -21.666 0.500000
97585 16.441 -64.444 -9.312 0.300000
97880 20.677 -66.366 -20.451 0.800000
97959 16.463 -55.390 -11.021 0.300000
97967 14.872 -61.529 -22.825 0.600000
98017 18.666 -63.969 -17.077 0.500000
98160 11.150 -62.825 -15.811 0.600000
98270 8.604 -58.926 -17.522 0.600000
98271 22.782 -67.042 -29.133 0.600000
98332 16.695 -64.839 -19.633 0.600000
98392 10.026 -60.336 -20.368 0.600000
98479 20.533 -65.248 -27.770 0.600000
98677 16.168 -58.683 -9.662 0.300000
98820 12.060 -60.848 -17.670 0.500000
99093 25.159 -74.609 -25.626 0.400000
99113 16.015 -63.756 -19.890 0.600000
99134 13.560 -61.258 -17.474 0.600000
99183 7.615 -62.174 -18.814 0.500000
99269 15.353 -65.200 -9.059 0.300000
99270 10.423 -60.301 -19.905 0.600000
99472 20.778 -73.173 -30.298 0.600000
99527 17.824 -61.651 -9.556 0.300000
99663 13.583 -64.376 -8.563 0.400000
99675 22.239 -64.914 -26.328 0.500000
99685 19.355 -73.927 -27.974 0.700000
99977 23.075 -73.636 -27.923 0.700000
100382 13.148 -60.673 -21.211 0.600000
100409 23.476 -75.361 -23.361 0.600000
100441 24.608 -75.478 -23.856 0.600000
100500 13.697 -60.693 -21.835 0.600000
100534 15.612 -61.141 -9.545 0.400000
100713 19.481 -67.986 -20.619 0.700000
100730 9.140 -56.994 -16.689 0.600000
100856 35.537 -69.857 -29.257 0.300000
100897 17.947 -73.395 -28.987 0.700000
101075 13.406 -62.739 -14.381 0.400000
101286 36.413 -70.369 -28.825 0.300000
101408 24.471 -72.407 -30.426 0.400000
101599 10.813 -62.324 -15.710 0.600000
101691 12.005 -63.357 -22.539 0.500000
101983 11.293 -60.781 -15.248 0.500000
102153 12.026 -60.536 -10.215 0.400000
102262 17.425 -73.258 -27.646 0.500000
102311 13.482 -61.307 -14.748 0.400000
102370 19.936 -66.438 -24.958 0.700000
102421 24.176 -68.071 -29.008 0.400000
102573 31.289 -72.327 -27.721 0.400000
102650 18.201 -71.392 -24.409 0.500000
102665 31.944 -81.039 -21.427 0.300000
102795 16.948 -61.450 -9.436 0.400000
102905 16.892 -58.806 -9.668 0.300000
103173 14.147 -61.103 -14.600 0.400000
103268 7.601 -61.341 -20.084 0.500000
103652 26.141 -73.582 -28.029 0.400000
103653 29.482 -80.619 -20.890 0.300000
103665 17.834 -64.782 -18.304 0.600000
103683 17.634 -74.465 -26.358 0.500000
103696 22.027 -72.635 -25.384 0.600000
103784 14.157 -60.493 -9.648 0.300000
103809 11.581 -59.900 -15.367 0.500000
103883 12.269 -60.751 -9.760 0.400000
103984 34.640 -72.672 -29.777 0.300000
104046 18.613 -68.541 -29.390 0.700000
104293 15.087 -62.459 -20.177 0.500000
104751 21.077 -69.572 -30.771 0.500000
104761 21.635 -65.699 -19.867 0.800000
105159 31.441 -76.404 -28.799 0.500000
105196 21.557 -65.550 -22.388 0.600000
105455 27.425 -72.537 -29.963 0.500000
105588 19.817 -64.966 -27.739 0.700000
105601 16.987 -66.114 -19.808 0.700000
105632 15.075 -55.204 -11.141 0.300000
106051 28.883 -70.916 -30.508 0.300000
106077 14.108 -57.917 -10.130 0.300000
106108 31.746 -70.069 -29.441 0.300000
106127 21.703 -65.441 -23.504 0.600000
106374 17.225 -66.813 -19.898 0.700000
106522 23.946 -65.931 -29.009 0.400000
107511 34.185 -78.566 -23.762 0.300000
107518 18.572 -63.068 -10.036 0.400000
107528 21.119 -65.876 -19.740 0.800000
107544 25.118 -69.697 -25.413 0.300000
107743 25.613 -67.116 -29.075 0.400000
107906 25.839 -67.514 -24.293 0.300000
107924 21.214 -64.846 -26.343 0.600000
108166 7.636 -58.879 -17.746 0.600000
108202 17.519 -65.301 -10.648 0.300000
108439 22.477 -70.076 -29.142 0.400000
108475 13.482 -61.833 -22.546 0.600000
108579 15.214 -63.878 -8.859 0.300000
108645 19.876 -66.425 -25.610 0.700000
108665 28.494 -75.725 -25.604 0.400000
108675 17.272 -74.022 -26.639 0.500000
108982 15.979 -61.660 -16.746 0.500000
