#!ascii label  , from subject OAS1_0001-3 vox2ras=TkReg 
233
9440 41.219 -69.365 -15.060 0.000000
9441 41.013 -69.321 -14.837 0.000000
10007 42.990 -68.506 -7.496 0.000000
10008 43.651 -68.232 -7.567 0.000000
10017 43.436 -68.491 -8.097 0.000000
10018 44.068 -68.025 -8.217 0.000000
10019 42.651 -68.650 -7.968 0.000000
10020 42.023 -68.526 -8.234 0.000000
10028 43.760 -68.267 -8.917 0.000000
10029 42.747 -68.457 -8.777 0.000000
10071 41.419 -68.851 -14.689 0.000000
10072 42.047 -68.318 -14.217 0.000000
10073 41.458 -68.209 -13.882 0.000000
10074 40.873 -68.687 -14.370 0.000000
10084 41.800 -68.606 -14.726 0.000000
10085 41.514 -69.036 -15.049 0.000000
10097 41.831 -68.469 -15.115 0.000000
10682 41.589 -67.434 -4.621 0.000000
10683 40.979 -67.519 -5.211 0.000000
10694 41.710 -67.883 -5.444 0.000000
10695 40.926 -67.724 -5.845 0.000000
10704 43.028 -68.012 -6.543 0.000000
10705 43.512 -67.987 -7.121 0.000000
10706 43.192 -67.726 -6.498 0.000000
10707 41.632 -68.051 -6.277 0.000000
10708 40.884 -67.742 -6.685 0.000000
10716 43.936 -67.736 -7.728 0.000000
10717 41.561 -68.150 -7.100 0.000000
10718 40.887 -67.648 -7.610 0.000000
10725 44.197 -67.344 -8.329 0.000000
10726 41.547 -68.102 -8.556 0.000000
10727 40.921 -67.543 -8.649 0.000000
10734 43.910 -68.161 -9.782 0.000000
10735 45.054 -66.671 -9.928 0.000000
10736 44.393 -67.411 -9.161 0.000000
10737 43.124 -68.384 -9.729 0.000000
10739 41.457 -67.866 -9.294 0.000000
10740 40.861 -67.239 -9.776 0.000000
10750 44.100 -67.756 -11.425 0.000000
10751 44.703 -66.835 -10.952 0.000000
10752 43.425 -68.236 -10.735 0.000000
10753 42.433 -68.269 -10.491 0.000000
10755 40.913 -67.165 -10.904 0.000000
10761 43.903 -67.789 -12.370 0.000000
10762 44.690 -67.154 -11.995 0.000000
10763 43.012 -67.927 -12.747 0.000000
10764 42.332 -67.903 -12.075 0.000000
10765 41.341 -67.413 -11.852 0.000000
10766 40.780 -67.099 -12.477 0.000000
10772 44.194 -67.030 -12.861 0.000000
10773 43.537 -67.678 -13.041 0.000000
10774 41.294 -67.622 -13.205 0.000000
10775 40.554 -67.209 -13.163 0.000000
10780 43.541 -67.296 -13.560 0.000000
10781 42.863 -67.859 -13.684 0.000000
10793 43.048 -67.517 -14.094 0.000000
10849 41.258 -67.676 -20.233 0.000000
11407 41.730 -66.879 -4.079 0.000000
11408 41.201 -66.259 -3.902 0.000000
11409 40.428 -66.011 -4.115 0.000000
11423 40.543 -66.932 -4.799 0.000000
11424 40.041 -66.184 -4.406 0.000000
11425 39.709 -66.419 -4.937 0.000000
11435 40.309 -67.067 -5.466 0.000000
11436 39.623 -66.475 -5.736 0.000000
11444 43.091 -67.170 -5.799 0.000000
11445 40.236 -67.132 -6.254 0.000000
11446 39.663 -66.390 -6.697 0.000000
11456 43.578 -67.478 -7.301 0.000000
11457 43.317 -66.547 -7.602 0.000000
11458 40.190 -67.081 -7.203 0.000000
11459 39.575 -66.312 -7.748 0.000000
11465 44.046 -67.017 -8.029 0.000000
11466 40.183 -66.916 -8.204 0.000000
11467 39.526 -66.134 -8.772 0.000000
11476 45.292 -66.063 -9.904 0.000000
11477 45.000 -66.399 -9.321 0.000000
11478 40.194 -66.680 -9.246 0.000000
11479 39.551 -65.914 -9.791 0.000000
11484 45.327 -65.995 -10.592 0.000000
11485 39.454 -65.922 -10.743 0.000000
11500 45.160 -66.071 -11.514 0.000000
11502 39.388 -66.058 -11.581 0.000000
11503 38.066 -65.745 -11.876 0.000000
11516 44.797 -66.093 -12.386 0.000000
11520 37.538 -66.014 -12.500 0.000000
11538 44.565 -65.932 -13.124 0.000000
11539 43.989 -66.173 -13.625 0.000000
11556 42.787 -66.987 -14.701 0.000000
11557 43.314 -65.794 -15.049 0.000000
11568 42.647 -66.279 -15.567 0.000000
11569 41.914 -66.697 -16.004 0.000000
11583 42.714 -65.841 -16.608 0.000000
11595 42.265 -66.285 -18.254 0.000000
11596 43.055 -65.728 -17.785 0.000000
12138 41.583 -65.814 -3.711 0.000000
12139 39.828 -65.495 -4.273 0.000000
12140 40.538 -65.630 -4.034 0.000000
12141 39.766 -65.135 -4.198 0.000000
12152 39.372 -65.522 -4.539 0.000000
12153 39.052 -64.932 -4.248 0.000000
12154 38.503 -64.880 -4.635 0.000000
12165 43.199 -66.201 -5.328 0.000000
12166 39.125 -65.669 -5.200 0.000000
12167 38.419 -65.203 -5.491 0.000000
12175 42.592 -66.012 -6.436 0.000000
12176 41.899 -64.987 -6.246 0.000000
12177 41.642 -65.157 -7.092 0.000000
12178 39.085 -65.767 -6.112 0.000000
12179 38.583 -65.176 -6.580 0.000000
12185 42.381 -65.907 -7.270 0.000000
12186 41.763 -65.076 -7.934 0.000000
12187 39.188 -65.633 -7.170 0.000000
12188 38.328 -64.718 -8.263 0.000000
12196 43.965 -66.152 -8.588 0.000000
12197 43.342 -65.279 -9.079 0.000000
12198 42.730 -65.667 -8.152 0.000000
12199 38.931 -65.507 -8.287 0.000000
12200 38.530 -64.895 -9.001 0.000000
12206 45.287 -65.359 -10.540 0.000000
12207 45.072 -65.784 -9.657 0.000000
12208 44.336 -65.554 -9.397 0.000000
12225 45.532 -65.228 -11.276 0.000000
12226 45.492 -64.500 -11.364 0.000000
12227 38.653 -65.614 -11.222 0.000000
12245 45.446 -65.198 -12.163 0.000000
12246 45.631 -64.349 -12.029 0.000000
12258 45.344 -65.250 -13.077 0.000000
12259 45.605 -64.127 -13.037 0.000000
12268 45.545 -64.355 -13.870 0.000000
12269 44.935 -65.167 -13.939 0.000000
12279 44.391 -64.927 -15.637 0.000000
12280 45.238 -64.561 -15.082 0.000000
12289 44.619 -64.771 -16.756 0.000000
12290 45.343 -64.362 -16.293 0.000000
12291 43.519 -65.409 -16.127 0.000000
12297 45.025 -64.745 -17.778 0.000000
12298 45.413 -64.336 -17.242 0.000000
12299 43.901 -65.310 -17.262 0.000000
12307 44.760 -64.690 -18.469 0.000000
12309 44.153 -65.256 -18.259 0.000000
12323 44.111 -65.194 -19.033 0.000000
12897 42.965 -64.813 -3.362 0.000000
12898 40.823 -65.110 -3.922 0.000000
12899 41.776 -64.626 -3.734 0.000000
12907 40.914 -64.056 -4.145 0.000000
12908 39.738 -64.747 -4.215 0.000000
12909 38.764 -64.548 -4.301 0.000000
12910 37.711 -64.238 -4.439 0.000000
12928 42.949 -64.899 -5.394 0.000000
12938 42.005 -64.114 -6.042 0.000000
12939 41.240 -64.406 -6.998 0.000000
12940 40.634 -63.656 -7.275 0.000000
12950 41.156 -64.366 -7.720 0.000000
12951 40.515 -63.772 -8.252 0.000000
12958 42.228 -64.858 -8.835 0.000000
12959 41.262 -64.366 -8.653 0.000000
12960 37.854 -64.447 -9.115 0.000000
12977 44.670 -65.071 -10.153 0.000000
12978 43.758 -64.836 -9.897 0.000000
12979 43.190 -64.116 -10.370 0.000000
12980 41.705 -64.225 -9.520 0.000000
12995 45.139 -64.443 -10.840 0.000000
12996 44.184 -64.268 -10.567 0.000000
13005 45.616 -63.783 -12.130 0.000000
13006 45.386 -63.870 -11.589 0.000000
13015 46.073 -63.189 -13.506 0.000000
13024 45.776 -63.825 -14.728 0.000000
13025 46.098 -63.207 -14.351 0.000000
13038 45.631 -64.040 -15.851 0.000000
13039 45.729 -63.481 -15.221 0.000000
13064 45.688 -64.051 -16.807 0.000000
13728 39.626 -63.836 -4.428 0.000000
13742 42.718 -63.678 -5.708 0.000000
13759 41.809 -63.299 -6.251 0.000000
13760 41.084 -63.016 -6.714 0.000000
13761 40.541 -62.676 -7.381 0.000000
13771 40.147 -63.185 -7.909 0.000000
13781 40.664 -63.605 -9.320 0.000000
13801 44.612 -63.696 -11.242 0.000000
13811 45.928 -63.038 -12.867 0.000000
13812 44.960 -63.225 -12.039 0.000000
13813 44.705 -62.454 -12.427 0.000000
13820 46.143 -62.688 -13.529 0.000000
13836 46.242 -62.808 -13.975 0.000000
13856 46.032 -62.855 -14.567 0.000000
14593 41.814 -62.177 -4.144 0.000000
14594 41.143 -61.618 -4.611 0.000000
14595 40.663 -62.780 -4.489 0.000000
14630 42.167 -61.802 -6.491 0.000000
14631 41.245 -62.186 -6.942 0.000000
14638 40.176 -62.308 -8.215 0.000000
14679 45.436 -62.653 -12.667 0.000000
14690 45.846 -62.293 -13.279 0.000000
14691 45.042 -61.698 -12.974 0.000000
14710 46.098 -62.342 -13.887 0.000000
15502 45.463 -61.737 -13.665 0.000000
89171 41.732 -67.646 -12.631 0.000000
89590 39.394 -62.851 -4.608 0.000000
90089 42.223 -67.891 -13.382 0.000000
91197 42.763 -64.560 -9.648 0.000000
93188 42.541 -62.706 -6.009 0.000000
93921 41.647 -63.116 -4.029 0.000000
94303 43.137 -66.889 -6.736 0.000000
95267 45.891 -63.607 -13.946 0.000000
95326 38.947 -65.420 -9.345 0.000000
95438 40.183 -66.512 -10.288 0.000000
95588 38.249 -64.503 -7.203 0.000000
96362 44.108 -65.449 -14.529 0.000000
96441 44.316 -67.585 -10.326 0.000000
96551 45.692 -63.575 -12.697 0.000000
98557 40.119 -63.152 -8.606 0.000000
98916 41.993 -65.258 -3.653 0.000000
99156 41.395 -63.853 -6.586 0.000000
99800 40.099 -66.453 -11.223 0.000000
99808 41.815 -67.960 -11.167 0.000000
100346 40.879 -66.636 -4.278 0.000000
100520 43.385 -66.552 -14.193 0.000000
100632 41.702 -62.584 -6.455 0.000000
100932 40.642 -66.844 -11.713 0.000000
101184 38.653 -65.137 -7.541 0.000000
101630 43.283 -68.177 -11.824 0.000000
102774 42.639 -68.257 -11.294 0.000000
105108 45.519 -63.403 -12.327 0.000000
105412 41.936 -68.258 -8.900 0.000000
105630 38.380 -64.393 -4.375 0.000000
105674 44.480 -66.681 -8.715 0.000000
105753 42.308 -64.014 -10.145 0.000000
107122 44.762 -66.092 -9.058 0.000000
107127 45.442 -64.439 -14.413 0.000000
107864 42.385 -67.821 -12.720 0.000000
107876 45.412 -64.315 -17.669 0.000000
107919 39.171 -64.916 -4.207 0.000000
