#!ascii label  , from subject OAS1_0001-3 vox2ras=TkReg 
1564
3690 31.069 -79.560 -2.865 0.100000
3691 30.850 -79.223 -2.201 0.100000
3692 30.258 -79.320 -2.744 0.100000
3693 30.026 -79.077 -2.400 0.100000
3694 29.569 -78.939 -2.852 0.100000
3700 31.966 -79.261 -3.239 0.100000
3701 32.755 -78.905 -3.885 0.100000
3702 32.686 -78.715 -3.405 0.100000
3703 31.536 -79.253 -3.521 0.100000
3704 29.237 -78.651 -3.031 0.100000
3709 32.346 -79.012 -3.840 0.100000
3710 33.083 -78.682 -4.318 0.100000
3711 32.261 -78.886 -4.051 0.100000
3712 30.541 -79.331 -3.228 0.100000
3713 29.797 -79.124 -3.029 0.100000
4282 31.675 -78.822 -2.144 0.100000
4285 29.467 -78.486 -2.560 0.100000
4286 28.990 -78.465 -2.937 0.100000
4296 33.549 -78.657 -4.189 0.100000
4299 32.580 -78.237 -2.599 0.100000
4300 28.566 -77.926 -3.009 0.100000
4304 33.849 -78.516 -4.711 0.100000
4305 34.166 -78.467 -4.659 0.100000
4306 32.341 -78.537 -4.216 0.100000
4307 31.134 -78.918 -3.781 0.100000
4308 29.909 -78.877 -3.305 0.100000
4309 29.161 -78.005 -3.339 0.100000
4312 33.407 -78.421 -4.645 0.100000
4824 32.018 -78.067 -1.911 0.100000
4842 28.012 -77.030 -2.891 0.100000
4843 28.186 -77.041 -3.201 0.100000
4850 34.773 -78.063 -5.069 0.100000
4853 32.599 -77.561 -4.403 0.100000
4854 31.294 -77.979 -3.963 0.100000
4855 30.149 -77.304 -3.796 0.100000
4856 29.151 -76.739 -3.625 0.100000
4858 34.946 -77.749 -5.944 0.100000
4859 35.716 -76.730 -5.605 0.100000
4860 34.242 -78.259 -5.082 0.100000
4861 33.666 -78.087 -5.102 0.100000
4865 35.378 -77.742 -6.569 0.100000
5375 32.560 -75.701 -4.082 0.100000
5376 31.383 -76.471 -3.777 0.100000
5377 30.342 -75.949 -3.627 0.100000
5378 28.461 -76.146 -3.702 0.100000
5379 27.900 -76.155 -3.427 0.100000
5380 28.143 -75.682 -4.063 0.100000
5386 36.108 -76.820 -6.516 0.100000
5387 36.765 -74.907 -6.055 0.100000
5389 34.721 -77.449 -6.348 0.100000
5390 34.285 -77.609 -5.517 0.100000
5391 33.394 -77.000 -4.772 0.100000
5396 36.568 -76.507 -7.294 0.100000
5397 35.759 -77.376 -7.307 0.100000
5398 35.498 -77.402 -6.510 0.100000
5402 36.006 -77.135 -7.853 0.100000
5403 36.486 -76.753 -7.979 0.100000
5404 35.881 -76.678 -8.213 0.100000
5405 35.466 -77.198 -7.442 0.100000
5411 36.320 -76.597 -8.384 0.100000
5902 32.138 -74.246 -3.938 0.100000
5903 31.317 -75.050 -3.673 0.100000
5904 30.305 -74.999 -3.786 0.100000
5905 29.049 -75.357 -4.259 0.100000
5906 30.115 -74.300 -4.231 0.100000
5916 34.411 -75.844 -5.958 0.100000
5917 33.777 -74.699 -4.957 0.100000
5918 33.054 -74.702 -4.327 0.100000
5919 29.317 -74.652 -4.658 0.100000
5920 28.348 -75.081 -4.709 0.100000
5929 37.217 -75.553 -7.574 0.100000
5941 37.125 -75.990 -8.566 0.100000
5942 37.849 -74.817 -7.927 0.100000
5943 35.700 -74.857 -8.052 0.100000
5944 35.360 -75.819 -7.563 0.100000
5957 37.285 -75.402 -9.305 0.100000
5958 37.996 -74.978 -8.914 0.100000
5959 36.657 -76.028 -8.837 0.100000
5960 36.383 -76.128 -8.773 0.100000
5972 38.604 -74.123 -10.107 0.100000
5973 38.082 -74.693 -9.797 0.100000
5974 37.517 -74.665 -10.145 0.100000
5975 36.962 -75.447 -9.425 0.100000
5986 38.205 -74.501 -10.722 0.100000
6529 31.041 -73.996 -3.776 0.100000
6537 33.390 -73.345 -5.058 0.100000
6538 32.872 -73.716 -4.427 0.100000
6539 31.801 -73.175 -4.325 0.100000
6540 30.708 -73.296 -4.385 0.100000
6541 29.116 -74.450 -5.157 0.100000
6542 30.353 -72.775 -4.897 0.100000
6549 34.431 -73.610 -6.199 0.100000
6550 34.245 -74.121 -5.565 0.100000
6551 29.722 -73.264 -5.436 0.100000
6552 29.025 -74.305 -5.715 0.100000
6562 34.844 -74.188 -7.128 0.100000
6569 38.420 -73.953 -8.133 0.100000
6576 38.542 -74.140 -9.216 0.100000
6577 37.426 -74.671 -10.334 0.100000
6578 36.127 -73.582 -9.334 0.100000
6586 38.556 -74.146 -10.927 0.100000
6587 37.909 -74.575 -11.185 0.100000
6588 37.603 -74.479 -11.361 0.100000
6589 36.729 -73.805 -10.334 0.100000
6594 38.342 -74.409 -11.572 0.100000
6595 38.035 -74.576 -12.049 0.100000
6596 37.406 -74.341 -12.359 0.100000
6600 38.365 -74.322 -12.220 0.100000
6601 37.435 -74.202 -12.980 0.100000
6607 38.066 -74.194 -12.758 0.100000
6642 33.906 -74.481 -17.621 0.100000
6643 34.265 -74.344 -17.264 0.100000
6644 33.319 -74.313 -17.473 0.100000
6659 33.484 -74.325 -17.905 0.100000
6671 34.152 -74.421 -18.209 0.100000
7233 32.588 -72.896 -4.741 0.100000
7234 31.218 -72.454 -4.723 0.100000
7241 33.773 -72.920 -5.671 0.100000
7242 33.439 -72.108 -6.038 0.100000
7243 32.823 -72.319 -5.308 0.100000
7244 31.740 -71.757 -5.261 0.100000
7245 30.612 -72.012 -5.223 0.100000
7246 29.888 -72.244 -5.569 0.100000
7255 34.424 -73.016 -6.716 0.100000
7256 33.924 -72.307 -6.759 0.100000
7265 34.575 -72.202 -8.266 0.100000
7266 34.794 -72.969 -7.493 0.100000
7274 38.763 -73.426 -9.520 0.100000
7275 35.091 -72.595 -9.145 0.100000
7281 38.770 -73.608 -10.473 0.100000
7282 38.635 -73.139 -11.015 0.100000
7283 36.128 -72.746 -10.675 0.100000
7284 35.078 -71.938 -9.998 0.100000
7291 38.714 -73.993 -11.514 0.100000
7292 38.585 -73.713 -12.091 0.100000
7293 36.376 -73.344 -11.812 0.100000
7306 36.561 -74.133 -13.021 0.100000
7307 35.668 -73.080 -12.396 0.100000
7308 35.005 -72.676 -12.769 0.100000
7323 36.522 -73.821 -13.670 0.100000
7324 37.273 -73.854 -13.417 0.100000
7325 35.639 -73.812 -13.617 0.100000
7326 34.815 -73.330 -13.678 0.100000
7343 36.236 -73.847 -14.050 0.100000
7344 35.273 -73.779 -14.388 0.100000
7345 34.752 -73.598 -14.547 0.100000
7346 34.429 -73.297 -14.293 0.100000
7347 33.991 -73.367 -15.132 0.100000
7359 34.470 -73.439 -14.970 0.100000
7360 34.100 -73.396 -16.094 0.100000
7361 34.179 -73.453 -15.928 0.100000
7376 33.608 -74.316 -17.042 0.100000
7377 34.049 -73.893 -16.556 0.100000
7378 33.394 -73.906 -16.632 0.100000
7379 33.273 -73.352 -15.985 0.100000
7380 32.910 -73.376 -16.526 0.100000
7391 32.959 -74.091 -17.042 0.100000
7392 32.774 -72.988 -17.126 0.100000
7405 35.105 -74.222 -17.571 0.100000
7406 33.002 -73.748 -17.697 0.100000
7420 34.688 -73.670 -18.744 0.100000
7421 33.505 -73.900 -18.237 0.100000
8005 32.662 -71.463 -5.854 0.100000
8006 31.789 -70.950 -5.856 0.100000
8007 30.159 -71.487 -5.745 0.100000
8019 33.280 -71.541 -6.639 0.100000
8020 32.526 -70.893 -6.554 0.100000
8021 31.721 -70.502 -6.530 0.100000
8022 30.750 -70.703 -6.140 0.100000
8023 29.728 -71.063 -6.307 0.100000
8032 33.907 -71.830 -7.429 0.100000
8033 33.769 -71.310 -8.206 0.100000
8034 33.150 -71.040 -7.389 0.100000
8041 38.333 -72.741 -8.971 0.100000
8043 34.353 -71.626 -9.079 0.100000
8044 33.685 -70.841 -9.023 0.100000
8056 37.964 -72.079 -10.366 0.100000
8057 37.404 -71.059 -10.735 0.100000
8058 34.132 -71.186 -9.962 0.100000
8059 33.576 -70.730 -10.545 0.100000
8074 38.184 -72.386 -11.536 0.100000
8075 37.593 -71.495 -11.901 0.100000
8076 35.375 -72.131 -11.129 0.100000
8077 34.395 -71.375 -11.064 0.100000
8078 33.764 -70.881 -11.556 0.100000
8089 37.967 -73.130 -12.576 0.100000
8090 37.175 -72.002 -12.919 0.100000
8091 34.376 -71.697 -12.098 0.100000
8092 33.824 -71.434 -12.667 0.100000
8101 36.622 -72.902 -13.671 0.100000
8102 34.302 -72.481 -13.473 0.100000
8109 35.918 -72.942 -14.351 0.100000
8110 33.612 -72.369 -14.611 0.100000
8111 33.162 -71.280 -14.063 0.100000
8112 32.757 -71.443 -14.815 0.100000
8121 34.524 -72.480 -15.646 0.100000
8122 33.051 -72.637 -15.399 0.100000
8123 32.237 -71.636 -15.613 0.100000
8133 34.621 -72.391 -16.465 0.100000
8134 32.585 -72.591 -16.072 0.100000
8135 31.847 -71.496 -16.414 0.100000
8151 34.741 -72.541 -16.919 0.100000
8152 35.296 -71.835 -17.147 0.100000
8153 35.044 -71.151 -16.642 0.100000
8154 32.248 -71.704 -17.125 0.100000
8161 37.286 -71.632 -17.358 0.100000
8162 36.120 -72.305 -17.445 0.100000
8163 33.060 -71.619 -17.971 0.100000
8164 32.780 -72.420 -17.599 0.100000
8168 35.528 -72.804 -19.278 0.100000
8169 36.471 -72.063 -19.544 0.100000
8170 34.649 -72.267 -18.808 0.100000
8171 33.791 -71.878 -18.407 0.100000
8686 32.239 -70.352 -7.391 0.100000
8687 30.125 -70.270 -6.785 0.100000
8697 33.061 -70.611 -8.225 0.100000
8698 32.327 -70.046 -8.410 0.100000
8699 31.414 -69.857 -7.837 0.100000
8700 29.710 -70.025 -7.571 0.100000
8714 33.047 -70.252 -9.096 0.100000
8715 32.399 -69.761 -9.257 0.100000
8716 31.615 -69.512 -8.656 0.100000
8730 32.894 -70.217 -10.037 0.100000
8731 32.450 -69.818 -10.649 0.100000
8738 37.001 -70.558 -11.266 0.100000
8739 33.081 -70.317 -11.024 0.100000
8740 32.584 -69.906 -11.509 0.100000
8750 36.488 -70.740 -12.681 0.100000
8751 36.873 -70.678 -11.999 0.100000
8752 35.983 -70.043 -12.018 0.100000
8753 33.174 -70.483 -12.003 0.100000
8754 32.609 -70.093 -12.292 0.100000
8763 36.261 -71.507 -13.510 0.100000
8764 35.571 -70.071 -12.982 0.100000
8765 32.989 -70.779 -13.075 0.100000
8775 35.131 -72.847 -15.022 0.100000
8776 35.223 -71.029 -14.247 0.100000
8777 34.612 -69.859 -14.588 0.100000
8778 32.328 -70.466 -14.053 0.100000
8779 32.146 -69.964 -12.944 0.100000
8780 31.432 -69.979 -14.644 0.100000
8788 31.915 -70.733 -15.111 0.100000
8789 31.184 -70.294 -15.560 0.100000
8797 34.638 -70.467 -15.284 0.100000
8798 31.232 -70.500 -16.267 0.100000
8806 36.757 -70.310 -16.808 0.100000
8807 35.906 -71.060 -17.127 0.100000
8808 35.705 -70.136 -16.505 0.100000
8809 35.144 -70.179 -16.055 0.100000
8810 31.591 -70.638 -16.830 0.100000
8816 32.882 -70.514 -17.723 0.100000
8821 34.558 -70.911 -18.502 0.100000
8822 33.662 -70.683 -18.177 0.100000
9350 30.531 -69.444 -8.149 0.100000
9351 29.599 -69.538 -8.232 0.100000
9361 31.736 -69.303 -9.489 0.100000
9362 30.875 -69.036 -8.997 0.100000
9363 29.905 -68.976 -8.748 0.100000
9364 29.008 -69.473 -8.820 0.100000
9371 35.835 -69.593 -10.269 0.100000
9372 31.799 -69.332 -10.297 0.100000
9373 31.021 -68.884 -9.847 0.100000
9374 30.176 -68.670 -10.280 0.100000
9375 29.473 -68.859 -9.519 0.100000
9377 29.174 -68.777 -10.379 0.100000
9382 36.236 -69.900 -11.181 0.100000
9383 35.501 -69.310 -11.520 0.100000
9384 31.899 -69.460 -11.152 0.100000
9385 31.176 -68.958 -10.758 0.100000
9386 30.540 -68.774 -11.273 0.100000
9387 28.409 -69.222 -10.679 0.100000
9389 28.138 -69.059 -11.512 0.100000
9397 35.385 -69.351 -12.229 0.100000
9398 32.109 -69.451 -12.047 0.100000
9399 31.393 -68.975 -11.695 0.100000
9400 30.695 -68.751 -12.175 0.100000
9410 34.718 -69.417 -13.672 0.100000
9411 34.824 -68.992 -12.785 0.100000
9412 34.498 -68.362 -13.231 0.100000
9413 30.593 -68.913 -13.144 0.100000
9425 34.518 -68.731 -14.143 0.100000
9426 30.863 -69.273 -14.135 0.100000
9427 30.170 -69.021 -14.743 0.100000
9441 41.013 -69.321 -14.837 0.100000
9442 34.616 -69.074 -14.915 0.100000
9443 30.674 -69.660 -15.187 0.100000
9444 30.239 -69.185 -15.558 0.100000
9458 34.892 -69.733 -15.516 0.100000
9459 35.470 -69.387 -15.971 0.100000
9460 35.141 -68.801 -15.438 0.100000
9461 30.668 -69.875 -15.970 0.100000
9462 30.435 -69.233 -16.082 0.100000
9473 38.675 -70.137 -16.326 0.100000
9474 37.441 -69.637 -16.449 0.100000
9475 36.337 -69.350 -16.363 0.100000
9476 30.979 -69.763 -16.506 0.100000
9488 33.611 -69.568 -17.853 0.100000
9489 33.634 -68.519 -17.849 0.100000
9490 32.674 -69.323 -17.478 0.100000
9491 31.265 -68.792 -16.785 0.100000
9508 35.306 -68.797 -18.488 0.100000
9999 42.643 -68.279 -6.911 0.400000
10000 42.061 -68.279 -6.752 0.400000
10007 42.990 -68.506 -7.496 0.400000
10008 43.651 -68.232 -7.567 0.400000
10009 42.162 -68.516 -7.481 0.400000
10017 43.436 -68.491 -8.097 0.400000
10018 44.068 -68.025 -8.217 0.400000
10019 42.651 -68.650 -7.968 0.300000
10020 42.023 -68.526 -8.234 0.300000
10028 43.760 -68.267 -8.917 0.400000
10029 42.747 -68.457 -8.777 0.400000
10041 34.346 -68.003 -11.397 0.100000
10042 29.719 -68.721 -10.975 0.100000
10043 28.976 -68.660 -11.305 0.100000
10051 34.800 -68.621 -11.994 0.100000
10052 34.351 -67.875 -12.369 0.100000
10053 29.859 -68.722 -11.712 0.100000
10054 28.637 -68.622 -12.093 0.100000
10062 34.393 -67.666 -13.043 0.100000
10063 29.762 -68.598 -13.332 0.100000
10064 29.191 -68.503 -12.701 0.100000
10065 28.457 -68.583 -12.810 0.100000
10071 41.419 -68.851 -14.689 0.100000
10072 42.047 -68.318 -14.217 0.200000
10073 41.458 -68.209 -13.882 0.100000
10074 40.873 -68.687 -14.370 0.100000
10075 34.498 -67.972 -13.712 0.100000
10076 29.489 -68.568 -14.210 0.100000
10077 28.742 -68.413 -14.007 0.100000
10084 41.800 -68.606 -14.726 0.200000
10085 41.514 -69.036 -15.049 0.100000
10087 34.671 -68.244 -14.461 0.100000
10088 29.611 -68.587 -15.129 0.100000
10089 28.796 -68.258 -14.742 0.100000
10097 41.831 -68.469 -15.115 0.100000
10098 41.494 -68.834 -15.430 0.100000
10100 38.449 -68.709 -15.654 0.100000
10101 38.029 -69.082 -16.117 0.100000
10102 36.469 -68.031 -15.687 0.100000
10103 35.944 -68.612 -15.926 0.100000
10104 35.490 -68.083 -15.404 0.100000
10105 34.871 -68.331 -15.021 0.100000
10106 29.827 -68.510 -15.889 0.100000
10107 29.037 -68.118 -15.514 0.100000
10118 30.024 -68.032 -16.487 0.100000
10119 29.100 -67.704 -16.289 0.100000
10127 34.407 -68.124 -18.350 0.100000
10128 33.622 -67.640 -18.290 0.100000
10129 32.907 -68.015 -17.667 0.100000
10131 30.775 -67.943 -16.798 0.100000
10679 42.463 -67.738 -4.907 0.400000
10680 43.157 -67.012 -4.359 0.500000
10681 42.511 -67.184 -4.170 0.400000
10682 41.589 -67.434 -4.621 0.500000
10683 40.979 -67.519 -5.211 0.400000
10692 42.358 -67.990 -6.037 0.400000
10693 42.880 -67.557 -5.525 0.400000
10694 41.710 -67.883 -5.444 0.400000
10695 40.926 -67.724 -5.845 0.300000
10704 43.028 -68.012 -6.543 0.500000
10705 43.512 -67.987 -7.121 0.500000
10706 43.192 -67.726 -6.498 0.500000
10707 41.632 -68.051 -6.277 0.300000
10708 40.884 -67.742 -6.685 0.200000
10716 43.936 -67.736 -7.728 0.400000
10717 41.561 -68.150 -7.100 0.200000
10718 40.887 -67.648 -7.610 0.200000
10725 44.197 -67.344 -8.329 0.400000
10726 41.547 -68.102 -8.556 0.200000
10727 40.921 -67.543 -8.649 0.200000
10734 43.910 -68.161 -9.782 0.300000
10735 45.054 -66.671 -9.928 0.200000
10736 44.393 -67.411 -9.161 0.300000
10737 43.124 -68.384 -9.729 0.300000
10738 42.192 -68.218 -9.593 0.300000
10739 41.457 -67.866 -9.294 0.200000
10740 40.861 -67.239 -9.776 0.200000
10750 44.100 -67.756 -11.425 0.200000
10751 44.703 -66.835 -10.952 0.200000
10752 43.425 -68.236 -10.735 0.400000
10753 42.433 -68.269 -10.491 0.300000
10754 41.575 -67.808 -10.217 0.200000
10755 40.913 -67.165 -10.904 0.200000
10761 43.903 -67.789 -12.370 0.200000
10762 44.690 -67.154 -11.995 0.300000
10763 43.012 -67.927 -12.747 0.200000
10764 42.332 -67.903 -12.075 0.400000
10765 41.341 -67.413 -11.852 0.200000
10766 40.780 -67.099 -12.477 0.100000
10772 44.194 -67.030 -12.861 0.300000
10773 43.537 -67.678 -13.041 0.200000
10774 41.294 -67.622 -13.205 0.200000
10776 34.218 -67.039 -12.513 0.100000
10780 43.541 -67.296 -13.560 0.300000
10781 42.863 -67.859 -13.684 0.200000
10784 38.843 -67.447 -14.507 0.100000
10787 34.872 -67.615 -14.042 0.100000
10788 35.592 -67.246 -14.367 0.100000
10789 35.227 -66.903 -13.631 0.100000
10793 43.048 -67.517 -14.094 0.200000
10794 42.331 -67.998 -14.501 0.200000
10795 39.374 -68.214 -14.845 0.100000
10796 38.342 -67.901 -15.253 0.100000
10799 36.636 -67.095 -14.582 0.100000
10800 35.983 -67.504 -15.145 0.100000
10801 35.105 -67.776 -14.807 0.100000
10805 42.221 -67.511 -15.182 0.200000
11404 43.189 -66.579 -3.849 0.500000
11405 43.619 -66.030 -3.496 0.500000
11406 42.435 -66.432 -3.768 0.500000
11407 41.730 -66.879 -4.079 0.500000
11408 41.201 -66.259 -3.902 0.500000
11409 40.428 -66.011 -4.115 0.500000
11422 43.633 -66.169 -3.654 0.500000
11423 40.543 -66.932 -4.799 0.500000
11424 40.041 -66.184 -4.406 0.500000
11425 39.709 -66.419 -4.937 0.500000
11433 43.571 -66.458 -4.186 0.500000
11434 43.290 -67.136 -4.868 0.500000
11435 40.309 -67.067 -5.466 0.500000
11436 39.623 -66.475 -5.736 0.300000
11444 43.091 -67.170 -5.799 0.500000
11445 40.236 -67.132 -6.254 0.300000
11446 39.663 -66.390 -6.697 0.300000
11456 43.578 -67.478 -7.301 0.500000
11457 43.317 -66.547 -7.602 0.500000
11458 40.190 -67.081 -7.203 0.300000
11459 39.575 -66.312 -7.748 0.200000
11465 44.046 -67.017 -8.029 0.400000
11466 40.183 -66.916 -8.204 0.200000
11467 39.526 -66.134 -8.772 0.100000
11476 45.292 -66.063 -9.904 0.400000
11477 45.000 -66.399 -9.321 0.300000
11478 40.194 -66.680 -9.246 0.200000
11479 39.551 -65.914 -9.791 0.100000
11484 45.327 -65.995 -10.592 0.300000
11485 39.454 -65.922 -10.743 0.200000
11500 45.160 -66.071 -11.514 0.400000
11501 40.070 -66.437 -12.045 0.200000
11502 39.388 -66.058 -11.581 0.100000
11503 38.066 -65.745 -11.876 0.100000
11504 34.493 -66.216 -12.217 0.100000
11516 44.797 -66.093 -12.386 0.300000
11517 39.957 -66.694 -12.804 0.100000
11520 37.538 -66.014 -12.500 0.100000
11521 36.898 -66.298 -13.176 0.100000
11522 36.612 -65.855 -12.526 0.100000
11523 35.847 -66.281 -13.142 0.100000
11524 35.614 -65.824 -12.479 0.100000
11525 34.875 -66.444 -12.862 0.100000
11526 34.962 -65.880 -12.312 0.100000
11538 44.565 -65.932 -13.124 0.300000
11539 43.989 -66.173 -13.625 0.300000
11540 37.273 -66.662 -13.906 0.100000
11541 36.196 -66.686 -13.839 0.100000
11556 42.787 -66.987 -14.701 0.100000
11557 43.314 -65.794 -15.049 0.200000
11568 42.647 -66.279 -15.567 0.200000
11583 42.714 -65.841 -16.608 0.100000
11610 43.236 -65.703 -18.780 0.100000
11677 31.286 -65.811 -23.679 0.100000
12135 43.937 -65.819 -3.300 0.500000
12136 43.863 -65.543 -3.211 0.500000
12137 42.863 -65.740 -3.490 0.500000
12138 41.583 -65.814 -3.711 0.500000
12139 39.828 -65.495 -4.273 0.500000
12140 40.538 -65.630 -4.034 0.500000
12141 39.766 -65.135 -4.198 0.500000
12151 44.076 -65.846 -3.569 0.500000
12152 39.372 -65.522 -4.539 0.400000
12153 39.052 -64.932 -4.248 0.400000
12154 38.503 -64.880 -4.635 0.300000
12156 31.942 -65.302 -4.702 0.100000
12164 43.976 -65.690 -4.448 0.600000
12165 43.199 -66.201 -5.328 0.500000
12166 39.125 -65.669 -5.200 0.400000
12167 38.419 -65.203 -5.491 0.300000
12169 32.184 -64.947 -5.396 0.100000
12175 42.592 -66.012 -6.436 0.500000
12176 41.899 -64.987 -6.246 0.500000
12177 41.642 -65.157 -7.092 0.500000
12178 39.085 -65.767 -6.112 0.300000
12179 38.583 -65.176 -6.580 0.200000
12185 42.381 -65.907 -7.270 0.500000
12186 41.763 -65.076 -7.934 0.500000
12187 39.188 -65.633 -7.170 0.100000
12196 43.965 -66.152 -8.588 0.500000
12197 43.342 -65.279 -9.079 0.400000
12198 42.730 -65.667 -8.152 0.500000
12199 38.931 -65.507 -8.287 0.100000
12200 38.530 -64.895 -9.001 0.100000
12206 45.287 -65.359 -10.540 0.500000
12207 45.072 -65.784 -9.657 0.500000
12208 44.336 -65.554 -9.397 0.500000
12209 38.752 -65.401 -10.325 0.100000
12210 38.255 -64.938 -9.744 0.100000
12225 45.532 -65.228 -11.276 0.400000
12226 45.492 -64.500 -11.364 0.400000
12227 38.653 -65.614 -11.222 0.200000
12230 36.884 -65.162 -11.273 0.100000
12245 45.446 -65.198 -12.163 0.400000
12246 45.631 -64.349 -12.029 0.400000
12247 37.230 -65.567 -11.883 0.100000
12248 36.303 -65.416 -11.896 0.100000
12258 45.344 -65.250 -13.077 0.400000
12259 45.605 -64.127 -13.037 0.400000
12268 45.545 -64.355 -13.870 0.400000
12269 44.935 -65.167 -13.939 0.200000
12279 44.391 -64.927 -15.637 0.200000
12280 45.238 -64.561 -15.082 0.400000
12289 44.619 -64.771 -16.756 0.100000
12290 45.343 -64.362 -16.293 0.300000
12291 43.519 -65.409 -16.127 0.100000
12297 45.025 -64.745 -17.778 0.300000
12298 45.413 -64.336 -17.242 0.300000
12299 43.901 -65.310 -17.262 0.100000
12307 44.760 -64.690 -18.469 0.300000
12308 45.367 -64.221 -18.089 0.200000
12309 44.153 -65.256 -18.259 0.200000
12321 44.381 -64.500 -18.995 0.200000
12322 44.886 -64.144 -18.665 0.200000
12323 44.111 -65.194 -19.033 0.300000
12333 44.192 -64.083 -19.379 0.200000
12334 44.041 -64.810 -19.703 0.200000
12335 43.744 -63.868 -20.485 0.200000
12345 43.086 -65.005 -21.217 0.100000
12346 43.520 -64.295 -20.955 0.200000
12353 43.340 -64.224 -21.854 0.200000
12354 41.928 -65.353 -21.941 0.100000
12355 43.065 -64.085 -22.674 0.200000
12370 42.170 -64.750 -22.785 0.100000
12893 44.131 -65.168 -3.371 0.500000
12894 44.609 -64.083 -3.892 0.500000
12895 44.385 -63.916 -3.620 0.500000
12896 43.953 -64.608 -3.210 0.500000
12897 42.965 -64.813 -3.362 0.500000
12898 40.823 -65.110 -3.922 0.500000
12899 41.776 -64.626 -3.734 0.500000
12906 44.456 -65.072 -3.976 0.500000
12907 40.914 -64.056 -4.145 0.500000
12908 39.738 -64.747 -4.215 0.500000
12909 38.764 -64.548 -4.301 0.400000
12910 37.711 -64.238 -4.439 0.400000
12911 37.168 -64.096 -4.561 0.200000
12913 32.139 -64.166 -5.134 0.100000
12914 32.127 -63.923 -4.429 0.100000
12926 44.506 -64.104 -4.398 0.500000
12927 43.820 -64.027 -5.043 0.500000
12928 42.949 -64.899 -5.394 0.500000
12929 37.721 -64.637 -4.954 0.300000
12930 37.284 -64.226 -5.373 0.200000
12931 32.471 -64.140 -5.829 0.100000
12938 42.005 -64.114 -6.042 0.400000
12939 41.240 -64.406 -6.998 0.500000
12940 40.634 -63.656 -7.275 0.400000
12941 37.977 -64.650 -5.958 0.300000
12943 32.913 -64.102 -6.641 0.100000
12950 41.156 -64.366 -7.720 0.400000
12951 40.515 -63.772 -8.252 0.500000
12958 42.228 -64.858 -8.835 0.500000
12959 41.262 -64.366 -8.653 0.500000
12960 37.854 -64.447 -9.115 0.100000
12977 44.670 -65.071 -10.153 0.400000
12978 43.758 -64.836 -9.897 0.400000
12979 43.190 -64.116 -10.370 0.400000
12980 41.705 -64.225 -9.520 0.500000
12981 37.279 -64.677 -9.986 0.100000
12995 45.139 -64.443 -10.840 0.400000
12996 44.184 -64.268 -10.567 0.400000
13005 45.616 -63.783 -12.130 0.400000
13006 45.386 -63.870 -11.589 0.400000
13015 46.073 -63.189 -13.506 0.400000
13024 45.776 -63.825 -14.728 0.300000
13025 46.098 -63.207 -14.351 0.300000
13026 38.125 -64.368 -14.199 0.200000
13027 38.074 -63.730 -13.537 0.200000
13028 37.397 -64.473 -14.570 0.200000
13029 37.314 -63.851 -13.559 0.200000
13030 36.776 -64.233 -14.060 0.200000
13038 45.631 -64.040 -15.851 0.300000
13039 45.729 -63.481 -15.221 0.300000
13040 42.589 -63.793 -15.269 0.100000
13041 43.463 -63.311 -14.994 0.200000
13042 41.726 -64.328 -15.332 0.100000
13043 41.191 -64.204 -14.605 0.100000
13044 40.843 -64.773 -15.364 0.100000
13045 39.684 -64.318 -14.285 0.200000
13046 38.813 -64.651 -14.676 0.200000
13047 38.901 -63.989 -13.872 0.200000
13048 37.975 -64.709 -15.015 0.200000
13049 37.314 -64.597 -15.314 0.200000
13050 36.644 -64.485 -15.090 0.200000
13051 36.066 -64.259 -14.630 0.200000
13052 34.953 -64.165 -15.460 0.300000
13053 35.306 -64.140 -14.701 0.200000
13054 34.423 -64.005 -14.780 0.300000
13064 45.688 -64.051 -16.807 0.300000
13065 45.553 -63.758 -16.221 0.300000
13066 42.437 -64.199 -16.116 0.100000
13067 43.491 -63.618 -15.848 0.100000
13069 39.075 -65.013 -16.420 0.100000
13070 37.721 -64.710 -15.920 0.200000
13071 36.869 -64.525 -16.046 0.200000
13072 35.810 -64.334 -15.451 0.200000
13073 35.305 -64.260 -16.226 0.300000
13074 34.444 -64.217 -16.120 0.300000
13075 34.184 -64.148 -15.420 0.300000
13076 33.570 -64.005 -15.827 0.300000
13082 45.552 -64.053 -17.468 0.400000
13083 45.590 -63.767 -17.067 0.400000
13084 42.456 -64.207 -17.127 0.100000
13085 43.513 -63.722 -16.949 0.100000
13086 41.369 -64.553 -17.151 0.100000
13088 38.831 -64.670 -17.208 0.100000
13089 38.060 -64.365 -17.385 0.100000
13090 36.517 -64.435 -17.077 0.200000
13091 35.641 -64.416 -17.026 0.200000
13092 34.811 -64.149 -16.948 0.300000
13093 33.716 -64.055 -16.815 0.300000
13099 45.409 -63.763 -17.705 0.200000
13100 42.086 -63.969 -18.023 0.100000
13101 43.239 -63.704 -17.924 0.100000
13102 41.042 -64.255 -18.180 0.100000
13104 38.711 -63.983 -17.840 0.100000
13105 37.262 -64.104 -17.576 0.200000
13106 35.951 -64.161 -17.558 0.200000
13107 35.266 -64.049 -17.686 0.200000
13125 44.993 -63.805 -18.505 0.200000
13126 42.830 -63.624 -18.707 0.100000
13127 41.735 -63.608 -18.770 0.100000
13128 40.712 -63.679 -18.840 0.100000
13140 43.854 -63.728 -19.956 0.200000
13153 43.455 -63.740 -21.431 0.200000
13160 43.252 -63.511 -22.317 0.200000
13170 42.574 -63.818 -23.298 0.200000
13171 43.015 -63.168 -23.062 0.200000
13172 31.881 -64.838 -23.013 0.100000
13181 42.591 -63.070 -23.641 0.200000
13183 42.344 -63.103 -24.302 0.200000
13202 42.212 -63.170 -25.147 0.200000
13215 41.930 -63.267 -26.121 0.100000
13217 41.602 -63.435 -26.863 0.100000
13711 45.140 -63.208 -3.877 0.500000
13712 44.767 -63.169 -3.625 0.500000
13713 44.152 -63.701 -3.382 0.500000
13714 43.416 -63.807 -3.338 0.500000
13715 42.238 -63.856 -3.663 0.500000
13717 32.532 -63.249 -4.133 0.100000
13727 45.091 -63.271 -4.181 0.500000
13728 39.626 -63.836 -4.428 0.400000
13729 38.484 -63.751 -4.336 0.300000
13730 37.792 -64.051 -4.310 0.200000
13731 36.773 -63.609 -4.432 0.100000
13732 36.754 -63.308 -4.356 0.100000
13733 36.184 -63.126 -4.436 0.100000
13734 32.596 -63.496 -5.135 0.100000
13741 44.802 -63.336 -4.705 0.500000
13742 42.718 -63.678 -5.708 0.500000
13743 36.761 -63.931 -4.880 0.100000
13744 36.219 -63.447 -5.119 0.100000
13745 36.064 -63.240 -4.556 0.100000
13746 35.479 -62.999 -5.391 0.100000
13747 33.005 -63.514 -6.032 0.100000
13748 33.571 -63.156 -6.045 0.100000
13749 33.314 -63.131 -5.372 0.100000
13759 41.809 -63.299 -6.251 0.400000
13760 41.084 -63.016 -6.714 0.400000
13761 40.541 -62.676 -7.381 0.400000
13762 36.827 -63.488 -6.143 0.100000
13763 35.987 -63.012 -6.361 0.100000
13764 35.164 -62.817 -6.692 0.100000
13765 33.574 -63.443 -6.766 0.100000
13766 34.383 -63.002 -6.911 0.100000
13767 34.039 -62.993 -6.308 0.100000
13771 40.147 -63.185 -7.909 0.500000
13774 34.088 -63.654 -7.554 0.100000
13781 40.664 -63.605 -9.320 0.500000
13782 40.022 -62.516 -9.385 0.500000
13788 41.476 -63.564 -10.176 0.500000
13789 40.624 -62.874 -10.185 0.500000
13801 44.612 -63.696 -11.242 0.400000
13802 43.660 -63.496 -11.011 0.400000
13803 42.477 -63.362 -10.821 0.500000
13804 41.422 -62.833 -10.861 0.500000
13811 45.928 -63.038 -12.867 0.400000
13812 44.960 -63.225 -12.039 0.400000
13813 44.705 -62.454 -12.427 0.400000
13814 43.110 -62.815 -11.701 0.500000
13820 46.143 -62.688 -13.529 0.400000
13821 36.668 -63.593 -13.387 0.200000
13822 37.454 -63.271 -13.184 0.300000
13823 36.726 -62.856 -12.761 0.300000
13824 35.871 -63.282 -13.152 0.300000
13825 35.756 -62.723 -12.605 0.200000
13826 35.027 -62.605 -12.518 0.200000
13827 34.324 -62.724 -12.745 0.200000
13836 46.242 -62.808 -13.975 0.300000
13837 39.742 -63.394 -13.754 0.200000
13838 40.513 -62.648 -13.913 0.200000
13839 38.943 -62.968 -13.469 0.200000
13840 38.147 -62.956 -13.230 0.200000
13841 35.805 -63.879 -13.899 0.200000
13842 34.759 -63.838 -14.024 0.400000
13843 33.771 -63.606 -14.194 0.300000
13844 34.278 -63.302 -13.415 0.300000
13845 33.502 -63.175 -13.657 0.300000
13856 46.032 -62.855 -14.567 0.300000
13857 45.033 -62.778 -15.297 0.400000
13858 45.569 -62.763 -14.947 0.400000
13859 45.034 -62.146 -14.506 0.300000
13860 44.409 -63.107 -15.621 0.300000
13861 44.255 -62.596 -14.791 0.200000
13862 43.153 -62.624 -14.519 0.300000
13863 41.388 -63.016 -14.296 0.100000
13864 33.597 -63.827 -15.039 0.300000
13865 33.028 -63.407 -14.664 0.300000
13866 33.113 -63.191 -14.091 0.300000
13867 32.659 -62.871 -14.391 0.300000
13875 45.587 -63.400 -15.523 0.400000
13876 44.983 -63.105 -16.145 0.400000
13877 45.267 -63.102 -15.644 0.400000
13878 44.475 -63.265 -16.671 0.100000
13879 32.378 -63.249 -15.815 0.200000
13886 45.419 -63.512 -16.541 0.400000
13887 45.104 -63.288 -17.160 0.400000
13888 44.464 -63.366 -17.770 0.100000
13889 34.339 -63.943 -17.729 0.100000
13890 33.361 -63.677 -17.733 0.200000
13891 32.393 -63.203 -17.672 0.200000
13901 45.375 -63.569 -17.323 0.400000
13902 44.687 -63.617 -18.385 0.200000
13903 37.967 -63.607 -18.006 0.100000
13904 37.152 -63.598 -18.202 0.200000
13905 35.842 -63.785 -18.169 0.200000
13906 34.951 -63.703 -18.550 0.200000
13907 33.949 -63.489 -18.518 0.200000
13908 33.091 -63.124 -18.517 0.200000
13909 32.493 -62.643 -18.483 0.200000
13921 44.147 -63.966 -19.120 0.200000
13922 43.925 -63.733 -18.600 0.100000
13923 43.506 -63.672 -19.242 0.100000
13924 41.389 -63.352 -19.483 0.100000
13928 36.824 -63.514 -18.987 0.300000
13929 35.823 -63.510 -19.043 0.200000
13930 34.365 -63.276 -19.282 0.100000
13931 33.628 -62.847 -19.269 0.100000
13939 43.509 -63.524 -19.932 0.100000
13940 42.692 -63.210 -20.407 0.100000
13943 38.958 -63.284 -20.271 0.100000
13945 37.389 -63.465 -19.824 0.200000
13946 36.276 -63.378 -19.970 0.100000
13947 35.296 -63.395 -20.108 0.100000
13952 43.308 -63.490 -20.804 0.200000
13953 43.120 -63.206 -21.822 0.200000
13954 42.654 -62.951 -21.248 0.100000
13955 41.899 -62.867 -20.700 0.100000
13956 39.457 -63.095 -21.121 0.100000
13958 38.363 -63.426 -21.094 0.100000
13959 37.612 -63.523 -20.707 0.200000
13960 35.582 -63.051 -21.044 0.100000
13966 43.022 -63.004 -22.553 0.200000
13967 38.998 -63.395 -22.114 0.100000
13968 40.072 -62.747 -21.932 0.100000
13969 37.832 -63.325 -22.226 0.100000
13970 36.802 -63.094 -22.223 0.200000
13980 39.674 -62.819 -22.877 0.100000
13981 38.417 -62.785 -22.969 0.100000
13982 37.108 -62.364 -22.998 0.200000
13986 32.528 -62.544 -22.200 0.100000
14003 42.541 -62.749 -23.452 0.300000
14004 42.283 -62.573 -24.022 0.300000
14014 42.245 -62.515 -24.813 0.200000
14022 42.190 -62.515 -25.680 0.200000
14029 41.913 -62.577 -26.364 0.100000
14030 41.048 -63.346 -27.411 0.100000
14568 32.931 -61.871 -2.969 0.100000
14577 45.554 -62.801 -4.040 0.500000
14578 45.437 -62.800 -3.833 0.500000
14579 44.762 -62.567 -3.487 0.500000
14580 43.664 -62.193 -3.464 0.500000
14581 42.769 -62.827 -3.599 0.500000
14582 42.706 -61.872 -3.733 0.500000
14583 32.894 -62.515 -3.600 0.100000
14584 33.657 -62.338 -3.880 0.100000
14585 33.405 -61.802 -3.325 0.100000
14592 45.621 -62.454 -4.150 0.500000
14593 41.814 -62.177 -4.144 0.400000
14594 41.143 -61.618 -4.611 0.400000
14595 40.663 -62.780 -4.489 0.500000
14596 39.112 -62.000 -5.031 0.300000
14597 36.351 -62.492 -4.392 0.100000
14598 35.425 -62.843 -4.524 0.100000
14599 35.620 -62.431 -4.338 0.100000
14600 34.566 -62.709 -4.610 0.100000
14601 34.947 -62.356 -4.079 0.100000
14602 34.282 -62.389 -4.146 0.100000
14603 34.418 -61.917 -3.756 0.100000
14604 33.083 -62.920 -4.522 0.100000
14616 45.614 -62.338 -4.463 0.500000
14617 45.225 -62.753 -4.957 0.500000
14618 43.947 -63.003 -5.432 0.500000
14619 44.728 -62.215 -5.509 0.500000
14620 34.810 -62.932 -5.088 0.100000
14621 34.062 -62.915 -5.466 0.100000
14629 43.385 -62.014 -5.891 0.500000
14630 42.167 -61.802 -6.491 0.400000
14631 41.245 -62.186 -6.942 0.400000
14632 34.628 -62.750 -6.046 0.100000
14637 40.707 -61.817 -7.536 0.300000
14638 40.176 -62.308 -8.215 0.500000
14643 39.996 -61.455 -8.891 0.400000
14644 39.756 -61.452 -9.913 0.400000
14656 40.119 -62.025 -10.394 0.500000
14670 42.167 -62.475 -11.504 0.500000
14671 41.339 -61.914 -11.307 0.500000
14672 40.705 -62.274 -10.789 0.500000
14679 45.436 -62.653 -12.667 0.400000
14680 43.777 -61.862 -12.445 0.400000
14681 42.843 -61.084 -12.333 0.300000
14682 42.116 -61.424 -11.797 0.400000
14690 45.846 -62.293 -13.279 0.400000
14691 45.042 -61.698 -12.974 0.400000
14692 37.719 -62.537 -12.860 0.200000
14693 38.581 -62.251 -13.085 0.300000
14694 38.136 -61.732 -12.620 0.300000
14695 37.193 -62.023 -12.456 0.300000
14696 35.442 -62.197 -12.144 0.200000
14697 34.530 -62.185 -12.167 0.200000
14698 33.589 -62.769 -13.122 0.300000
14699 33.568 -62.199 -12.408 0.200000
14700 33.007 -62.309 -13.011 0.300000
14701 32.764 -61.733 -12.657 0.200000
14710 46.098 -62.342 -13.887 0.300000
14711 40.389 -61.614 -13.655 0.400000
14712 39.422 -61.957 -13.395 0.300000
14713 32.954 -62.657 -13.681 0.300000
14714 32.467 -62.189 -14.163 0.300000
14726 45.651 -62.134 -14.241 0.400000
14727 44.042 -61.557 -14.267 0.300000
14728 42.188 -62.145 -14.324 0.200000
14729 41.364 -61.720 -14.026 0.200000
14730 32.279 -62.418 -14.856 0.100000
14737 31.229 -62.087 -16.472 0.200000
14738 31.763 -62.020 -15.520 0.100000
14743 31.537 -62.805 -17.091 0.200000
14744 31.167 -61.841 -17.431 0.200000
14759 31.844 -62.405 -18.044 0.200000
14760 31.617 -61.470 -18.509 0.100000
14770 32.941 -62.382 -19.210 0.200000
14771 32.310 -61.897 -18.947 0.100000
14778 34.031 -62.609 -19.934 0.100000
14779 33.430 -62.043 -19.911 0.200000
14780 32.842 -61.453 -19.747 0.100000
14785 41.968 -62.587 -21.544 0.100000
14789 33.835 -61.913 -20.533 0.100000
14797 42.657 -62.754 -22.164 0.100000
14798 42.063 -62.432 -22.381 0.100000
14799 40.906 -62.405 -22.784 0.100000
14804 32.688 -61.835 -21.790 0.100000
14805 32.276 -61.458 -21.271 0.100000
14820 42.581 -62.652 -22.958 0.100000
14821 41.853 -62.334 -23.011 0.100000
14822 40.324 -62.380 -23.679 0.100000
14823 37.905 -62.429 -23.700 0.100000
14824 36.940 -62.233 -23.545 0.100000
14825 35.893 -61.734 -23.128 0.100000
14829 33.115 -62.000 -22.251 0.100000
14837 40.870 -61.817 -24.328 0.100000
14838 38.688 -62.153 -24.395 0.100000
14839 37.744 -62.291 -24.260 0.100000
14845 41.114 -61.602 -24.830 0.200000
14846 40.372 -61.605 -24.874 0.100000
14847 38.407 -61.914 -24.930 0.100000
14854 41.965 -61.848 -25.906 0.200000
14857 38.923 -61.550 -25.638 0.100000
14866 41.276 -61.891 -26.456 0.200000
15371 32.921 -61.218 -2.629 0.100000
15379 45.312 -62.231 -3.731 0.500000
15380 44.392 -61.732 -3.573 0.500000
15381 43.299 -61.292 -3.763 0.500000
15382 33.894 -61.439 -3.583 0.100000
15383 34.446 -61.065 -3.970 0.100000
15384 33.450 -61.011 -3.177 0.100000
15388 45.894 -61.481 -4.820 0.500000
15389 46.493 -60.966 -5.211 0.500000
15390 46.231 -61.154 -4.887 0.400000
15391 45.558 -61.519 -4.282 0.400000
15392 42.904 -60.212 -4.054 0.400000
15393 41.308 -60.825 -4.553 0.400000
15394 40.100 -61.830 -4.613 0.300000
15395 39.798 -60.868 -4.862 0.300000
15396 38.702 -61.151 -5.219 0.300000
15397 37.704 -61.359 -4.986 0.200000
15398 36.810 -61.515 -4.668 0.100000
15399 35.913 -61.478 -4.461 0.100000
15400 35.079 -61.762 -4.021 0.100000
15412 46.493 -60.998 -5.301 0.400000
15413 45.904 -61.575 -5.089 0.500000
15414 45.505 -62.150 -5.102 0.500000
15421 46.053 -61.003 -5.608 0.400000
15422 45.340 -61.574 -5.588 0.400000
15423 43.065 -61.161 -6.396 0.400000
15424 42.113 -60.860 -6.844 0.300000
15425 41.394 -61.378 -7.112 0.300000
15430 41.307 -60.590 -7.371 0.400000
15431 40.290 -61.268 -8.032 0.400000
15436 40.029 -60.489 -8.616 0.400000
15437 39.709 -60.602 -9.461 0.400000
15448 40.125 -61.070 -10.575 0.400000
15449 39.785 -60.579 -10.177 0.400000
15462 40.590 -61.484 -11.015 0.400000
15463 40.651 -60.611 -11.132 0.400000
15471 43.468 -60.767 -12.833 0.300000
15472 42.625 -60.340 -12.595 0.300000
15473 42.182 -60.440 -12.064 0.300000
15474 41.360 -60.748 -11.556 0.400000
15475 36.715 -61.504 -12.022 0.200000
15476 37.588 -61.233 -12.200 0.300000
15477 37.034 -60.773 -11.705 0.300000
15478 35.909 -61.642 -11.768 0.200000
15479 35.570 -60.999 -11.355 0.100000
15480 35.006 -61.621 -11.699 0.200000
15481 34.536 -60.917 -11.186 0.200000
15482 33.998 -61.664 -11.661 0.100000
15483 33.569 -61.017 -11.360 0.300000
15484 33.154 -61.481 -11.936 0.300000
15485 32.945 -60.881 -11.700 0.200000
15486 32.603 -61.005 -12.294 0.200000
15491 44.608 -61.302 -13.425 0.300000
15492 43.788 -60.868 -13.155 0.200000
15493 43.041 -60.318 -12.966 0.300000
15494 39.115 -61.326 -12.835 0.300000
15495 39.767 -60.430 -13.074 0.400000
15496 38.525 -60.896 -12.356 0.300000
15497 32.398 -61.194 -13.093 0.200000
15502 45.463 -61.737 -13.665 0.400000
15503 44.941 -61.411 -14.034 0.300000
15504 43.971 -61.126 -13.623 0.300000
15505 43.187 -60.576 -13.391 0.300000
15506 43.187 -60.921 -13.971 0.300000
15507 41.153 -60.928 -13.686 0.300000
15508 41.775 -60.836 -13.841 0.300000
15509 41.651 -60.136 -13.329 0.300000
15510 40.598 -60.498 -13.372 0.400000
15511 32.377 -61.388 -13.991 0.200000
15519 42.300 -61.197 -14.112 0.200000
15520 32.283 -61.626 -14.750 0.100000
15527 32.024 -61.110 -15.391 0.100000
15528 31.367 -61.333 -16.118 0.100000
15558 32.167 -61.023 -19.425 0.100000
15559 31.430 -60.614 -18.903 0.100000
15567 33.214 -61.359 -20.480 0.100000
15568 32.536 -60.925 -20.111 0.100000
15578 33.742 -61.570 -20.980 0.100000
15579 33.343 -61.424 -21.124 0.100000
15580 32.679 -61.143 -20.713 0.100000
15599 33.865 -61.633 -21.588 0.100000
15600 33.335 -61.647 -21.758 0.100000
15617 41.536 -61.696 -25.253 0.200000
15618 40.869 -61.441 -25.297 0.100000
15619 39.986 -61.485 -25.382 0.100000
15623 40.608 -61.422 -25.893 0.100000
16104 32.651 -60.664 -2.196 0.100000
16115 33.120 -60.460 -2.675 0.100000
16116 33.265 -59.695 -2.822 0.100000
16123 44.880 -61.370 -3.753 0.500000
16124 43.999 -60.808 -3.931 0.500000
16125 34.483 -59.998 -4.090 0.100000
16126 33.964 -60.564 -3.621 0.100000
16133 46.516 -60.671 -5.179 0.400000
16134 45.620 -60.653 -4.578 0.400000
16135 44.667 -60.525 -4.115 0.500000
16136 42.262 -59.332 -4.217 0.200000
16137 41.225 -59.240 -4.412 0.200000
16138 40.123 -59.721 -4.717 0.200000
16139 39.152 -60.146 -5.228 0.200000
16140 37.277 -60.591 -5.088 0.200000
16141 36.818 -59.727 -5.046 0.200000
16142 35.941 -60.274 -4.671 0.100000
16143 35.148 -60.726 -4.368 0.100000
16152 38.178 -60.415 -5.292 0.200000
16160 46.801 -60.731 -5.897 0.200000
16161 45.968 -60.628 -6.223 0.300000
16162 44.961 -60.763 -6.141 0.400000
16163 42.948 -60.333 -6.741 0.300000
16164 43.989 -60.031 -6.611 0.300000
16173 42.050 -60.056 -7.278 0.300000
16174 41.130 -59.756 -7.641 0.400000
16175 40.484 -60.340 -7.887 0.400000
16183 39.959 -59.558 -8.547 0.400000
16184 39.569 -59.610 -9.142 0.400000
16195 39.624 -59.654 -9.977 0.400000
16208 41.129 -58.687 -11.472 0.400000
16209 40.380 -59.852 -10.751 0.400000
16210 36.326 -60.365 -11.142 0.200000
16211 35.859 -59.677 -10.614 0.100000
16212 35.314 -60.314 -10.907 0.100000
16213 35.000 -59.665 -10.521 0.100000
16214 33.850 -60.425 -10.891 0.100000
16215 34.070 -59.635 -10.542 0.100000
16216 33.382 -59.924 -10.872 0.100000
16225 41.993 -59.817 -12.275 0.400000
16226 41.565 -59.054 -11.971 0.400000
16227 38.010 -60.441 -11.884 0.300000
16228 38.851 -59.954 -12.307 0.300000
16229 38.377 -59.546 -11.763 0.300000
16230 37.411 -59.997 -11.373 0.200000
16231 33.162 -60.417 -11.289 0.200000
16232 32.647 -60.351 -11.847 0.200000
16238 42.270 -59.983 -12.673 0.400000
16239 39.778 -59.500 -12.726 0.400000
16240 32.455 -60.316 -12.677 0.100000
16248 42.449 -60.539 -13.678 0.300000
16249 42.487 -60.120 -13.135 0.300000
16250 40.997 -59.695 -13.031 0.400000
16251 40.395 -59.770 -13.023 0.400000
16252 32.418 -60.586 -13.682 0.100000
16260 32.581 -60.636 -14.699 0.100000
16267 32.331 -60.445 -15.428 0.100000
16268 31.699 -60.556 -15.926 0.100000
16800 33.523 -58.813 -3.135 0.100000
16801 32.845 -59.077 -2.356 0.100000
16808 34.777 -59.166 -4.197 0.100000
16809 34.238 -59.055 -3.795 0.100000
16817 46.274 -59.924 -5.198 0.300000
16818 45.569 -59.959 -4.791 0.300000
16819 44.667 -59.335 -4.593 0.200000
16820 43.307 -59.167 -4.321 0.300000
16821 42.531 -58.844 -4.329 0.200000
16822 41.108 -58.262 -4.045 0.200000
16823 40.338 -58.757 -4.482 0.200000
16824 38.498 -59.500 -5.170 0.200000
16825 38.824 -58.581 -4.735 0.200000
16826 37.687 -59.809 -5.250 0.200000
16827 36.791 -58.631 -4.862 0.200000
16828 36.008 -59.222 -4.681 0.100000
16829 35.324 -58.758 -4.364 0.100000
16841 47.619 -60.249 -5.932 0.100000
16842 47.159 -60.259 -5.534 0.200000
16852 48.091 -59.871 -6.498 0.100000
16853 47.468 -60.431 -6.343 0.100000
16854 45.211 -60.174 -6.745 0.200000
16862 47.831 -59.990 -7.131 0.100000
16863 46.774 -60.021 -7.150 0.100000
16864 44.330 -59.440 -7.178 0.300000
16865 43.024 -59.470 -7.273 0.400000
16866 41.849 -59.184 -7.626 0.400000
16867 40.922 -58.885 -8.012 0.400000
16868 40.501 -59.453 -8.110 0.400000
16877 39.966 -58.570 -8.549 0.400000
16878 39.441 -58.758 -8.954 0.400000
16888 39.586 -58.656 -9.473 0.400000
16901 40.935 -57.898 -11.374 0.400000
16902 40.427 -58.622 -10.601 0.400000
16903 36.818 -59.510 -10.801 0.200000
16904 37.840 -59.141 -11.184 0.300000
16905 37.290 -58.717 -10.538 0.100000
16906 36.242 -58.958 -10.276 0.100000
16907 34.721 -58.988 -10.196 0.100000
16908 33.952 -58.889 -10.315 0.100000
16909 32.791 -59.799 -11.280 0.100000
16910 33.193 -59.192 -10.685 0.100000
16911 32.504 -59.103 -11.264 0.100000
16925 41.724 -59.463 -12.355 0.500000
16926 41.363 -58.776 -12.187 0.500000
16927 41.169 -58.296 -11.851 0.400000
16928 39.302 -58.980 -12.224 0.200000
16929 40.391 -58.552 -12.233 0.300000
16930 39.882 -58.245 -11.749 0.200000
16931 38.801 -58.664 -11.667 0.200000
16932 32.320 -58.953 -11.957 0.100000
16939 41.396 -59.439 -12.664 0.500000
16940 40.837 -59.027 -12.591 0.400000
16941 41.116 -58.313 -12.084 0.300000
16942 32.420 -59.467 -12.642 0.100000
16944 32.692 -59.946 -14.096 0.100000
16953 32.909 -60.007 -15.214 0.100000
16954 33.823 -59.215 -14.921 0.100000
16955 33.161 -59.813 -14.797 0.100000
17500 32.709 -58.613 -1.576 0.100000
17501 33.254 -58.223 -2.301 0.100000
17502 33.154 -57.700 -1.354 0.100000
17515 33.929 -57.886 -2.960 0.100000
17521 34.713 -58.434 -4.016 0.100000
17522 35.322 -57.871 -4.174 0.100000
17523 34.643 -57.585 -3.608 0.100000
17533 45.406 -59.218 -4.994 0.200000
17534 44.585 -58.711 -4.803 0.200000
17535 43.782 -58.789 -4.554 0.100000
17536 42.747 -58.513 -4.557 0.100000
17537 41.943 -58.128 -4.394 0.200000
17538 41.117 -57.514 -3.602 0.200000
17539 40.398 -57.893 -4.115 0.200000
17540 39.459 -57.601 -4.229 0.200000
17541 38.304 -57.911 -4.587 0.200000
17542 36.853 -57.745 -4.569 0.200000
17543 36.045 -58.268 -4.500 0.200000
17561 46.382 -59.169 -5.409 0.200000
17562 45.126 -58.389 -5.107 0.200000
17563 44.135 -58.122 -4.895 0.200000
17575 48.677 -58.777 -6.903 0.100000
17586 48.483 -59.357 -7.226 0.100000
17587 46.851 -59.226 -7.643 0.100000
17588 45.791 -59.012 -7.531 0.100000
17589 44.653 -58.719 -7.651 0.200000
17590 42.614 -58.633 -7.821 0.200000
17591 41.616 -58.340 -8.034 0.300000
17605 45.790 -58.421 -8.095 0.200000
17606 44.662 -57.911 -8.273 0.200000
17607 43.473 -58.124 -8.208 0.200000
17608 42.326 -57.833 -8.193 0.200000
17609 40.684 -57.956 -8.388 0.400000
17610 40.033 -57.538 -9.006 0.400000
17611 39.629 -58.081 -9.134 0.400000
17619 40.411 -57.730 -10.318 0.400000
17620 40.429 -57.107 -10.622 0.200000
17621 40.413 -57.347 -9.791 0.400000
17622 36.622 -58.063 -9.932 0.100000
17623 35.705 -57.533 -9.645 0.100000
17624 35.434 -58.404 -9.893 0.100000
17625 34.966 -57.738 -9.660 0.100000
17626 34.354 -58.253 -9.871 0.100000
17627 34.310 -57.416 -9.680 0.100000
17628 33.691 -57.753 -9.911 0.100000
17634 40.576 -57.385 -11.113 0.200000
17635 38.363 -58.389 -10.981 0.200000
17636 39.039 -57.584 -10.777 0.200000
17637 37.832 -57.965 -10.348 0.100000
17638 32.938 -57.619 -10.346 0.100000
17655 40.885 -57.921 -11.644 0.300000
17656 40.221 -57.463 -11.254 0.200000
17657 32.370 -58.404 -11.405 0.100000
17663 32.407 -58.751 -12.701 0.100000
17665 33.245 -59.307 -14.263 0.100000
18225 33.748 -57.373 -2.179 0.100000
18238 34.376 -57.050 -2.845 0.100000
18245 39.636 -56.638 -3.575 0.200000
18246 39.547 -56.071 -3.039 0.200000
18247 37.100 -56.918 -4.149 0.200000
18248 38.073 -56.591 -3.782 0.200000
18249 37.447 -56.250 -3.454 0.100000
18250 36.166 -57.415 -4.160 0.200000
18251 36.409 -56.610 -3.681 0.200000
18257 43.059 -58.155 -4.959 0.100000
18258 42.566 -57.449 -5.151 0.100000
18259 41.997 -57.706 -4.556 0.100000
18260 40.453 -57.076 -3.603 0.200000
18261 38.726 -56.993 -4.061 0.200000
18277 45.707 -57.954 -5.608 0.200000
18278 44.957 -57.207 -6.217 0.200000
18279 44.574 -57.629 -5.413 0.200000
18280 43.562 -57.519 -5.302 0.100000
18296 47.226 -57.789 -6.452 0.100000
18297 46.098 -57.380 -6.245 0.100000
18326 46.638 -57.644 -8.706 0.200000
18327 45.590 -57.556 -8.609 0.200000
18328 42.859 -57.352 -8.396 0.200000
18329 42.001 -56.932 -8.357 0.100000
18330 40.748 -56.981 -8.709 0.200000
18331 40.562 -56.823 -9.743 0.200000
18338 47.164 -57.225 -9.113 0.100000
18340 38.293 -57.368 -10.195 0.100000
18341 39.115 -56.896 -10.424 0.100000
18342 38.160 -56.818 -9.772 0.100000
18343 37.433 -57.410 -9.779 0.100000
18344 37.179 -56.639 -9.489 0.100000
18345 35.754 -56.699 -9.567 0.100000
18346 35.016 -57.031 -9.591 0.100000
18347 34.298 -56.614 -9.656 0.100000
18348 33.558 -57.056 -9.865 0.100000
18350 39.925 -57.034 -10.909 0.200000
18351 40.382 -57.176 -10.995 0.200000
18352 32.936 -56.689 -10.341 0.100000
18353 32.433 -57.055 -10.944 0.100000
18365 32.401 -56.761 -11.813 0.100000
18375 32.519 -57.118 -12.537 0.100000
18938 33.838 -56.328 -0.842 0.100000
18944 34.288 -56.592 -2.093 0.100000
18945 34.803 -55.753 -1.883 0.100000
18946 34.211 -56.254 -1.458 0.100000
18957 38.422 -56.069 -2.953 0.100000
18958 39.035 -55.826 -2.748 0.100000
18959 38.598 -55.563 -2.656 0.100000
18960 37.882 -55.676 -2.768 0.100000
18961 35.651 -56.141 -3.242 0.100000
18962 36.359 -55.565 -2.697 0.100000
18963 35.573 -55.602 -2.447 0.100000
18964 34.829 -56.218 -2.763 0.100000
18971 40.217 -56.385 -3.550 0.200000
18972 40.625 -56.282 -3.673 0.100000
18973 39.911 -55.923 -3.313 0.100000
18974 38.995 -56.365 -3.127 0.200000
18975 36.801 -55.835 -3.157 0.100000
18980 41.859 -56.934 -4.519 0.100000
18981 41.315 -56.544 -3.866 0.100000
18982 40.803 -56.088 -4.325 0.100000
18995 44.022 -56.884 -5.814 0.100000
18996 43.086 -56.853 -5.631 0.100000
18997 42.488 -56.289 -6.072 0.100000
18998 41.911 -56.584 -5.342 0.100000
18999 41.374 -56.427 -4.872 0.100000
19010 46.354 -56.751 -6.850 0.100000
19011 45.357 -56.521 -6.782 0.200000
19012 44.389 -56.332 -6.591 0.200000
19013 43.479 -56.240 -6.374 0.100000
19028 46.589 -56.161 -7.439 0.100000
19029 44.762 -55.709 -7.285 0.200000
19047 45.003 -56.529 -8.935 0.100000
19050 42.031 -56.049 -8.688 0.100000
19062 48.800 -56.979 -9.762 0.100000
19063 47.730 -56.786 -9.483 0.100000
19064 46.602 -56.260 -9.644 0.100000
19068 40.123 -55.805 -10.080 0.100000
19069 39.948 -56.424 -10.613 0.200000
19072 36.834 -55.930 -9.391 0.100000
19073 35.890 -55.891 -9.452 0.100000
19074 35.060 -56.241 -9.525 0.100000
19075 34.350 -55.810 -9.746 0.100000
19076 33.580 -56.212 -9.967 0.100000
19082 40.258 -56.963 -10.836 0.200000
19693 33.782 -55.624 -0.265 0.100000
19706 34.367 -55.676 -1.064 0.100000
19707 34.614 -54.925 -0.623 0.100000
19715 36.584 -55.107 -2.068 0.100000
19716 37.488 -54.703 -2.095 0.100000
19717 36.648 -54.486 -1.577 0.100000
19718 35.720 -55.097 -1.647 0.100000
19719 35.735 -54.474 -0.890 0.100000
19727 38.904 -55.286 -2.665 0.100000
19728 38.272 -55.079 -2.419 0.100000
19729 37.313 -55.306 -2.431 0.100000
19736 39.554 -55.398 -3.539 0.100000
19737 39.289 -55.505 -2.925 0.100000
19746 40.206 -55.732 -3.916 0.100000
19761 41.648 -56.045 -5.873 0.100000
19762 40.913 -55.810 -5.525 0.100000
19763 40.525 -55.062 -6.168 0.100000
19764 39.615 -55.236 -4.549 0.100000
19780 43.881 -55.610 -7.092 0.100000
19781 43.026 -55.531 -6.880 0.100000
19782 42.151 -55.401 -6.702 0.100000
19783 41.301 -55.271 -6.472 0.100000
19797 45.217 -54.935 -7.731 0.100000
19799 42.727 -54.670 -7.378 0.100000
19842 36.413 -55.265 -9.619 0.100000
19843 35.744 -55.219 -9.665 0.100000
19844 35.128 -55.486 -9.656 0.100000
19845 34.465 -55.006 -9.950 0.100000
19855 33.676 -55.370 -10.168 0.100000
20510 35.228 -53.532 0.338 0.100000
20521 34.938 -54.149 -0.191 0.100000
20522 35.833 -53.660 -0.391 0.100000
20536 37.699 -53.788 -2.097 0.100000
20537 37.370 -54.097 -1.785 0.100000
20538 36.560 -53.799 -1.099 0.100000
20547 38.650 -54.827 -2.646 0.100000
20548 38.087 -54.108 -2.743 0.100000
20558 39.087 -54.912 -3.117 0.100000
20559 38.569 -54.476 -3.112 0.100000
20560 38.119 -54.057 -3.622 0.100000
20565 39.220 -54.911 -4.003 0.100000
20566 38.511 -54.456 -4.193 0.100000
20577 39.744 -54.713 -5.760 0.100000
20578 38.928 -54.717 -5.132 0.100000
20579 38.273 -53.934 -5.561 0.100000
20594 41.824 -54.571 -7.129 0.100000
20595 41.070 -54.452 -6.866 0.100000
20596 40.346 -54.207 -6.675 0.100000
20597 39.664 -53.870 -6.523 0.100000
20598 39.038 -54.222 -5.958 0.100000
20618 45.266 -54.206 -8.119 0.100000
20621 43.073 -53.725 -7.798 0.100000
20622 42.189 -53.864 -7.558 0.100000
20623 40.951 -53.741 -7.321 0.100000
20644 44.988 -53.676 -8.171 0.100000
20679 36.779 -54.591 -9.879 0.100000
20680 35.253 -54.762 -9.863 0.100000
20695 37.146 -54.029 -10.372 0.100000
20696 36.318 -54.067 -10.383 0.100000
21347 36.257 -53.242 -0.629 0.100000
21348 36.585 -53.142 -1.054 0.100000
21359 37.097 -53.494 -1.609 0.100000
21371 37.592 -53.304 -2.711 0.100000
21383 37.644 -53.473 -3.570 0.100000
21390 37.657 -53.774 -4.607 0.100000
21398 38.350 -52.874 -6.289 0.100000
21399 37.687 -52.926 -5.508 0.100000
21410 40.273 -53.405 -7.134 0.100000
21411 39.611 -53.160 -6.886 0.100000
21412 38.954 -53.500 -6.441 0.100000
21424 42.332 -53.135 -7.951 0.100000
21425 40.905 -53.037 -7.672 0.100000
21426 40.069 -52.430 -7.361 0.100000
22302 37.203 -52.829 -3.485 0.100000
22316 37.861 -52.007 -6.253 0.100000
22321 39.099 -52.669 -6.852 0.100000
22322 38.466 -51.389 -6.761 0.100000
22339 39.157 -51.792 -7.105 0.100000
23182 38.413 -50.522 -6.800 0.100000
23183 37.870 -51.022 -6.356 0.100000
89171 41.732 -67.646 -12.631 0.200000
89554 38.562 -64.898 -15.663 0.200000
89590 39.394 -62.851 -4.608 0.400000
89644 39.420 -59.191 -4.813 0.200000
90071 37.239 -63.874 -4.342 0.200000
90089 42.223 -67.891 -13.382 0.100000
90103 42.967 -59.438 -4.183 0.300000
90198 37.154 -62.344 -4.482 0.100000
90330 35.720 -73.885 -14.139 0.100000
90361 37.480 -63.119 -4.343 0.200000
90395 30.466 -66.110 -23.369 0.100000
90489 41.561 -57.405 -3.819 0.100000
90701 37.436 -64.560 -16.833 0.100000
90782 34.567 -67.276 -13.316 0.100000
90876 34.988 -63.510 -19.423 0.100000
90895 39.683 -58.400 -4.519 0.200000
90941 44.119 -59.594 -4.338 0.200000
90960 41.607 -53.384 -7.667 0.100000
91076 33.768 -56.877 -1.426 0.100000
91128 37.118 -52.785 -4.527 0.100000
91132 39.791 -62.492 -13.632 0.300000
91189 28.250 -68.507 -13.452 0.100000
91197 42.763 -64.560 -9.648 0.500000
91349 32.259 -63.293 -16.671 0.200000
91361 39.304 -58.026 -11.359 0.200000
91456 33.619 -75.882 -4.778 0.100000
91592 36.403 -56.452 -9.457 0.100000
91638 42.187 -63.568 -23.794 0.100000
91690 40.499 -63.738 -14.123 0.100000
91700 41.424 -57.506 -8.312 0.200000
91847 30.991 -71.321 -5.579 0.100000
91902 32.673 -59.315 -13.419 0.100000
92089 36.306 -62.199 -12.257 0.200000
92094 38.584 -73.410 -8.750 0.100000
92244 35.836 -72.785 -9.831 0.100000
92359 41.309 -56.445 -8.669 0.100000
92427 42.100 -62.422 -23.611 0.100000
92537 39.009 -56.235 -9.891 0.100000
92640 36.493 -57.151 -9.595 0.100000
92660 39.808 -61.160 -13.339 0.400000
92712 43.460 -54.453 -7.606 0.100000
92720 30.216 -67.366 -17.035 0.100000
92750 32.491 -63.408 -22.627 0.100000
92940 38.260 -64.763 -16.629 0.200000
92964 32.930 -63.605 -15.416 0.300000
92996 34.847 -75.386 -6.619 0.100000
93134 36.288 -61.876 -23.114 0.100000
93188 42.541 -62.706 -6.009 0.400000
93379 42.553 -63.371 -19.526 0.100000
93385 34.619 -71.284 -15.026 0.100000
93572 33.833 -59.708 -3.473 0.100000
93728 36.354 -74.904 -9.039 0.100000
93901 39.676 -64.933 -15.438 0.100000
93921 41.647 -63.116 -4.029 0.500000
93951 39.613 -64.898 -16.957 0.100000
94043 41.262 -59.677 -11.506 0.400000
94303 43.137 -66.889 -6.736 0.500000
94316 31.494 -67.782 -17.223 0.100000
94379 29.904 -73.721 -4.765 0.100000
94538 40.834 -60.271 -4.651 0.300000
94652 35.453 -73.423 -8.502 0.100000
94983 38.662 -72.734 -9.881 0.100000
95103 34.655 -70.941 -16.003 0.100000
95197 38.759 -63.517 -18.619 0.100000
95209 34.161 -76.327 -5.554 0.100000
95243 37.739 -58.862 -5.059 0.200000
95267 45.891 -63.607 -13.946 0.400000
95302 35.511 -54.106 -10.266 0.100000
95322 37.549 -64.212 -13.901 0.200000
95326 38.947 -65.420 -9.345 0.100000
95372 37.521 -68.272 -15.733 0.100000
95388 45.550 -59.652 -7.139 0.200000
95396 42.123 -61.125 -4.200 0.400000
95438 40.183 -66.512 -10.288 0.200000
95505 43.434 -55.044 -7.415 0.100000
95508 33.222 -72.833 -18.144 0.100000
95540 34.980 -55.139 -1.266 0.100000
95588 38.249 -64.503 -7.203 0.100000
95589 32.756 -56.656 -13.095 0.100000
95597 41.925 -63.154 -20.053 0.100000
95625 37.749 -63.482 -18.791 0.100000
95782 35.668 -71.160 -18.867 0.100000
95817 29.001 -68.459 -13.426 0.100000
96050 42.357 -56.859 -5.340 0.100000
96151 31.611 -69.739 -17.074 0.100000
96159 35.114 -73.807 -14.241 0.100000
96240 41.518 -68.216 -7.906 0.200000
96264 35.065 -63.032 -12.980 0.200000
96271 41.534 -53.970 -7.362 0.100000
96278 42.632 -64.796 -21.947 0.200000
96362 44.108 -65.449 -14.529 0.200000
96372 37.966 -54.472 -2.348 0.100000
96373 41.965 -63.723 -14.742 0.100000
96419 36.903 -73.777 -11.320 0.100000
96441 44.316 -67.585 -10.326 0.200000
96548 40.200 -55.568 -5.117 0.100000
96551 45.692 -63.575 -12.697 0.400000
96596 44.112 -62.974 -11.836 0.400000
96622 37.730 -57.351 -4.395 0.200000
96623 45.425 -62.897 -4.404 0.500000
96656 34.444 -72.312 -12.911 0.100000
96753 32.559 -61.938 -13.405 0.200000
96888 41.776 -59.835 -11.869 0.400000
96893 41.096 -56.823 -3.522 0.100000
96947 44.554 -57.075 -8.645 0.200000
96986 43.667 -59.912 -4.173 0.400000
97255 46.427 -60.388 -6.623 0.300000
97446 32.453 -57.954 -12.679 0.100000
97549 39.121 -62.457 -23.678 0.100000
97609 36.318 -62.055 -22.754 0.100000
97659 32.910 -63.708 -16.242 0.300000
97677 30.138 -72.522 -5.251 0.100000
97829 35.263 -59.686 -4.438 0.100000
97927 41.804 -60.110 -4.307 0.300000
98020 43.540 -65.025 -20.457 0.200000
98152 32.073 -70.630 -17.356 0.100000
98166 33.909 -73.127 -18.546 0.100000
98219 40.388 -64.496 -14.679 0.100000
98232 38.373 -62.927 -4.509 0.200000
98269 37.457 -58.080 -4.785 0.200000
98467 32.034 -68.520 -17.273 0.100000
98557 40.119 -63.152 -8.606 0.500000
98669 33.428 -58.368 -10.291 0.100000
98759 45.994 -56.941 -9.258 0.200000
98885 32.923 -61.404 -21.337 0.100000
98916 41.993 -65.258 -3.653 0.500000
98975 44.200 -61.356 -5.890 0.400000
99076 45.679 -55.903 -7.361 0.100000
99156 41.395 -63.853 -6.586 0.400000
99276 36.300 -61.065 -11.585 0.200000
99458 32.695 -59.941 -2.214 0.100000
99496 34.921 -72.136 -11.820 0.100000
99632 43.991 -63.038 -3.382 0.500000
99797 41.628 -56.959 -3.812 0.100000
99800 40.099 -66.453 -11.223 0.200000
99808 41.815 -67.960 -11.167 0.300000
99853 38.098 -62.149 -4.778 0.200000
99985 36.536 -63.891 -17.830 0.300000
100148 34.550 -60.200 -10.770 0.100000
100149 36.943 -68.710 -16.142 0.100000
100214 41.787 -58.559 -4.243 0.200000
100242 35.145 -63.497 -13.478 0.300000
100247 37.429 -63.497 -21.500 0.200000
100276 34.885 -77.191 -6.771 0.100000
100281 30.262 -68.764 -9.424 0.100000
100304 48.513 -59.284 -6.863 0.100000
100346 40.879 -66.636 -4.278 0.500000
100357 31.146 -70.019 -6.912 0.100000
100450 41.708 -62.022 -24.456 0.200000
100520 43.385 -66.552 -14.193 0.300000
100577 29.930 -68.673 -12.517 0.100000
100601 33.771 -62.771 -4.679 0.100000
100632 41.702 -62.584 -6.455 0.400000
100671 38.553 -52.129 -6.703 0.100000
100770 36.005 -54.652 -9.893 0.100000
100806 39.813 -62.093 -24.405 0.100000
100846 43.588 -58.870 -7.678 0.400000
100932 40.642 -66.844 -11.713 0.200000
100964 30.281 -78.306 -3.603 0.100000
101000 31.397 -69.247 -12.699 0.100000
101091 32.463 -59.653 -11.934 0.200000
101122 39.341 -61.655 -24.934 0.100000
101171 41.452 -64.661 -16.098 0.100000
101184 38.653 -65.137 -7.541 0.100000
101238 30.206 -68.806 -13.928 0.100000
101393 34.466 -69.751 -18.178 0.100000
101412 30.890 -61.365 -16.841 0.100000
101464 44.247 -61.133 -13.027 0.300000
101616 41.385 -62.118 -23.646 0.200000
101630 43.283 -68.177 -11.824 0.300000
101997 36.532 -60.725 -4.826 0.200000
102006 34.891 -56.728 -3.347 0.100000
102088 31.573 -69.668 -13.664 0.100000
102168 35.447 -57.049 -3.748 0.100000
102272 36.091 -64.417 -16.285 0.200000
102293 32.483 -59.917 -13.314 0.100000
102339 35.266 -70.000 -18.443 0.100000
102536 37.488 -51.413 -5.923 0.100000
102625 40.651 -61.051 -4.701 0.300000
102733 29.469 -75.864 -3.819 0.100000
102750 43.224 -68.232 -7.122 0.400000
102764 43.803 -60.690 -6.340 0.400000
102774 42.639 -68.257 -11.294 0.300000
102892 32.480 -63.128 -15.047 0.200000
103002 38.286 -65.324 -10.825 0.100000
103007 34.210 -58.350 -3.523 0.100000
103010 33.560 -60.272 -3.138 0.100000
103123 35.260 -73.028 -17.342 0.100000
103155 30.860 -61.281 -17.372 0.100000
103351 41.354 -68.275 -16.006 0.100000
103444 31.584 -70.935 -15.831 0.100000
103506 45.106 -63.459 -17.863 0.300000
103542 30.592 -68.793 -16.420 0.100000
103808 41.509 -57.895 -3.952 0.100000
104158 32.888 -63.647 -17.024 0.200000
104208 41.351 -61.525 -25.761 0.200000
104339 37.171 -63.824 -4.317 0.200000
104496 42.274 -63.075 -14.433 0.100000
104513 41.895 -64.427 -16.575 0.100000
104580 44.870 -59.962 -4.389 0.300000
104596 36.649 -63.460 -21.118 0.200000
104654 45.196 -58.432 -7.827 0.200000
104979 39.211 -60.454 -12.636 0.300000
105004 40.788 -61.096 -7.555 0.400000
105006 32.305 -69.661 -9.935 0.100000
105108 45.519 -63.403 -12.327 0.400000
105114 46.944 -60.563 -5.670 0.400000
105120 32.019 -72.407 -4.789 0.100000
105176 29.285 -68.569 -12.046 0.100000
105184 41.344 -56.966 -8.461 0.100000
105227 33.501 -59.525 -15.121 0.100000
105248 36.856 -74.713 -9.737 0.100000
105412 41.936 -68.258 -8.900 0.200000
105560 36.183 -77.188 -7.703 0.100000
105561 31.823 -62.728 -16.153 0.200000
105618 37.237 -74.685 -6.604 0.100000
105630 38.380 -64.393 -4.375 0.400000
105674 44.480 -66.681 -8.715 0.500000
105724 31.459 -79.293 -2.559 0.100000
105735 32.856 -78.623 -4.325 0.100000
105753 42.308 -64.014 -10.145 0.500000
105870 33.796 -71.892 -13.720 0.100000
105900 32.606 -56.355 -10.858 0.100000
106031 36.458 -63.630 -18.411 0.200000
106094 33.424 -70.648 -9.750 0.100000
106270 34.619 -73.770 -17.101 0.100000
106315 42.026 -62.026 -25.233 0.200000
106348 39.042 -55.128 -2.739 0.100000
106352 31.124 -69.296 -13.431 0.100000
106871 39.690 -65.079 -16.330 0.100000
106973 30.566 -69.830 -7.423 0.100000
107024 34.693 -71.590 -10.510 0.100000
107110 35.453 -59.144 -10.244 0.100000
107122 44.762 -66.092 -9.058 0.500000
107127 45.442 -64.439 -14.413 0.400000
107285 32.430 -72.442 -16.662 0.100000
107382 30.212 -68.690 -16.200 0.100000
107401 36.355 -64.444 -15.723 0.200000
107538 42.978 -61.570 -14.286 0.300000
107602 34.331 -68.874 -18.048 0.100000
107676 34.546 -68.421 -12.609 0.100000
107730 32.116 -62.731 -15.459 0.200000
107843 35.142 -77.743 -5.774 0.100000
107864 42.385 -67.821 -12.720 0.100000
107876 45.412 -64.315 -17.669 0.300000
107919 39.171 -64.916 -4.207 0.500000
108033 41.441 -62.682 -26.937 0.100000
108063 42.770 -61.980 -12.024 0.500000
108190 32.497 -71.403 -17.579 0.100000
108283 27.851 -76.621 -3.074 0.100000
108321 32.024 -79.001 -2.684 0.100000
108357 32.313 -58.342 -12.064 0.100000
108365 42.671 -63.383 -14.734 0.100000
108499 27.847 -68.780 -12.940 0.100000
108676 37.729 -63.655 -4.280 0.200000
108709 44.126 -64.855 -4.669 0.600000
108738 37.968 -74.420 -12.563 0.100000
108928 34.022 -72.677 -6.229 0.100000
108944 33.185 -61.463 -3.051 0.100000
108956 43.890 -64.318 -20.224 0.200000
109055 38.758 -65.908 -11.916 0.100000
109118 41.959 -59.780 -12.863 0.400000
109138 34.007 -73.890 -18.472 0.100000
