#!ascii label  , from subject OAS1_0001-3 vox2ras=TkReg 
183
48939 24.817 -17.869 -21.737 0.000000
49698 24.676 -17.112 -21.773 0.000000
50489 27.008 -16.326 -22.372 0.000000
50500 26.170 -16.227 -22.573 0.000000
51298 26.677 -15.567 -22.595 0.000000
51299 25.803 -15.528 -22.913 0.000000
52061 25.547 -14.798 -23.283 0.000000
52062 26.173 -14.088 -23.234 0.000000
52811 27.193 -13.104 -22.544 0.000000
52812 26.660 -13.396 -23.051 0.000000
52828 25.934 -13.200 -23.550 0.000000
53612 27.055 -11.782 -23.864 0.000000
53624 26.489 -11.601 -24.501 0.000000
54390 28.030 -11.147 -22.507 0.000000
54391 27.603 -10.906 -23.472 0.000000
54400 27.168 -10.963 -24.428 0.000000
54409 26.580 -10.838 -24.966 0.000000
55161 28.285 -10.400 -22.819 0.000000
55171 28.014 -10.109 -23.553 0.000000
55172 27.624 -10.150 -24.273 0.000000
55181 27.301 -10.118 -25.107 0.000000
55188 26.622 -10.163 -25.485 0.000000
55919 28.618 -9.683 -23.223 0.000000
55926 29.012 -9.065 -23.848 0.000000
55927 28.195 -9.473 -24.088 0.000000
55928 28.706 -8.933 -24.823 0.000000
55934 27.800 -9.428 -25.627 0.000000
55935 28.360 -9.025 -25.657 0.000000
55942 28.063 -8.991 -26.028 0.000000
55943 27.245 -9.658 -25.621 0.000000
56707 29.991 -7.936 -24.092 0.000000
56708 29.370 -8.493 -24.393 0.000000
56712 29.530 -8.023 -24.991 0.000000
56713 29.058 -7.964 -25.775 0.000000
56719 28.556 -8.530 -26.040 0.000000
56725 28.069 -8.391 -26.324 0.000000
57482 30.149 -7.399 -24.499 0.000000
57483 30.612 -6.950 -24.060 0.000000
57489 30.267 -6.751 -24.646 0.000000
57490 29.612 -7.169 -25.202 0.000000
57491 29.359 -6.344 -25.580 0.000000
57496 28.898 -7.114 -25.862 0.000000
57497 28.546 -7.867 -26.254 0.000000
57505 27.754 -7.402 -26.475 0.000000
58285 30.648 -6.340 -24.195 0.000000
58295 30.312 -6.015 -24.739 0.000000
58296 29.831 -5.722 -25.256 0.000000
58302 29.212 -5.486 -25.795 0.000000
58303 28.604 -6.139 -26.201 0.000000
58310 27.844 -6.382 -26.571 0.000000
58311 27.119 -6.516 -26.751 0.000000
59085 30.670 -5.545 -24.311 0.000000
59097 30.308 -5.178 -24.921 0.000000
59101 29.799 -4.889 -25.461 0.000000
59102 29.036 -4.620 -25.822 0.000000
59103 28.547 -5.207 -26.290 0.000000
59109 27.950 -4.861 -26.558 0.000000
59110 27.336 -5.086 -26.826 0.000000
59819 30.372 -4.296 -25.158 0.000000
59829 29.769 -4.065 -25.499 0.000000
59830 29.074 -3.857 -25.641 0.000000
59831 27.878 -4.235 -26.215 0.000000
59832 28.462 -4.094 -25.885 0.000000
59833 27.220 -3.555 -26.140 0.000000
59841 27.281 -4.364 -26.572 0.000000
60543 30.907 -2.970 -24.758 0.000000
60544 30.340 -3.494 -25.090 0.000000
60552 29.440 -3.220 -25.272 0.000000
60553 28.539 -3.393 -25.593 0.000000
60554 27.740 -2.907 -25.713 0.000000
60561 26.471 -3.050 -26.526 0.000000
61305 30.740 -2.226 -24.578 0.000000
61306 30.142 -2.770 -24.765 0.000000
61307 29.355 -2.349 -24.920 0.000000
61314 28.606 -2.626 -25.374 0.000000
61315 27.874 -2.124 -25.550 0.000000
61317 27.057 -1.821 -25.865 0.000000
61980 30.318 -1.525 -24.278 0.000000
61981 28.572 -1.859 -25.186 0.000000
61982 29.254 -1.508 -24.550 0.000000
61983 28.327 -1.271 -24.871 0.000000
61991 27.764 -1.440 -25.400 0.000000
61992 27.044 -0.851 -25.748 0.000000
61993 26.384 -1.294 -26.279 0.000000
62670 29.674 -0.709 -23.926 0.000000
62671 29.683 0.197 -23.594 0.000000
62672 28.712 0.063 -23.907 0.000000
62680 27.721 -0.736 -25.022 0.000000
62681 27.719 0.124 -24.622 0.000000
62682 27.182 -0.190 -25.301 0.000000
62690 26.652 -0.067 -25.798 0.000000
63310 29.859 0.902 -23.271 0.000000
63311 28.922 0.848 -23.515 0.000000
63312 28.056 0.861 -24.037 0.000000
63320 27.288 1.065 -24.688 0.000000
63321 26.828 0.579 -25.304 0.000000
63330 26.281 1.090 -25.696 0.000000
63911 29.218 1.574 -23.133 0.000000
63912 27.618 1.522 -24.257 0.000000
63913 28.252 1.669 -23.625 0.000000
63914 27.476 2.166 -24.196 0.000000
63927 26.625 1.468 -25.294 0.000000
63928 27.018 1.814 -24.733 0.000000
63929 26.379 2.276 -25.310 0.000000
64533 29.563 2.228 -22.619 0.000000
64534 28.663 2.290 -22.963 0.000000
64535 27.906 2.562 -23.562 0.000000
64536 26.834 2.418 -24.661 0.000000
64537 27.114 2.963 -24.167 0.000000
64538 26.356 2.921 -24.887 0.000000
65148 28.920 3.748 -22.393 0.000000
65162 28.259 3.056 -22.782 0.000000
65163 27.646 3.270 -23.457 0.000000
65164 27.155 3.836 -23.807 0.000000
65165 26.457 3.629 -24.522 0.000000
65813 27.866 4.009 -22.950 0.000000
65814 29.241 4.704 -22.120 0.000000
65815 27.843 5.044 -22.666 0.000000
65816 27.228 4.715 -23.457 0.000000
65827 26.534 4.455 -24.214 0.000000
65828 26.636 5.313 -23.978 0.000000
65836 25.694 5.072 -24.620 0.000000
65837 25.136 5.175 -25.552 0.000000
65843 24.563 5.437 -26.189 0.000000
66447 29.037 6.172 -21.950 0.000000
66448 28.038 6.042 -22.391 0.000000
66449 27.186 5.627 -23.081 0.000000
66461 26.575 6.149 -23.749 0.000000
66462 25.981 5.828 -24.357 0.000000
66463 25.892 6.583 -24.490 0.000000
66469 24.880 6.059 -26.041 0.000000
67095 29.847 6.765 -22.267 0.000000
67096 28.975 7.150 -22.178 0.000000
67097 28.147 6.973 -22.581 0.000000
67098 27.333 6.554 -23.105 0.000000
67107 26.669 6.984 -23.849 0.000000
67108 26.004 7.250 -24.378 0.000000
67109 25.558 7.100 -25.047 0.000000
67115 25.108 6.735 -25.655 0.000000
67119 24.460 7.205 -25.783 0.000000
67693 29.785 7.568 -22.379 0.000000
67695 28.429 7.804 -22.594 0.000000
67696 27.488 7.580 -23.285 0.000000
67709 25.785 7.757 -24.868 0.000000
67718 25.432 8.261 -25.432 0.000000
67728 24.636 7.871 -25.630 0.000000
68384 28.798 8.559 -22.608 0.000000
68385 27.975 8.500 -23.001 0.000000
68386 28.444 9.313 -23.026 0.000000
68403 27.662 9.056 -23.451 0.000000
68405 26.113 8.572 -24.724 0.000000
68419 24.930 8.432 -25.803 0.000000
68432 24.518 8.550 -25.653 0.000000
69130 27.787 9.664 -23.760 0.000000
90128 28.541 -0.692 -24.422 0.000000
93242 26.434 -14.840 -22.929 0.000000
95303 29.392 5.427 -21.996 0.000000
95732 29.004 2.835 -22.497 0.000000
95880 27.385 -11.727 -22.875 0.000000
96471 27.962 -5.558 -26.652 0.000000
96479 26.921 -2.643 -25.951 0.000000
97443 27.429 -12.397 -22.526 0.000000
97876 27.995 -9.546 -25.023 0.000000
98880 25.816 4.234 -24.846 0.000000
99539 28.629 5.314 -22.142 0.000000
99828 26.399 -0.564 -26.160 0.000000
100266 25.529 6.061 -25.303 0.000000
100309 28.292 -6.995 -26.239 0.000000
100718 28.899 -8.500 -25.497 0.000000
103234 26.536 -16.839 -22.356 0.000000
103290 28.460 4.547 -22.421 0.000000
103856 27.936 -3.664 -25.868 0.000000
103901 29.961 -2.077 -24.563 0.000000
106018 29.878 -6.409 -25.046 0.000000
106244 25.516 6.639 -25.194 0.000000
106512 25.131 -16.801 -22.168 0.000000
106720 29.143 -8.485 -24.969 0.000000
106860 27.540 -9.275 -25.873 0.000000
106916 28.571 6.599 -22.232 0.000000
107203 28.382 -4.639 -26.195 0.000000
107849 27.355 -2.348 -25.763 0.000000
108061 28.489 9.944 -23.585 0.000000
108463 25.449 4.666 -25.118 0.000000
