#!ascii label  , from subject OAS1_0001-3 vox2ras=TkReg 
454
45060 22.409 -22.582 -17.383 0.142857
45848 24.590 -22.745 -19.531 0.142857
45849 23.925 -22.138 -18.459 0.142857
45850 22.785 -21.797 -17.875 0.142857
45881 24.605 -22.361 -20.730 0.142857
46618 23.603 -21.350 -18.812 0.142857
46637 24.285 -21.838 -19.407 0.142857
46638 23.835 -21.273 -20.163 0.285714
46649 25.120 -21.735 -20.528 0.285714
46650 24.347 -21.695 -20.709 0.285714
46651 24.214 -21.516 -20.698 0.142857
47361 23.164 -20.539 -19.979 0.428571
47362 22.386 -19.831 -19.918 0.285714
47363 21.748 -19.725 -18.776 0.142857
47382 24.993 -20.733 -20.619 0.142857
47383 24.051 -21.038 -21.014 0.428571
47384 23.711 -20.902 -20.782 0.571429
47385 23.245 -20.194 -20.592 0.428571
47392 24.466 -20.216 -21.085 0.428571
47393 23.803 -20.428 -21.045 0.285714
48139 21.603 -19.187 -19.494 0.142857
48141 20.589 -18.663 -18.674 0.142857
48157 26.681 -19.672 -19.803 0.142857
48158 25.965 -20.000 -20.308 0.142857
48159 26.211 -19.118 -20.367 0.142857
48160 22.874 -19.464 -20.636 0.142857
48161 22.079 -19.102 -20.257 0.285714
48162 21.513 -18.525 -19.778 0.142857
48163 21.118 -18.714 -19.213 0.142857
48171 24.758 -19.365 -21.270 0.285714
48172 24.035 -19.043 -21.401 0.285714
48173 22.733 -18.665 -20.772 0.285714
48914 27.813 -18.486 -19.775 0.142857
48915 26.964 -18.713 -19.913 0.285714
48916 27.355 -17.982 -20.298 0.285714
48917 22.032 -18.214 -20.359 0.142857
48927 26.536 -18.292 -20.617 0.285714
48928 25.641 -18.712 -21.096 0.285714
48929 24.862 -18.578 -21.505 0.428571
48930 25.564 -18.050 -21.699 0.285714
48931 23.448 -18.270 -21.303 0.285714
48932 22.648 -17.779 -20.827 0.142857
48939 24.817 -17.869 -21.737 0.571429
48940 24.059 -17.595 -21.539 0.142857
49680 28.397 -17.112 -20.681 0.142857
49681 27.009 -17.581 -21.176 0.285714
49682 27.781 -17.009 -21.291 0.285714
49683 26.211 -18.037 -21.402 0.142857
49684 23.229 -17.272 -21.270 0.142857
49696 27.161 -17.041 -22.050 0.285714
49697 26.308 -17.477 -22.032 0.285714
49698 24.676 -17.112 -21.773 0.571429
49699 23.899 -16.718 -21.506 0.142857
50476 29.096 -15.970 -20.942 0.142857
50477 28.420 -16.458 -21.093 0.142857
50478 28.448 -15.664 -21.359 0.142857
50488 27.741 -16.221 -21.734 0.285714
50489 27.008 -16.326 -22.372 0.571429
50490 25.800 -16.850 -22.341 0.428571
50491 25.212 -16.130 -22.529 0.428571
50492 24.524 -16.355 -21.905 0.285714
50493 23.703 -15.890 -21.659 0.285714
50500 26.170 -16.227 -22.573 0.571429
51276 29.167 -15.032 -21.092 0.142857
51285 28.369 -14.918 -21.520 0.142857
51286 27.420 -15.554 -22.187 0.285714
51287 27.176 -14.849 -22.422 0.285714
51288 24.332 -15.608 -22.245 0.428571
51289 23.438 -15.196 -22.162 0.285714
51298 26.677 -15.567 -22.595 0.571429
51299 25.803 -15.528 -22.913 0.571429
51300 24.859 -15.239 -23.027 0.428571
51301 24.089 -14.939 -22.558 0.428571
52047 28.730 -14.205 -21.302 0.142857
52048 28.168 -13.580 -21.599 0.142857
52049 27.572 -14.179 -21.973 0.285714
52060 26.970 -14.014 -22.620 0.428571
52061 25.547 -14.798 -23.283 0.571429
52062 26.173 -14.088 -23.234 0.571429
52063 24.723 -13.947 -23.543 0.428571
52076 25.354 -14.051 -23.559 0.428571
52803 28.556 -12.859 -21.468 0.142857
52810 27.835 -12.756 -21.883 0.142857
52811 27.193 -13.104 -22.544 0.714286
52812 26.660 -13.396 -23.051 0.571429
52813 24.386 -13.216 -23.748 0.142857
52828 25.934 -13.200 -23.550 0.571429
52829 25.081 -13.413 -24.025 0.428571
52830 25.501 -12.760 -24.202 0.285714
52839 24.776 -12.632 -24.466 0.285714
53593 29.225 -11.658 -21.400 0.142857
53594 28.537 -12.153 -21.602 0.142857
53610 27.964 -11.925 -22.205 0.428571
53611 26.840 -12.554 -23.180 0.428571
53612 27.055 -11.782 -23.864 0.714286
53623 26.276 -12.370 -24.040 0.428571
53624 26.489 -11.601 -24.501 0.714286
53634 25.590 -12.045 -24.667 0.285714
53635 24.880 -11.905 -24.927 0.285714
54380 28.566 -11.392 -21.858 0.142857
54390 28.030 -11.147 -22.507 0.857143
54391 27.603 -10.906 -23.472 0.714286
54400 27.168 -10.963 -24.428 0.714286
54409 26.580 -10.838 -24.966 0.571429
54410 25.976 -11.347 -24.948 0.428571
54420 25.939 -10.798 -25.378 0.285714
55148 28.692 -10.716 -22.154 0.142857
55160 29.071 -10.021 -22.365 0.428571
55161 28.285 -10.400 -22.819 0.714286
55171 28.014 -10.109 -23.553 0.714286
55172 27.624 -10.150 -24.273 0.571429
55181 27.301 -10.118 -25.107 0.714286
55188 26.622 -10.163 -25.485 0.571429
55918 30.110 -8.631 -22.713 0.285714
55919 28.618 -9.683 -23.223 0.714286
55920 29.337 -9.160 -22.904 0.142857
55926 29.012 -9.065 -23.848 0.857143
55927 28.195 -9.473 -24.088 0.571429
55928 28.706 -8.933 -24.823 0.714286
55934 27.800 -9.428 -25.627 0.714286
55935 28.360 -9.025 -25.657 0.714286
55942 28.063 -8.991 -26.028 0.714286
55943 27.245 -9.658 -25.621 0.714286
55951 27.461 -8.860 -26.169 0.428571
55952 26.654 -8.685 -26.308 0.142857
56676 30.815 -8.228 -22.581 0.142857
56694 29.666 -8.490 -23.509 0.285714
56695 30.372 -7.978 -23.288 0.142857
56707 29.991 -7.936 -24.092 0.857143
56708 29.370 -8.493 -24.393 0.857143
56712 29.530 -8.023 -24.991 0.857143
56713 29.058 -7.964 -25.775 0.571429
56719 28.556 -8.530 -26.040 0.571429
56725 28.069 -8.391 -26.324 0.714286
56726 27.246 -8.120 -26.455 0.285714
56727 26.336 -7.869 -26.521 0.142857
57482 30.149 -7.399 -24.499 0.857143
57483 30.612 -6.950 -24.060 0.714286
57489 30.267 -6.751 -24.646 0.857143
57490 29.612 -7.169 -25.202 0.571429
57491 29.359 -6.344 -25.580 0.714286
57496 28.898 -7.114 -25.862 0.714286
57497 28.546 -7.867 -26.254 0.714286
57505 27.754 -7.402 -26.475 0.714286
57506 26.852 -7.259 -26.669 0.428571
58284 30.942 -5.970 -23.714 0.285714
58285 30.648 -6.340 -24.195 0.571429
58295 30.312 -6.015 -24.739 0.714286
58296 29.831 -5.722 -25.256 0.857143
58302 29.212 -5.486 -25.795 0.714286
58303 28.604 -6.139 -26.201 0.571429
58310 27.844 -6.382 -26.571 0.714286
58311 27.119 -6.516 -26.751 0.571429
58320 26.453 -5.865 -27.053 0.142857
59084 31.666 -4.629 -23.485 0.142857
59085 30.670 -5.545 -24.311 0.571429
59086 31.070 -5.098 -23.826 0.142857
59096 30.738 -4.638 -24.491 0.428571
59097 30.308 -5.178 -24.921 0.714286
59101 29.799 -4.889 -25.461 0.857143
59102 29.036 -4.620 -25.822 1.000000
59103 28.547 -5.207 -26.290 0.714286
59109 27.950 -4.861 -26.558 0.714286
59110 27.336 -5.086 -26.826 0.571429
59111 26.585 -4.484 -27.012 0.142857
59118 26.103 -5.092 -27.387 0.142857
59801 31.802 -3.652 -23.749 0.142857
59802 31.272 -4.143 -24.159 0.142857
59818 30.861 -3.744 -24.722 0.428571
59819 30.372 -4.296 -25.158 0.857143
59829 29.769 -4.065 -25.499 0.857143
59830 29.074 -3.857 -25.641 0.714286
59831 27.878 -4.235 -26.215 0.714286
59832 28.462 -4.094 -25.885 0.714286
59833 27.220 -3.555 -26.140 0.571429
59841 27.281 -4.364 -26.572 0.714286
60532 31.904 -2.735 -24.006 0.142857
60533 31.395 -3.242 -24.412 0.142857
60543 30.907 -2.970 -24.758 0.571429
60544 30.340 -3.494 -25.090 0.857143
60552 29.440 -3.220 -25.272 0.857143
60553 28.539 -3.393 -25.593 0.857143
60554 27.740 -2.907 -25.713 0.857143
60561 26.471 -3.050 -26.526 0.571429
61296 31.395 -2.421 -24.431 0.142857
61305 30.740 -2.226 -24.578 0.857143
61306 30.142 -2.770 -24.765 0.857143
61307 29.355 -2.349 -24.920 0.857143
61314 28.606 -2.626 -25.374 0.857143
61315 27.874 -2.124 -25.550 0.714286
61316 26.372 -2.163 -26.437 0.285714
61317 27.057 -1.821 -25.865 0.571429
61324 25.836 -2.588 -27.141 0.285714
61325 25.763 -1.684 -26.810 0.142857
61326 25.353 -2.009 -27.292 0.142857
61331 25.173 -2.550 -27.571 0.142857
61968 31.221 -1.644 -24.290 0.142857
61969 31.665 -1.013 -23.805 0.142857
61970 30.794 -0.925 -23.826 0.285714
61980 30.318 -1.525 -24.278 0.857143
61981 28.572 -1.859 -25.186 0.857143
61982 29.254 -1.508 -24.550 0.857143
61983 28.327 -1.271 -24.871 0.857143
61991 27.764 -1.440 -25.400 0.857143
61992 27.044 -0.851 -25.748 0.857143
61993 26.384 -1.294 -26.279 0.714286
61998 25.749 -0.739 -26.627 0.142857
61999 25.182 -1.264 -27.224 0.142857
62669 30.406 -0.253 -23.610 0.285714
62670 29.674 -0.709 -23.926 0.857143
62671 29.683 0.197 -23.594 0.857143
62672 28.712 0.063 -23.907 0.857143
62680 27.721 -0.736 -25.022 0.857143
62681 27.719 0.124 -24.622 0.857143
62682 27.182 -0.190 -25.301 0.857143
62690 26.652 -0.067 -25.798 0.857143
62691 26.091 0.053 -26.261 0.285714
62696 25.465 0.151 -26.700 0.142857
63310 29.859 0.902 -23.271 0.571429
63311 28.922 0.848 -23.515 0.857143
63312 28.056 0.861 -24.037 0.857143
63320 27.288 1.065 -24.688 0.857143
63321 26.828 0.579 -25.304 0.714286
63330 26.281 1.090 -25.696 0.714286
63331 25.725 0.912 -26.122 0.142857
63909 31.074 1.759 -23.015 0.142857
63910 30.161 1.552 -22.908 0.285714
63911 29.218 1.574 -23.133 0.857143
63912 27.618 1.522 -24.257 0.714286
63913 28.252 1.669 -23.625 0.857143
63914 27.476 2.166 -24.196 0.714286
63927 26.625 1.468 -25.294 0.714286
63928 27.018 1.814 -24.733 0.571429
63929 26.379 2.276 -25.310 0.714286
63936 25.929 1.850 -25.814 0.285714
63943 24.779 2.454 -26.559 0.142857
63945 24.194 2.907 -26.773 0.142857
64532 30.925 3.031 -22.560 0.142857
64533 29.563 2.228 -22.619 0.857143
64534 28.663 2.290 -22.963 0.857143
64535 27.906 2.562 -23.562 0.857143
64536 26.834 2.418 -24.661 0.714286
64537 27.114 2.963 -24.167 0.714286
64538 26.356 2.921 -24.887 0.571429
64547 25.884 2.912 -25.589 0.428571
64553 25.501 3.552 -25.963 0.285714
64554 25.441 2.784 -26.188 0.285714
64560 24.734 3.269 -26.586 0.142857
64561 23.909 3.729 -26.668 0.142857
65144 30.843 3.802 -22.620 0.142857
65146 29.971 3.122 -22.359 0.285714
65147 30.037 4.185 -22.215 0.428571
65148 28.920 3.748 -22.393 0.857143
65162 28.259 3.056 -22.782 0.857143
65163 27.646 3.270 -23.457 0.857143
65164 27.155 3.836 -23.807 0.571429
65165 26.457 3.629 -24.522 0.714286
65176 25.869 3.546 -25.272 0.428571
65186 25.370 4.251 -25.622 0.428571
65187 25.091 4.107 -26.124 0.285714
65199 24.520 4.381 -26.375 0.285714
65811 30.963 4.722 -22.448 0.142857
65812 30.141 5.092 -22.121 0.428571
65813 27.866 4.009 -22.950 0.857143
65814 29.241 4.704 -22.120 0.571429
65815 27.843 5.044 -22.666 0.857143
65816 27.228 4.715 -23.457 0.714286
65827 26.534 4.455 -24.214 0.714286
65828 26.636 5.313 -23.978 0.714286
65836 25.694 5.072 -24.620 0.571429
65837 25.136 5.175 -25.552 0.571429
65843 24.563 5.437 -26.189 0.571429
65849 24.009 5.202 -26.458 0.428571
66445 30.896 5.608 -22.488 0.142857
66446 30.014 5.930 -22.269 0.428571
66447 29.037 6.172 -21.950 0.857143
66448 28.038 6.042 -22.391 0.857143
66449 27.186 5.627 -23.081 0.857143
66461 26.575 6.149 -23.749 0.714286
66462 25.981 5.828 -24.357 0.714286
66463 25.892 6.583 -24.490 0.714286
66469 24.880 6.059 -26.041 0.571429
66475 24.091 6.078 -26.359 0.428571
66476 24.491 6.561 -25.989 0.428571
66477 23.152 6.718 -25.539 0.142857
67095 29.847 6.765 -22.267 0.571429
67096 28.975 7.150 -22.178 0.714286
67097 28.147 6.973 -22.581 0.714286
67098 27.333 6.554 -23.105 0.714286
67107 26.669 6.984 -23.849 0.714286
67108 26.004 7.250 -24.378 0.714286
67109 25.558 7.100 -25.047 0.571429
67115 25.108 6.735 -25.655 0.571429
67116 22.786 7.015 -25.010 0.142857
67119 24.460 7.205 -25.783 0.571429
67120 23.875 6.763 -25.984 0.428571
67121 23.391 7.151 -25.443 0.142857
67693 29.785 7.568 -22.379 0.571429
67694 29.125 7.925 -22.396 0.428571
67695 28.429 7.804 -22.594 0.571429
67696 27.488 7.580 -23.285 0.571429
67708 26.466 7.792 -24.040 0.428571
67709 25.785 7.757 -24.868 0.571429
67718 25.432 8.261 -25.432 0.571429
67719 25.132 7.593 -25.541 0.428571
67720 23.027 7.511 -24.758 0.142857
67728 24.636 7.871 -25.630 0.571429
67729 23.877 7.681 -25.465 0.428571
68382 30.558 8.564 -22.858 0.142857
68383 29.720 8.431 -22.565 0.142857
68384 28.798 8.559 -22.608 0.571429
68385 27.975 8.500 -23.001 0.571429
68386 28.444 9.313 -23.026 0.571429
68402 30.724 9.185 -23.287 0.142857
68403 27.662 9.056 -23.451 0.571429
68404 26.880 9.285 -24.067 0.428571
68405 26.113 8.572 -24.724 0.571429
68418 25.315 8.894 -25.898 0.285714
68419 24.930 8.432 -25.803 0.571429
68420 23.570 8.212 -25.001 0.428571
68432 24.518 8.550 -25.653 0.571429
68433 24.163 8.951 -25.367 0.285714
69115 29.971 9.228 -22.873 0.142857
69116 29.240 9.135 -22.728 0.285714
69128 30.234 9.813 -23.466 0.142857
69129 29.284 9.813 -23.267 0.142857
69130 27.787 9.664 -23.760 0.571429
69131 27.091 9.914 -24.708 0.285714
69132 24.124 9.384 -24.714 0.142857
69141 26.027 9.427 -25.285 0.285714
69142 25.167 9.322 -26.959 0.285714
69143 24.933 9.119 -26.669 0.142857
69144 24.347 9.627 -25.726 0.142857
69157 24.704 9.378 -26.611 0.142857
69819 29.763 10.454 -23.979 0.142857
69820 28.851 10.472 -24.015 0.142857
69821 24.487 11.296 -23.842 0.142857
69829 30.230 11.064 -24.581 0.142857
69830 29.242 11.116 -24.589 0.142857
69831 28.295 10.975 -24.827 0.142857
69832 26.011 10.252 -25.795 0.285714
69833 24.518 11.275 -26.392 0.142857
69841 26.079 11.032 -26.726 0.285714
69842 24.876 9.946 -27.682 0.285714
69843 24.719 10.164 -27.559 0.285714
70509 24.346 12.696 -22.339 0.142857
70512 24.396 12.571 -23.434 0.142857
70516 24.443 12.530 -24.426 0.142857
70521 30.583 11.478 -25.331 0.142857
70522 29.635 11.585 -25.300 0.142857
70523 28.649 11.607 -25.471 0.142857
70524 27.504 11.423 -26.000 0.142857
70525 24.323 12.568 -25.540 0.142857
70530 30.012 12.206 -25.808 0.142857
70531 29.043 12.329 -25.948 0.142857
70532 28.010 12.240 -26.694 0.142857
70533 26.628 12.090 -27.576 0.142857
70534 26.999 13.654 -28.050 0.142857
70535 24.846 10.853 -28.103 0.285714
70536 24.519 11.555 -27.819 0.285714
70544 25.483 13.334 -28.862 0.142857
71138 24.165 13.645 -24.965 0.142857
71145 29.468 12.885 -26.517 0.142857
71146 28.430 13.163 -26.953 0.142857
71153 29.904 13.645 -26.738 0.142857
71705 25.423 15.311 -29.213 0.142857
90061 24.484 11.663 -22.749 0.142857
90128 28.541 -0.692 -24.422 0.857143
90160 27.767 -14.878 -21.910 0.285714
90242 27.538 -19.366 -19.588 0.142857
90658 30.562 2.351 -22.622 0.142857
91006 27.125 8.478 -23.712 0.428571
91047 26.321 0.531 -25.859 0.428571
91784 25.041 3.688 -26.372 0.142857
91848 30.516 -7.445 -23.734 0.428571
92020 30.525 0.394 -23.449 0.142857
92045 23.575 -19.705 -21.042 0.285714
92054 25.168 10.471 -28.018 0.285714
92477 22.636 -20.273 -18.981 0.142857
92772 26.149 -20.785 -19.913 0.285714
93039 24.362 -14.443 -23.000 0.428571
93133 30.736 1.072 -23.274 0.142857
93223 24.896 9.518 -27.326 0.285714
93242 26.434 -14.840 -22.929 0.571429
93291 25.410 -17.403 -22.035 0.428571
93374 24.297 12.602 -26.835 0.142857
93434 24.328 10.471 -25.210 0.285714
93795 27.854 14.370 -27.851 0.142857
94235 31.966 -1.811 -24.017 0.142857
94300 24.778 4.751 -26.042 0.428571
94388 25.248 11.686 -28.339 0.285714
94686 28.277 -17.779 -20.097 0.285714
94827 24.695 -22.450 -20.917 0.142857
94877 23.356 -22.497 -17.784 0.142857
94941 30.476 7.191 -22.519 0.285714
95303 29.392 5.427 -21.996 0.571429
95732 29.004 2.835 -22.497 0.857143
95839 26.721 -3.810 -26.662 0.285714
95880 27.385 -11.727 -22.875 0.571429
96421 26.678 -9.401 -25.953 0.142857
96471 27.962 -5.558 -26.652 0.714286
96479 26.921 -2.643 -25.951 0.714286
97383 24.850 13.004 -28.893 0.142857
97443 27.429 -12.397 -22.526 0.714286
97778 24.929 -1.963 -27.508 0.142857
97876 27.995 -9.546 -25.023 0.714286
98880 25.816 4.234 -24.846 0.571429
99539 28.629 5.314 -22.142 0.857143
99828 26.399 -0.564 -26.160 0.714286
100266 25.529 6.061 -25.303 0.571429
100279 25.360 10.058 -27.244 0.285714
100293 24.079 13.524 -24.112 0.142857
100309 28.292 -6.995 -26.239 0.714286
100718 28.899 -8.500 -25.497 0.571429
100742 23.325 -19.055 -21.104 0.285714
101505 24.309 11.613 -25.048 0.142857
102248 27.270 -5.766 -26.863 0.428571
102440 27.504 -13.508 -22.050 0.285714
102820 23.275 -20.792 -19.203 0.285714
102962 27.286 10.605 -25.343 0.285714
103113 26.764 -5.281 -27.041 0.285714
103234 26.536 -16.839 -22.356 0.571429
103290 28.460 4.547 -22.421 0.714286
103438 24.946 -14.599 -23.425 0.428571
103447 24.438 10.098 -26.445 0.142857
103803 31.238 -0.164 -23.557 0.142857
103856 27.936 -3.664 -25.868 0.857143
103901 29.961 -2.077 -24.563 0.857143
104595 28.109 -14.344 -21.628 0.285714
104609 23.692 8.506 -24.648 0.428571
104931 23.392 6.314 -25.907 0.142857
105025 31.187 0.617 -23.424 0.142857
105028 28.014 10.298 -24.283 0.428571
106018 29.878 -6.409 -25.046 0.857143
106244 25.516 6.639 -25.194 0.571429
106284 23.922 7.201 -25.769 0.285714
106512 25.131 -16.801 -22.168 0.571429
106720 29.143 -8.485 -24.969 0.571429
106837 24.107 -19.804 -21.262 0.285714
106860 27.540 -9.275 -25.873 0.714286
106916 28.571 6.599 -22.232 0.714286
107203 28.382 -4.639 -26.195 0.857143
107252 24.453 -22.025 -20.556 0.142857
107360 25.874 2.460 -25.737 0.428571
107486 27.942 -15.437 -21.735 0.285714
107849 27.355 -2.348 -25.763 0.857143
107869 27.757 -17.456 -20.690 0.285714
108061 28.489 9.944 -23.585 0.571429
108463 25.449 4.666 -25.118 0.571429
108464 30.827 -6.562 -23.705 0.285714
108489 29.152 -10.494 -21.937 0.285714
108531 24.246 11.073 -22.964 0.142857
108889 24.243 -18.289 -21.541 0.285714
109040 24.434 3.939 -26.534 0.285714
